/*--------------------------------*- C++ -*----------------------------------*\
  =========                 |
  \\      /  F ield         | OpenFOAM: The Open Source CFD Toolbox
   \\    /   O peration     | Website:  https://openfoam.org
    \\  /    A nd           | Version:  10
     \\/     M anipulation  |
\*---------------------------------------------------------------------------*/
FoamFile
{
    format      ascii;
    class       faceSet;
    location    "constant/polyMesh/sets";
    object      layerFaces;
}
// * * * * * * * * * * * * * * * * * * * * * * * * * * * * * * * * * * * * * //


1144
(
24577 
24582 
24584 
24587 
24589 
24592 
24595 
24600 
24601 
24602 
24605 
24610 
24612 
24615 
24617 
24620 
24621 
24622 
24625 
24630 
24632 
24635 
24637 
24640 
24641 
24642 
24645 
24650 
24652 
24655 
24657 
24660 
24661 
24662 
24665 
24670 
24673 
24678 
24680 
24683 
24685 
24688 
24690 
24693 
24695 
24698 
24700 
24703 
24706 
24711 
24713 
24716 
24718 
24721 
24724 
24729 
24731 
24734 
24737 
24742 
24745 
24750 
24751 
24752 
20656 
24754 
24757 
20661 
24759 
24762 
24764 
20670 
24767 
24769 
20675 
24772 
24775 
24780 
20684 
24782 
20688 
24785 
24788 
20695 
24793 
24794 
24795 
20700 
24798 
24803 
24805 
20709 
24808 
24810 
20714 
24813 
24814 
24815 
24818 
20723 
24823 
20728 
24825 
24828 
24830 
24833 
20737 
24834 
24835 
24838 
20742 
24843 
24845 
20751 
24848 
24850 
20756 
24853 
24854 
24855 
24858 
20765 
24863 
20769 
24866 
24871 
20776 
24873 
24876 
20781 
24878 
24881 
24883 
24886 
20790 
24888 
20794 
24891 
24893 
24896 
20801 
24899 
20805 
24904 
24906 
20812 
24909 
24911 
20815 
24914 
20820 
24917 
20824 
24922 
24924 
24927 
20831 
24930 
20835 
24935 
24937 
20842 
24940 
24941 
24942 
20847 
24944 
24947 
24949 
24952 
20856 
24954 
20859 
24957 
24959 
20864 
24962 
24964 
20868 
24967 
24969 
20875 
24972 
24973 
24974 
20879 
24977 
24982 
20886 
24984 
24987 
20891 
24989 
24992 
24993 
24994 
20900 
24997 
20903 
25002 
25004 
20908 
25007 
20911 
25009 
25012 
20916 
25013 
25014 
20920 
25017 
25022 
20927 
25024 
25027 
20932 
25029 
25032 
25033 
25034 
25037 
20941 
20945 
25042 
25045 
20952 
25050 
20955 
25052 
25055 
20960 
25057 
25060 
20964 
25062 
25065 
25066 
20971 
20975 
20982 
20987 
20996 
20999 
21004 
21008 
21015 
21019 
21026 
21031 
21040 
21043 
21048 
21052 
21059 
21063 
21070 
21075 
21084 
21087 
21092 
21096 
21103 
21106 
21111 
21115 
21122 
21126 
21133 
21138 
21147 
21150 
21155 
21159 
21166 
21170 
21177 
21182 
21191 
21194 
21199 
21203 
21210 
21214 
21221 
21226 
21235 
21238 
21243 
21247 
21254 
21257 
21262 
21266 
21273 
21277 
21284 
21289 
21298 
21301 
21306 
21310 
21317 
21321 
21328 
21333 
21342 
21345 
21350 
21354 
21361 
21365 
21372 
21377 
21386 
21389 
21394 
21398 
21405 
21408 
21413 
21417 
21424 
21428 
21435 
21440 
21449 
21452 
21457 
21461 
21468 
21472 
21479 
21484 
21493 
21496 
21501 
21505 
21512 
21516 
21523 
21528 
21537 
21540 
21545 
21549 
21556 
21559 
21564 
21568 
21575 
21579 
21586 
21591 
21600 
21603 
21608 
21612 
21619 
21623 
21630 
21635 
21644 
21647 
21652 
21656 
21663 
21667 
21674 
21679 
21688 
21691 
21696 
21700 
21707 
21710 
21715 
21719 
21726 
21729 
21734 
21738 
21745 
21748 
21753 
21757 
21764 
21767 
21772 
21776 
21783 
21786 
21791 
21795 
21802 
21805 
21810 
21814 
21821 
21824 
21829 
21832 
21837 
21841 
21848 
21852 
21859 
21862 
21867 
21871 
21878 
21882 
21889 
21892 
21897 
21899 
21902 
21906 
21913 
21915 
21918 
21922 
21929 
21933 
21940 
21943 
21948 
21952 
21959 
21963 
21970 
21973 
21978 
21982 
21989 
21993 
22000 
22003 
22008 
22012 
22019 
22023 
22030 
22033 
22038 
22041 
22046 
22049 
22054 
22055 
22056 
22059 
22064 
22067 
22072 
22074 
22077 
22081 
22088 
22091 
22096 
22099 
22104 
22106 
22109 
22113 
22120 
22122 
22125 
22128 
22133 
22136 
22141 
22144 
22149 
22151 
22154 
22158 
22165 
22167 
22170 
22174 
22181 
22184 
22189 
22192 
22197 
22200 
22205 
22208 
22213 
22215 
22218 
22222 
22229 
22231 
22234 
22238 
22245 
22248 
22253 
22256 
22261 
22264 
22269 
22272 
22277 
22279 
22282 
22285 
22290 
22292 
22295 
22299 
22306 
22309 
22314 
22317 
22322 
22324 
22327 
22331 
22338 
22341 
22346 
22349 
22354 
22356 
22359 
22363 
22370 
22372 
22375 
22379 
22386 
22389 
22394 
22397 
22402 
22405 
22410 
22413 
22418 
22420 
22423 
22427 
22434 
22436 
22439 
22443 
22450 
22453 
22458 
22461 
22466 
22469 
22474 
22477 
22482 
22484 
22487 
22491 
22498 
22500 
22503 
22507 
22514 
22517 
22522 
22525 
22530 
22533 
22538 
22541 
22546 
22548 
22551 
22555 
22562 
22566 
22573 
22576 
22581 
22584 
22589 
22591 
22594 
22598 
22605 
22607 
22610 
22614 
22621 
22624 
22629 
22632 
22637 
22640 
22645 
22648 
22653 
22655 
22658 
22662 
22669 
22671 
22674 
22678 
22685 
22688 
22693 
22696 
22701 
22704 
22709 
22712 
22717 
22719 
22722 
22726 
22733 
22735 
22738 
22742 
22749 
22752 
22757 
22760 
22765 
22768 
22773 
22776 
22781 
22783 
22786 
22790 
22797 
22801 
22808 
22811 
22816 
22819 
22824 
22826 
22829 
22833 
22840 
22842 
22845 
22849 
22856 
22859 
22864 
22867 
22872 
22875 
22880 
22883 
22888 
22890 
22893 
22897 
22904 
22906 
22909 
22913 
22920 
22923 
22928 
22931 
22936 
22939 
22944 
22947 
22952 
22954 
22957 
22961 
22968 
22970 
22973 
22977 
22984 
22987 
22992 
22995 
23000 
23003 
23008 
23011 
23016 
23018 
23021 
23025 
23032 
23035 
23040 
23043 
23048 
23050 
23053 
23057 
23064 
23066 
23069 
23073 
23080 
23083 
23088 
23091 
23096 
23099 
23104 
23107 
23112 
23114 
23117 
23121 
23128 
23130 
23133 
23137 
23144 
23147 
23152 
23155 
23160 
23163 
23168 
23171 
23176 
23178 
23181 
23185 
23192 
23194 
23197 
23201 
23208 
23211 
23216 
23219 
23224 
23227 
23232 
23235 
23240 
23242 
23245 
23249 
23256 
23260 
23267 
23270 
23275 
23278 
23283 
23285 
23288 
23292 
23299 
23301 
23304 
23308 
23315 
23318 
23323 
23326 
23331 
23334 
23339 
23342 
23347 
23349 
23352 
23356 
23363 
23365 
23368 
23372 
23379 
23382 
23387 
23390 
23395 
23398 
23403 
23406 
23411 
23413 
23416 
23420 
23427 
23429 
23432 
23436 
23443 
23446 
23451 
23454 
23459 
23462 
23467 
23470 
23475 
23479 
23486 
23488 
23491 
23495 
23502 
23505 
23510 
23513 
23518 
23520 
23523 
23527 
23534 
23537 
23542 
23544 
23547 
23549 
23552 
23555 
23560 
23563 
23568 
23571 
23576 
23578 
23581 
23585 
23592 
23595 
23600 
23602 
23605 
23607 
23610 
23613 
23618 
23621 
23626 
23629 
23634 
23636 
23639 
23643 
23650 
23653 
23658 
23660 
23663 
23665 
23668 
23671 
23676 
23679 
23684 
23687 
23692 
23696 
23703 
23706 
23711 
23713 
23716 
23719 
23724 
23728 
23735 
23738 
23743 
23746 
23751 
23753 
23756 
23760 
23767 
23770 
23775 
23778 
23783 
23785 
23788 
23792 
23799 
23802 
23807 
23810 
23815 
23819 
23826 
23829 
23834 
23836 
23839 
23844 
23853 
23856 
23861 
23864 
23869 
23872 
23877 
23882 
23891 
23894 
23899 
23902 
23907 
23910 
23915 
23917 
23920 
23925 
23934 
23936 
23939 
23942 
23947 
23950 
23955 
23960 
23969 
23972 
23977 
23980 
23985 
23987 
23990 
23995 
24004 
24006 
24009 
24012 
24017 
24020 
24025 
24029 
24036 
24039 
24044 
24047 
24052 
24054 
24057 
24059 
24062 
24065 
24070 
24073 
24078 
24080 
24083 
24085 
24088 
24089 
24090 
24092 
24095 
24096 
24097 
24100 
24105 
24107 
24110 
24112 
24115 
24116 
24117 
24120 
24125 
24127 
24130 
24132 
24135 
24136 
24137 
24140 
24145 
24147 
24150 
24152 
24155 
24156 
24157 
24159 
24162 
24163 
24164 
24167 
24172 
24174 
24177 
24179 
24182 
24183 
24184 
24187 
24192 
24194 
24197 
24199 
24202 
24203 
24204 
24207 
24212 
24214 
24217 
24219 
24222 
24223 
24224 
24227 
24232 
24235 
24240 
24242 
24245 
24247 
24250 
24252 
24255 
24257 
24260 
24262 
24265 
24267 
24270 
24271 
24272 
24275 
24280 
24282 
24285 
24287 
24290 
24291 
24292 
24295 
24300 
24302 
24305 
24307 
24310 
24311 
24312 
24315 
24320 
24322 
24325 
24327 
24330 
24331 
24332 
24335 
24340 
24343 
24348 
24350 
24353 
24355 
24358 
24360 
24363 
24365 
24368 
24370 
24373 
24376 
24381 
24383 
24386 
24388 
24391 
24394 
24399 
24401 
24404 
24406 
24409 
24412 
24417 
24418 
24419 
24422 
24427 
24429 
24432 
24434 
24437 
24438 
24439 
24442 
24447 
24449 
24452 
24454 
24457 
24458 
24459 
24462 
24467 
24469 
24472 
24474 
24477 
24478 
24479 
24482 
24487 
24490 
24495 
24497 
24500 
24502 
24505 
24507 
24510 
24512 
24515 
24517 
24520 
24523 
24528 
24530 
24533 
24535 
24538 
24541 
24546 
24548 
24551 
24554 
24559 
24562 
24567 
24568 
24569 
24571 
24574 
)

// ************************************************************************* //
