/*--------------------------------*- C++ -*----------------------------------*\
  =========                 |
  \\      /  F ield         | OpenFOAM: The Open Source CFD Toolbox
   \\    /   O peration     | Website:  https://openfoam.org
    \\  /    A nd           | Version:  10
     \\/     M anipulation  |
\*---------------------------------------------------------------------------*/
FoamFile
{
    format      ascii;
    class       volScalarField;
    location    "2000";
    object      k;
}
// * * * * * * * * * * * * * * * * * * * * * * * * * * * * * * * * * * * * * //

dimensions      [0 2 -2 0 0 0 0];

internalField   nonuniform List<scalar> 
8643
(
2.24312
2.28469
2.07869
2.03331
2.04958
2.00839
2.48337
2.06643
2.07094
2.00963
1.99129
1.95469
1.91718
2.42866
2.03743
2.00834
1.99353
1.95606
1.92152
1.87535
1.84814
2.27019
2.21533
2.15038
1.92173
1.92393
1.9175
1.88515
1.84911
1.8042
1.7781
2.02116
2.01979
1.95414
1.8483
1.84251
1.83763
1.81028
1.77419
1.73234
1.70605
2.24312
2.28469
2.07845
2.03313
2.04956
2.0085
2.41464
2.06772
2.07117
2.00973
1.99151
1.95485
1.9173
2.38102
1.96227
2.00875
1.99378
1.95626
1.92169
1.8755
1.84824
2.20918
2.19345
2.05305
1.91609
1.92459
1.91769
1.88529
1.84923
1.80431
1.77818
2.01928
2.01512
1.94809
1.84544
1.84322
1.83776
1.81039
1.77428
1.73243
1.70613
2.24296
2.28444
2.07803
2.03291
2.04935
2.00846
2.2816
2.06794
2.07129
2.00974
1.99162
1.95492
1.91738
2.3423
1.95825
2.00897
1.99398
1.95643
1.92184
1.87563
1.84834
2.18841
2.17306
2.05035
1.91401
1.92492
1.91787
1.88544
1.84936
1.80442
1.77828
2.01849
2.01331
1.94655
1.84588
1.84349
1.83791
1.81052
1.77441
1.73253
1.70622
2.24314
2.28429
2.07785
2.03277
2.04921
2.00838
2.24078
2.06735
2.07135
2.00971
1.99166
1.95493
1.91742
2.31369
1.95376
2.00894
1.9941
1.95651
1.92193
1.87571
1.84841
2.17263
2.15562
2.04755
1.9119
1.92507
1.91801
1.88555
1.84946
1.80451
1.77835
2.01711
2.01178
1.94513
1.84613
1.84367
1.83802
1.81063
1.77451
1.73262
1.7063
2.24369
2.28433
2.07783
2.03265
2.04912
2.00832
2.24601
2.06612
2.07137
2.00967
1.99167
1.95491
1.91743
2.30477
1.9493
2.00873
1.99416
1.95656
1.92199
1.87575
1.84845
2.16301
2.14089
2.04456
1.90964
1.92508
1.91809
1.88561
1.84953
1.80457
1.77841
2.01531
2.01
1.94365
1.8461
1.84379
1.8381
1.8107
1.77457
1.73268
1.70636
2.24426
2.28447
2.07789
2.03254
2.04906
2.00828
2.26756
2.06451
2.07137
2.00963
1.99166
1.95489
1.91744
1.94562
2.00837
1.99419
1.95659
1.92202
1.87578
1.84848
2.13041
2.04177
1.90739
1.92499
1.91814
1.88565
1.84957
1.8046
1.77844
2.01332
2.00803
1.94213
1.84584
1.84387
1.83816
1.81074
1.77462
1.73272
1.7064
2.24458
2.28461
2.07796
2.03246
2.04901
2.00825
2.2939
2.06278
2.07135
2.00961
1.99165
1.95488
1.91743
1.94324
2.00793
1.99419
1.9566
1.92203
1.87579
1.84849
1.90528
1.92481
1.91817
1.88567
1.84959
1.80463
1.77846
1.84543
1.8439
1.8382
1.81077
1.77464
1.73275
1.70642
2.24457
2.28471
2.07804
2.32063
2.0611
2.07132
2.0096
1.94245
2.00747
1.99417
1.95661
1.90343
1.92459
1.91818
1.88568
1.84492
1.8439
1.83823
1.81078
2.24427
2.34584
2.02615
2.00888
2.11845
1.92177
1.92357
2.02791
2.01659
1.95121
1.84706
1.84242
2.31982
2.22802
2.35209
2.33055
2.2817
2.29555
2.29167
2.3176
2.19723
2.19529
2.28358
2.17887
2.20283
2.08482
2.08029
2.10364
2.11118
2.17394
2.18308
2.24118
2.32531
2.38455
1.96947
2.29715
1.91876
2.56194
2.47745
2.58444
2.64646
2.20055
2.35233
2.38232
2.4234
2.38496
2.25416
2.2973
1.90426
2.23526
1.80874
2.1931
2.27165
2.17317
2.1205
2.23722
2.15241
2.23073
1.78175
2.23142
1.71347
2.113
2.22705
2.14531
2.09385
2.19926
2.12418
2.23382
1.70161
2.26054
1.67574
2.09516
2.19209
2.11767
2.12148
2.17651
2.10005
2.26443
1.67648
2.29296
1.68249
2.12676
2.17344
2.09502
2.16922
2.16961
2.08299
1.69142
1.71679
2.16995
2.08005
1.72988
1.76417
1.77852
2.06126
2.39521
2.03472
2.35252
2.33775
2.30589
2.32302
2.20331
1.66691
2.28363
1.03816
2.26114
0.810517
0.928788
2.40848
2.4093
2.38922
2.455
2.34719
2.47451
1.43951
2.12893
1.59965
2.11249
1.66435
1.65284
1.69059
2.08164
1.74454
2.08515
1.90032
1.8179
1.98377
2.13723
2.06312
2.1463
2.20066
2.13576
2.25781
2.20925
2.30789
2.21776
2.38967
2.35153
2.38731
1.22184
2.38854
1.77951
1.0041
2.83839
3.17725
3.20698
2.66024
2.01812
2.29167
2.0887
2.38782
2.04679
2.28457
2.07605
2.26461
2.1465
2.16021
2.22153
2.24856
2.13482
2.15117
2.02011
2.26406
2.05665
2.35209
1.98634
2.25425
2.03722
1.95686
2.24429
2.02023
2.31903
1.93191
2.23374
2.00393
1.91255
2.22374
1.99011
2.30534
1.89845
2.21404
1.97731
1.88998
2.20551
1.96708
2.30843
1.88635
2.19797
1.95807
1.88741
2.19197
1.95163
1.8921
1.94652
1.90007
1.94369
1.91034
1.94212
1.92256
1.94244
2.15425
2.09899
2.43813
2.06688
2.29091
2.1035
3.25913
1.91699
2.33667
3.20764
1.73203
2.2371
3.5552
1.76157
3.57551
1.81614
2.41284
2.38135
2.3226
2.41911
2.34855
2.33013
2.35496
2.3256
2.37905
2.3804
2.43412
2.32638
2.31867
2.40491
2.3084
2.40995
2.08664
1.97178
2.22095
2.23869
1.87313
2.20274
2.10499
2.06296
2.22389
1.88337
2.16884
1.86979
2.18589
2.04967
3.32132
1.81714
2.17329
3.15381
1.80404
2.0908
2.7293
1.71119
2.76967
1.71586
2.69574
1.72481
2.07909
2.67307
1.73661
2.09638
2.63406
1.90627
2.63201
1.87317
2.63618
1.93563
2.11963
2.64112
1.97019
2.16478
2.6776
2.14437
2.6701
2.1127
2.68333
2.16364
2.19194
2.69059
2.19325
2.23377
2.72461
2.31164
2.71878
2.28835
2.35185
3.27632
2.02987
3.36785
2.0577
2.34309
2.27085
2.00693
2.32329
2.06289
2.06503
2.92171
2.46861
2.72158
2.93587
2.70981
2.63216
2.67538
2.6613
2.49658
2.99512
2.18108
2.2629
2.89746
2.16875
2.42387
2.26854
2.04875
2.03403
2.25783
2.06288
2.0386
1.89306
2.16334
2.16271
2.05312
1.83849
2.0307
2.14711
2.15107
1.74692
1.78612
2.00769
2.11726
2.13151
1.98541
2.22587
2.09806
2.13776
2.22587
2.22256
2.17977
1.72226
2.09801
1.71171
1.94864
2.10404
1.96527
2.09226
2.09552
1.72673
1.71383
1.93566
2.07289
2.08181
1.92635
2.24445
2.26485
2.30575
2.24799
2.3819
2.34482
1.74838
2.10324
1.77681
1.91834
2.06551
1.92059
2.05994
2.10717
1.84596
1.80993
1.91931
2.05418
2.05612
1.92333
2.27711
2.41677
2.44944
2.28097
2.50812
2.47983
1.88325
2.14427
1.92071
1.93905
2.05395
1.93002
2.05545
2.15027
1.9922
1.95717
1.94999
2.06279
2.05841
1.96253
2.39619
2.69859
2.39728
2.32932
2.54769
2.46232
2.6363
2.50814
2.61322
2.65241
2.68803
2.60462
2.61297
2.56349
2.59251
2.32422
2.14117
2.27453
2.5495
2.45103
2.86474
2.33822
2.37092
2.68116
2.31907
2.10194
2.25433
2.20983
2.18806
2.19217
2.26129
1.31736
1.37043
1.20749
2.32309
3.30236
1.73249
3.2391
1.73791
2.24447
3.4177
1.78586
3.49644
1.75508
2.47484
2.5748
2.38023
2.32906
2.614
2.29318
2.41361
2.48235
2.42978
2.75842
2.44596
2.86011
2.34406
2.46804
2.14823
2.96207
1.75436
3.04843
1.78619
2.10066
2.88612
1.7408
2.82357
1.71585
2.07911
2.64412
1.78492
2.65477
1.76113
2.09048
2.63637
1.81362
2.63359
1.84321
2.12818
2.6519
2.0322
2.64532
1.99771
2.15555
2.65714
2.05717
2.66449
2.09057
2.20082
2.70279
2.23725
2.69603
2.20979
2.22569
2.70785
2.25127
2.71416
2.2766
2.39453
3.41002
2.16449
3.29624
2.23787
2.37928
3.50965
2.19252
3.49964
1.99691
1.39199
1.60007
1.31351
2.04757
2.00943
2.59254
2.05247
2.01873
2.01756
1.79759
1.9167
2.03664
2.03652
2.19028
2.10636
2.24296
2.7458
2.75318
2.6241
2.58225
2.6735
2.10402
2.18641
2.60527
2.96736
2.66505
2.39832
2.47091
2.55862
2.981
2.55913
2.05439
1.99708
2.01902
2.49947
2.05542
2.00158
2.01762
2.02485
1.70208
1.40663
1.86892
2.17615
1.92966
1.82355
1.99652
2.4754
2.02249
2.05125
1.95239
1.976
1.99099
1.94385
2.05548
1.8704
2.15818
2.00482
2.10923
2.19019
2.22049
1.90672
2.65228
2.87144
1.89637
2.34022
2.34048
2.19625
2.31726
2.19641
2.31785
2.17367
2.07422
2.17393
2.07422
2.11316
2.04852
2.11348
2.04846
2.07965
1.9913
2.07964
1.99117
2.02497
2.02736
2.23459
2.0839
2.11247
2.2432
2.23453
2.08443
2.11272
2.07753
2.12888
2.07507
2.2847
2.07765
2.12908
2.07525
2.13118
2.04508
2.0488
2.07859
2.13155
2.04518
2.04888
2.0203
2.0241
1.98773
2.03323
2.02033
2.02416
1.98768
2.01309
1.99536
1.95893
2.0496
2.01315
1.99543
1.95901
1.97034
2.64685
1.90201
1.96395
1.92563
1.91333
1.9541
2.34039
2.34008
2.19631
2.3179
2.19596
2.31791
2.17395
2.07424
2.17402
2.07425
2.11359
2.04844
2.11376
2.04846
2.07967
1.99125
2.07964
1.99115
2.02732
2.02819
2.23454
2.08485
2.11282
2.24296
2.23427
2.08521
2.11289
2.07762
2.12918
2.07536
2.28447
2.07756
2.12927
2.07544
2.13152
2.04524
2.04887
2.07811
2.13167
2.04529
2.04887
2.02031
2.02411
1.98756
2.03301
2.02019
2.02409
1.98749
2.01318
1.99549
1.95905
2.04939
2.01319
1.9955
1.9591
2.05377
1.98258
2.00722
2.3048
2.05076
1.95508
1.99729
2.26448
2.28455
2.2225
2.24675
2.65704
2.35458
2.08373
2.54919
2.03671
2.33245
2.33998
2.33976
2.19583
2.31787
2.19554
2.31779
2.17401
2.07427
2.17403
2.07426
2.11378
2.04847
2.11373
2.04854
2.07967
1.99125
2.07966
1.99117
2.02761
2.0271
2.23427
2.0854
2.11293
2.24304
2.23406
2.08559
2.113
2.07753
2.12927
2.07542
2.28427
2.07747
2.12928
2.07542
2.13159
2.04526
2.0488
2.07787
2.13169
2.04524
2.04879
2.0201
2.024
1.98741
2.03283
2.01997
2.02394
1.98737
2.01318
1.99549
1.95909
2.04923
2.01317
1.99545
1.95909
2.04703
1.9281
1.98872
2.24482
2.04292
1.90303
1.9805
2.21225
2.23542
2.19078
2.20736
2.38154
2.35294
1.93951
2.29664
1.94926
2.29726
2.33969
2.33957
2.19547
2.31775
2.19534
2.31766
2.174
2.07426
2.17395
2.07423
2.1137
2.04856
2.11358
2.04862
2.07969
1.99126
2.07969
1.99118
2.02618
2.02457
2.2341
2.08568
2.11304
2.24352
2.23406
2.08574
2.11309
2.07746
2.12926
2.07538
2.28426
2.07741
2.12925
2.07535
2.1316
2.0452
2.04875
2.07782
2.13165
2.04517
2.04875
2.01989
2.0239
1.98735
2.0327
2.0198
2.02387
1.98734
2.01315
1.99543
1.95906
2.04913
2.01314
1.99539
1.95905
2.03866
1.88245
1.97351
2.24238
2.03441
1.86574
1.967
2.18679
2.20063
2.18226
2.18768
2.34971
2.36573
1.96326
2.32845
1.95062
2.34271
2.33954
2.33951
2.19532
2.31761
2.19533
2.31752
2.17391
2.07423
2.17384
2.07418
2.11355
2.04863
2.11344
2.04866
2.07972
1.99128
2.07971
1.99119
2.02343
2.02117
2.23416
2.08569
2.11311
2.24412
2.23424
2.0856
2.11313
2.07741
2.12921
2.07531
2.28439
2.0774
2.1292
2.07527
2.13155
2.04513
2.04873
2.07786
2.13157
2.0451
2.04873
2.01974
2.02385
1.98734
2.03259
2.01968
2.02384
1.98734
2.01312
1.99537
1.95903
2.04906
2.0131
1.99535
1.95902
2.03033
1.85381
1.96148
2.26141
2.02654
1.84594
1.95653
2.18282
2.18562
2.18959
2.18533
2.43234
2.45652
2.03499
2.39055
2.01524
2.40707
2.3395
2.33951
2.19535
2.31748
2.19541
2.31739
2.17379
2.07417
2.17372
2.07413
2.11341
2.04866
2.11334
2.04868
2.07974
1.99128
2.07972
1.99119
2.01996
2.01749
2.23435
2.0854
2.11312
2.24453
2.23445
2.08516
2.11311
2.07741
2.12916
2.07523
2.28454
2.07741
2.12914
2.0752
2.13145
2.04507
2.04871
2.07794
2.13147
2.04505
2.04872
2.01964
2.02383
1.98734
2.0325
2.01959
2.02383
1.98734
2.01308
1.99534
1.959
2.049
2.01306
1.99532
1.95899
2.02309
1.84212
1.95245
2.28713
2.02008
1.84173
1.94896
2.18675
2.45532
2.33952
2.33955
2.19544
2.31735
2.19552
2.31728
2.17368
2.07412
2.17362
2.11332
2.04868
2.07974
2.01633
2.01404
2.23456
2.08483
2.11307
2.2446
2.23462
2.08447
2.11303
2.07743
2.12911
2.07516
2.28465
2.07744
2.1291
2.07513
2.13135
2.04503
2.04871
2.07802
2.13137
2.04502
2.04872
2.01957
2.02383
1.98735
2.03243
2.02383
1.98735
2.01304
1.99531
1.95897
2.01746
1.84427
1.94623
2.314
2.01532
1.84938
1.94409
2.33955
2.33958
2.19554
2.31725
2.013
2.01112
2.23471
2.08405
2.11296
2.24436
2.23473
2.08363
2.11289
2.07745
2.12907
2.0751
2.28472
2.07746
2.12906
2.07509
2.13126
2.04501
2.0487
2.01359
1.85632
1.94258
2.33971
2.01233
1.86499
1.94162
2.01026
2.08317
2.01145
2.14471
2.16022
2.27063
2.27066
2.14919
2.16613
2.49324
2.43037
2.49923
2.43423
2.325
2.27922
2.30672
2.27845
2.30127
2.30438
2.31014
2.27577
2.33432
2.29924
2.27821
2.14103
2.91147
2.38514
2.66532
2.37872
2.11301
2.10134
2.34064
1.67608
1.92249
1.76641
1.86434
1.80882
1.88168
1.78556
2.01013
1.95747
1.8301
1.71499
1.80829
1.87392
1.81934
1.66083
1.7492
1.88854
1.91428
1.83032
1.84311
1.57892
1.66626
1.61569
1.70157
1.83549
2.42676
2.48606
1.99701
2.30459
2.32057
1.96814
1.87545
1.87339
1.87963
1.55364
1.64556
1.75362
1.85195
1.53622
1.63593
1.89724
1.88148
1.91737
1.73417
1.52516
1.64567
1.52787
1.63688
1.96284
2.34019
2.34016
1.93756
2.31575
2.30515
1.9417
1.91922
1.9454
2.06657
1.52929
1.66142
1.68807
2.01329
1.53726
1.68249
2.0054
1.97459
2.12035
1.68297
1.56539
1.736
1.55015
1.7076
2.17378
2.4085
2.38589
1.97878
2.37413
2.35806
1.99632
2.03688
2.06837
2.27494
1.58401
1.76617
1.67464
2.22529
1.60383
1.79802
2.12943
2.09933
2.32179
1.68
1.64802
1.86223
1.62576
1.82989
2.36616
2.50409
2.48058
2.05519
2.4396
2.42347
2.07544
2.15846
2.18624
2.44632
1.67146
1.89352
1.69727
2.40749
1.69462
1.92449
2.23805
2.21284
2.48229
1.70864
1.7412
1.98204
1.71826
1.95364
2.51591
2.2621
2.28479
2.57562
1.76419
2.00845
1.73964
2.54682
1.78624
2.03391
2.32667
2.30636
2.60192
1.75357
1.82873
2.07958
1.80804
2.05722
2.62635
2.34588
2.36393
2.66919
1.84904
2.09998
1.78957
2.64855
1.86819
2.1195
1.94518
2.13496
2.32588
2.03071
2.47286
2.08862
2.30782
2.74346
2.72564
2.52603
2.55173
2.72208
2.72499
2.51966
2.5025
2.51761
1.92047
1.91968
2.63708
2.48796
2.01656
1.95051
2.54515
2.72602
2.73856
2.66828
2.63929
2.7298
2.74151
2.64776
2.59036
2.69415
2.65619
2.56928
2.63266
2.61021
2.63297
2.51089
2.46701
2.55429
2.56337
2.44055
2.44624
2.59133
2.57609
2.43975
2.44987
2.5476
2.5434
2.46643
2.45393
2.53986
2.54079
2.47644
2.49159
2.54526
2.54266
2.52735
2.54316
2.5399
2.54111
2.51769
2.50188
2.54782
2.55129
2.5673
2.55186
2.55846
2.55446
2.57483
2.58969
2.57423
2.56995
2.61528
2.62889
2.562
2.56628
2.61021
2.59597
2.5779
2.58207
2.64582
2.63284
2.58962
2.58564
2.64871
2.6611
2.60336
2.59988
2.6759
2.68722
2.593
2.59675
2.67486
2.66302
2.72642
2.70513
2.82919
2.88132
2.74221
2.75379
2.6751
2.73076
2.7239
2.41682
2.79111
2.28227
2.20711
2.24266
1.87117
2.84828
1.90492
3.2823
2.619
1.8545
1.88699
1.9118
1.91545
1.9364
1.90983
2.18831
2.33531
2.41757
2.39359
2.0235
2.00993
2.01303
2.09837
2.26307
1.95547
2.10698
1.83429
2.56091
2.02375
1.8558
2.14184
2.12269
2.38296
1.87096
1.83992
2.08709
2.29295
2.29294
2.00544
2.03169
2.13976
2.24326
2.13958
2.00537
2.03207
2.13631
2.30405
2.14459
2.28472
2.30417
2.14454
2.13626
1.99605
1.94765
1.94878
2.00846
1.99605
1.94768
1.94884
2.29294
2.29295
2.03185
2.13983
2.00559
2.24305
2.03219
2.13967
2.00569
2.13628
2.3043
2.14442
2.2846
2.13621
2.30429
2.14435
1.9961
1.94767
1.94881
2.00848
1.99606
1.94769
1.94885
1.81988
2.37292
1.78678
1.89712
1.90483
1.8981
1.88494
2.38513
2.39296
2.36672
2.35765
2.23513
2.13026
2.14663
2.19825
2.22331
2.12571
2.14275
2.2929
2.29291
2.03224
2.13976
2.00631
2.24294
2.0326
2.13953
2.00643
2.13637
2.30419
2.14441
2.28435
2.1363
2.30415
2.14439
1.99605
1.94767
1.94881
2.00841
1.996
1.94767
1.94883
1.71374
2.2643
1.70123
1.85705
1.86067
1.86625
1.85597
2.35548
2.34941
2.3484
2.36167
2.21222
2.12091
2.13885
2.17979
2.20197
2.1157
2.13439
2.29287
2.29288
2.0326
2.13965
2.00702
2.24324
2.03295
2.13949
2.00716
2.13648
2.30405
2.14456
2.28425
2.13641
2.30402
2.14456
1.99598
1.94766
1.9488
2.00834
1.99593
1.94767
1.94882
1.68905
2.23931
1.69236
1.82487
1.84793
1.83083
1.84723
2.40844
2.4071
2.394
2.42363
2.19288
2.11074
2.12994
2.16701
2.18516
2.10593
2.12537
2.29285
2.29286
2.03304
2.13993
2.00776
2.24383
2.03337
2.13987
2.00788
2.13653
2.30399
2.14471
2.28432
2.13647
2.30398
2.1447
1.99592
1.94766
1.94879
2.00829
1.99587
1.94767
1.94881
1.71377
2.25046
1.72436
1.80742
1.8484
1.80986
1.84997
2.4664
2.47307
2.45219
2.48884
2.179
2.1017
2.1211
2.16056
2.17445
2.09789
2.11702
2.29284
2.29284
2.03344
2.14046
2.00829
2.24436
2.03379
2.1404
2.00832
2.13655
2.304
2.14483
2.28447
2.1365
2.30401
2.14481
1.99587
1.94767
1.94879
2.00826
1.99583
1.94768
1.94881
1.7592
2.27388
1.77199
1.8028
1.8561
1.80241
1.85883
2.17152
2.09481
2.11349
2.09229
2.11038
2.03366
2.14091
2.0084
2.2446
2.03406
2.14082
2.00833
2.13656
2.30406
2.14492
2.2846
2.13651
2.30407
2.1449
1.94768
1.94879
1.80953
2.3006
1.82213
1.80754
1.86748
1.80517
1.87078
2.03366
2.14118
2.0081
2.24451
2.0341
2.14103
2.00793
2.13657
2.30411
2.14499
2.2847
2.13652
2.30412
2.14495
1.85777
2.32708
1.8693
1.81846
1.88066
1.81481
1.88422
2.03344
2.14123
2.00746
2.24415
2.03393
2.14103
2.00723
1.8946
2.3404
2.34048
2.26859
2.19638
2.26882
2.28691
2.31751
2.28717
2.19641
2.26909
2.26896
2.31769
2.2875
2.28734
2.27486
2.35709
2.05965
2.17379
2.35714
2.05952
2.27496
2.29088
2.14276
2.02158
2.07424
2.14274
2.02146
2.29089
2.27486
2.17385
2.35717
2.05939
2.35717
2.0595
2.27475
2.29091
2.07422
2.14265
2.02136
2.14273
2.02149
2.29082
2.32148
2.25801
2.11325
2.32153
2.25816
2.37227
2.19747
2.08472
2.04851
2.19751
2.08473
2.37223
2.11337
2.32165
2.25841
2.3216
2.25829
2.37228
2.04847
2.19745
2.08475
2.19745
2.08473
2.37228
2.13815
2.24313
2.13816
2.24311
2.03743
2.25548
1.98602
2.07964
2.25552
1.98596
2.03744
2.05062
1.99874
2.00709
1.99124
2.00708
2.05065
1.99867
2.29296
2.29296
2.13817
2.24309
2.13814
2.24312
2.03744
2.07966
2.25555
1.9859
2.25553
1.98599
2.03742
2.05065
1.99127
1.99864
2.00702
2.00707
2.0506
1.99872
2.18855
2.33663
2.33893
2.18903
2.47133
2.50686
2.00708
2.09831
2.02603
2.00466
2.25908
2.25429
2.0985
2.33997
2.18942
2.18926
2.33931
2.47006
2.49583
2.02618
2.00057
2.00274
2.24579
2.09787
2.09798
2.23804
2.11512
2.20462
2.09995
2.23456
2.2044
2.09987
2.11532
2.03203
2.24328
2.13965
2.00543
2.1398
2.00535
2.03172
2.1153
2.23464
2.20435
2.09974
2.20458
2.09984
2.11514
2.15836
2.33225
2.02661
2.07758
2.33241
2.02647
2.15837
2.13621
2.28478
2.3043
2.14444
2.30425
2.1445
2.13629
2.15848
2.07759
2.33262
2.02606
2.33253
2.02617
2.1584
2.34029
2.34018
2.2691
2.19621
2.26912
2.28753
2.31794
2.28755
2.19608
2.26906
2.26909
2.31792
2.28752
2.28753
2.27474
2.35719
2.05944
2.17399
2.2748
2.3572
2.05938
2.29072
2.14263
2.02145
2.07425
2.29081
2.14258
2.02135
2.27483
2.17399
2.35724
2.05943
2.35722
2.05948
2.27479
2.29073
2.07425
2.14255
2.02134
2.14258
2.02145
2.29066
2.32172
2.25847
2.11367
2.32177
2.25851
2.37223
2.19738
2.08478
2.04845
2.37225
2.19737
2.0848
2.11374
2.32185
2.25855
2.32182
2.25854
2.37221
2.04845
2.19732
2.08486
2.19732
2.08483
2.3722
2.13813
2.2431
2.13815
2.24308
2.03741
2.25554
1.98596
2.07965
2.03743
2.25553
1.9859
2.05058
1.9987
2.00706
1.99119
2.05062
2.00705
1.99862
2.29293
2.29292
2.13814
2.24306
2.13811
2.24309
2.03742
2.07966
2.2555
1.98588
2.25551
1.98596
2.03739
2.05061
1.99124
1.99861
2.00702
2.00706
2.05056
1.99869
2.33842
2.18932
2.33835
2.18944
2.44506
2.41462
1.99996
2.24216
2.09752
2.028
2.23762
2.09785
1.99972
2.33902
2.1898
2.18953
2.33989
2.36222
2.38676
2.2467
2.02774
2.09854
1.99775
2.09797
1.99875
2.25122
2.11515
2.20451
2.09974
2.23442
2.11536
2.20431
2.09962
2.03239
2.24302
2.13964
2.00607
2.13984
2.00594
2.03206
2.11544
2.2344
2.20424
2.09962
2.20445
2.09971
2.11524
2.15835
2.33264
2.0259
2.07761
2.15846
2.33263
2.02588
2.13624
2.28457
2.30423
2.14434
2.30426
2.14439
2.13631
2.15842
2.07758
2.33256
2.02587
2.33261
2.02586
2.15833
2.33473
1.73245
1.7566
1.88742
1.86703
1.87471
1.87761
2.26039
2.24844
2.24684
2.23423
2.28819
2.25751
2.25759
2.2398
2.24862
2.26903
2.24025
2.35215
2.34274
2.34461
2.3466
2.25035
2.24438
2.23313
2.2413
2.226
2.23501
2.24142
2.21199
2.25349
2.22548
2.21557
2.3399
2.33982
2.26902
2.19572
2.26897
2.28748
2.31785
2.28744
2.19562
2.26886
2.26892
2.31782
2.28736
2.2874
2.27487
2.35726
2.05956
2.17403
2.2749
2.35728
2.05953
2.29064
2.14257
2.02148
2.07428
2.29069
2.14256
2.02138
2.27499
2.17401
2.35731
2.05963
2.35729
2.05966
2.27496
2.29069
2.07427
2.14257
2.0214
2.14258
2.0215
2.29064
2.32187
2.25856
2.11377
2.32187
2.25856
2.37219
2.19728
2.08489
2.0485
2.37219
2.1973
2.08492
2.11376
2.32184
2.25854
2.32186
2.25856
2.37221
2.04852
2.19731
2.08497
2.19728
2.08495
2.37221
2.1381
2.24308
2.13812
2.24306
2.03738
2.25548
1.98596
2.07966
2.03741
2.25547
1.9859
2.05055
1.99868
2.00706
1.99119
2.0506
2.00705
1.99861
2.2929
2.29289
2.13811
2.24305
2.13809
2.24307
2.0374
2.07968
2.25546
1.98589
2.25547
1.98597
2.03737
2.05059
1.99125
1.99861
2.00702
2.00706
2.05054
1.99868
2.34165
2.18999
2.3408
2.19034
2.34087
2.32228
2.25688
2.09872
1.99604
2.0278
2.25453
2.09928
1.99457
2.34226
2.19096
2.1906
2.3427
2.29395
2.30689
2.25831
2.02708
2.09982
1.9912
2.09938
1.99267
2.2592
2.1154
2.20439
2.09976
2.23415
2.11556
2.20419
2.0997
2.03277
2.24299
2.13946
2.00679
2.13967
2.00666
2.03241
2.11573
2.23416
2.20419
2.09978
2.20437
2.09985
2.11558
2.15835
2.33253
2.02592
2.07751
2.15842
2.33248
2.02595
2.13635
2.28435
2.30408
2.14447
2.30411
2.14448
2.13643
2.15845
2.07749
2.33241
2.02603
2.33245
2.02601
2.15839
2.25251
1.68955
1.69291
1.84691
1.84973
1.85217
1.83914
2.26313
2.2813
2.27605
2.25636
2.20447
2.23295
2.20107
2.20333
2.20854
2.22766
2.19171
2.36644
2.39098
2.3757
2.37992
2.32156
2.30116
2.29813
2.32018
2.20328
2.19638
2.2253
2.1791
2.22533
2.18462
2.2044
2.33964
2.3396
2.2688
2.19541
2.26875
2.28731
2.31772
2.28726
2.19537
2.26864
2.26869
2.31768
2.28716
2.28721
2.27505
2.35731
2.05976
2.174
2.27508
2.35731
2.05972
2.29066
2.14259
2.02154
2.07426
2.29069
2.14258
2.02144
2.27516
2.17396
2.35729
2.05978
2.3573
2.05983
2.27511
2.29072
2.07425
2.14258
2.02146
2.1426
2.02156
2.29068
2.32183
2.25853
2.11366
2.3218
2.25851
2.37223
2.1973
2.085
2.04859
2.37222
2.19734
2.08502
2.11363
2.32173
2.25847
2.32177
2.25849
2.37225
2.0486
2.19737
2.08504
2.19733
2.08503
2.37225
2.13809
2.24307
2.1381
2.24305
2.03736
2.25545
1.98597
2.07969
2.03739
2.25545
1.9859
2.05055
1.99869
2.00706
1.9912
2.05058
2.00705
1.99862
2.29287
2.29286
2.1381
2.24305
2.13808
2.24307
2.03738
2.07971
2.25545
1.98589
2.25545
1.98597
2.03736
2.05059
1.99127
1.99862
2.00702
2.00706
2.05054
1.9987
2.34277
2.19122
2.34281
2.19155
2.28359
2.27509
2.25914
2.09977
1.98936
2.02597
2.25928
2.10004
1.98806
2.34243
2.19203
2.19177
2.34201
2.26315
2.26848
2.25842
2.02493
2.09994
1.98543
2.09984
1.98645
2.25769
2.11578
2.20441
2.09994
2.23403
2.11593
2.20426
2.09988
2.03315
2.24339
2.13964
2.00754
2.13974
2.0074
2.03282
2.11612
2.2341
2.2044
2.09997
2.20451
2.10003
2.11597
2.15844
2.33239
2.02609
2.07744
2.15849
2.33235
2.0261
2.13644
2.28429
2.30399
2.14463
2.30401
2.14464
2.1365
2.15853
2.07743
2.33232
2.02615
2.33234
2.02615
2.15848
2.24009
1.70514
1.69735
1.8185
1.84756
1.84695
1.81435
2.34209
2.36245
2.36307
2.3419
2.21243
2.22745
2.17541
2.18407
2.20764
2.23123
2.17319
2.42308
2.45682
2.4403
2.43768
2.40166
2.38236
2.38352
2.40311
2.21869
2.18258
2.24291
2.1727
2.23654
2.1723
2.22593
2.33952
2.33951
2.26858
2.19532
2.26854
2.28711
2.31758
2.28707
2.19532
2.26846
2.2685
2.31755
2.28698
2.28702
2.27517
2.35728
2.05989
2.1739
2.27522
2.35726
2.05984
2.29069
2.1426
2.02159
2.07421
2.29073
2.14259
2.02149
2.27526
2.17385
2.35723
2.05987
2.35724
2.05994
2.2752
2.29075
2.0742
2.14257
2.0215
2.1426
2.02161
2.29071
2.3217
2.25845
2.11351
2.32167
2.25842
2.37227
2.19736
2.08505
2.04865
2.37226
2.1974
2.08505
2.11348
2.32161
2.25837
2.32164
2.2584
2.37228
2.04865
2.19743
2.08505
2.19739
2.08505
2.37228
2.13808
2.24308
2.1381
2.24306
2.03735
2.25545
1.98597
2.07971
2.03738
2.25546
1.9859
2.05054
1.99871
2.00706
1.99121
2.05058
2.00704
1.99864
2.29285
2.29285
2.1381
2.24307
2.13808
2.24309
2.03738
2.07973
2.25547
1.98589
2.25546
1.98597
2.03735
2.05059
1.99128
1.99865
2.00701
2.00705
2.05054
1.99872
2.34066
2.19215
2.34135
2.19231
2.25914
2.25596
2.25551
2.09959
1.9841
2.02293
2.25654
2.09953
1.98334
2.33981
2.19236
2.19232
2.339
2.25197
2.25371
2.25419
2.02175
2.09884
1.98175
2.09903
1.98227
2.25306
2.11616
2.20468
2.10012
2.23414
2.11631
2.20458
2.10006
2.03358
2.24399
2.14013
2.00815
2.14019
2.00807
2.03325
2.11648
2.23425
2.20477
2.10014
2.20487
2.1002
2.11632
2.15851
2.33232
2.0262
2.0774
2.15857
2.33231
2.02619
2.13648
2.28439
2.30399
2.14476
2.30399
2.14478
2.13654
2.15859
2.0774
2.33231
2.02621
2.33232
2.02623
2.15853
2.25573
1.74727
1.73515
1.80464
1.85387
1.85162
1.80372
2.42019
2.43789
2.43956
2.42182
2.24286
2.25026
2.17405
2.1844
2.23412
2.25821
2.17649
2.4803
2.5187
2.50409
2.49373
2.47065
2.45471
2.45638
2.47223
2.25217
2.18656
2.27551
2.18345
2.26675
2.17951
2.26166
2.3395
2.33951
2.26842
2.19537
2.2684
2.28694
2.31745
2.2869
2.19539
2.26835
2.26837
2.31741
2.28684
2.28687
2.27523
2.3572
2.05997
2.17378
2.27529
2.35718
2.0599
2.29071
2.14259
2.02163
2.07416
2.29076
2.14257
2.02153
2.27531
2.17373
2.35714
2.05991
2.35716
2.05999
2.27524
2.29077
2.07414
2.14255
2.02153
2.14257
2.02164
2.29072
2.32159
2.25834
2.11338
2.32156
2.25832
2.37227
2.19742
2.08505
2.04868
2.37228
2.19745
2.08504
2.11336
2.32152
2.25827
2.32154
2.2583
2.37227
2.04867
2.19747
2.08502
2.19744
2.08503
2.37227
2.13808
2.2431
2.1381
2.24308
2.03735
2.25547
1.98597
2.07972
2.03737
2.25548
1.98589
2.05054
1.99873
2.00704
1.99121
2.05058
2.00702
1.99866
2.29284
2.1381
2.2431
2.03737
2.07974
2.25549
1.98588
2.25548
1.98596
2.03735
2.05058
1.99128
1.99866
2.00699
2.00703
2.05054
1.99874
2.33722
2.19227
2.33807
2.1922
2.25089
2.25012
2.25063
2.09823
1.98092
2.01932
2.25174
2.09793
1.98061
2.3363
2.19184
2.192
2.33548
2.24976
2.24985
2.2494
2.01813
2.09687
1.97986
2.09724
1.97998
2.24839
2.11647
2.20506
2.10028
2.23435
2.11664
2.20497
2.10022
2.03394
2.24446
2.14063
2.00838
2.1407
2.0084
2.03358
2.11677
2.23446
2.20514
2.10028
2.20525
2.10036
2.11659
2.15853
2.33233
2.02625
2.07741
2.1586
2.33232
2.02623
2.1365
2.28455
2.30404
2.14485
2.30403
2.14488
2.13655
2.15861
2.07741
2.33234
2.02623
2.33234
2.02626
2.15854
2.28049
1.79721
1.78434
1.80273
1.86454
1.86147
1.80422
2.4857
2.4872
2.33953
2.33954
2.26833
2.19547
2.26832
2.28681
2.31733
2.28678
2.19549
2.2683
2.26831
2.3173
2.28673
2.28675
2.27524
2.35711
2.06
2.17367
2.27531
2.35709
2.05992
2.29072
2.14256
2.02166
2.07411
2.29076
2.14254
2.02155
2.27532
2.17363
2.35705
2.05993
2.35707
2.06001
2.27524
2.3215
2.25825
2.1133
2.32148
2.25822
2.37225
2.19745
2.08501
2.04868
2.37226
2.19748
2.085
2.03735
2.25549
1.98596
2.07973
2.03737
2.2555
1.98589
2.33385
2.19155
2.33461
2.19131
2.25004
2.25042
2.24642
2.09614
1.97941
2.01571
2.24729
2.09572
1.97944
2.33307
2.19066
2.19096
2.3324
2.25183
2.25111
2.24548
2.01461
2.09452
1.97933
2.09495
1.97916
2.24476
2.11669
2.20541
2.10042
2.23454
2.11688
2.20529
2.10035
2.03411
2.24462
2.14095
2.00817
2.14107
2.0083
2.03369
2.11697
2.23464
2.20542
2.10039
2.20555
2.10048
2.11676
2.15854
2.33236
2.02626
2.07743
2.15861
2.33236
2.02624
2.13652
2.28467
2.3041
2.14492
2.30409
2.14496
2.13657
2.15861
2.07744
2.33237
2.02624
2.33238
2.02627
2.15853
2.30737
1.84626
1.83413
1.80931
1.87738
1.87392
1.81241
2.33956
2.33957
2.26829
2.19557
2.26829
2.28671
2.31724
2.28669
2.33116
2.19026
2.33172
2.18993
2.25281
2.25377
2.24345
2.09375
1.9792
2.01248
2.244
2.09332
1.97951
2.33058
2.18916
2.18951
2.33012
2.25612
2.25498
2.24286
2.01154
2.09217
1.97995
2.09257
1.97952
2.24247
2.11681
2.20566
2.10052
2.23468
2.11703
2.20552
2.10043
2.03404
2.24445
2.14105
2.0076
2.14123
2.00781
2.03357
2.11706
2.23477
2.20558
2.10045
2.20575
2.10055
2.11682
2.15853
2.33239
2.02627
2.07746
2.1586
2.33238
2.02624
2.13653
2.28475
2.30414
2.14497
2.30413
2.14501
2.13657
2.1586
2.07746
2.33239
2.02624
2.3324
2.02627
2.15852
2.3335
1.89112
1.88024
1.82134
1.8912
1.88758
1.82544
2.32931
2.18872
2.32966
2.18837
2.25748
2.24182
2.09147
1.98009
2.00992
2.24205
2.0911
1.98063
2.05577
2.1106
2.04126
2.07873
2.11074
2.04116
2.05573
2.01586
2.07277
2.01888
2.04962
2.07287
2.01893
2.01582
2.07174
2.04829
2.0372
2.06734
2.07223
2.0493
2.03769
2.02814
2.04443
2.00099
2.0711
2.02826
2.04465
2.00104
2.37517
2.41099
2.3705
2.36768
2.27565
2.28595
2.31211
1.96711
1.98111
1.92609
2.02491
1.95963
1.97023
1.91612
2.17381
2.12989
2.09372
2.20813
2.16997
2.12619
2.09306
2.05579
2.11081
2.04052
2.07833
2.05573
2.11085
2.0404
2.01597
2.07303
2.01879
2.04949
2.01595
2.0731
2.01874
2.07249
2.04968
2.03778
2.06799
2.07272
2.04952
2.03784
2.0283
2.04482
2.00102
2.07128
2.02839
2.0449
2.00107
2.34817
2.37223
2.22222
2.20147
2.33829
2.2311
2.25047
2.15402
2.11642
2.08476
2.18252
2.14483
2.11311
2.08128
2.0558
2.11074
2.04024
2.07796
2.05578
2.11075
2.04023
2.01603
2.07313
2.0186
2.0493
2.01602
2.07315
2.01859
2.07281
2.04896
2.03788
2.06779
2.07292
2.04816
2.03785
2.02837
2.04497
2.00108
2.07135
2.0284
2.04493
2.00111
2.33341
2.16629
2.30672
2.16323
2.2967
2.17388
2.18509
2.13773
2.11102
2.07917
2.16409
2.13093
2.10819
2.07693
2.05573
2.11061
2.04029
2.07783
2.05573
2.11061
2.0403
2.01602
2.07312
2.01854
2.04917
2.01604
2.07313
2.01855
2.07295
2.0472
2.03785
2.06685
2.07297
2.04616
2.03778
2.02839
2.04498
2.00113
2.07139
2.02841
2.04494
2.00116
2.3097
2.17104
2.27061
2.17785
2.26349
2.14592
2.15041
2.12422
2.10491
2.07453
2.14782
2.1175
2.10116
2.07177
2.05565
2.11047
2.04038
2.07783
2.05564
2.11047
2.0404
2.01599
2.07306
2.01853
2.04909
2.01601
2.07307
2.01853
2.07291
2.045
2.03772
2.06539
2.07286
2.04386
2.0376
2.02839
2.04498
2.00117
2.07139
2.02839
2.04494
2.00119
2.30522
2.20431
2.24736
2.21456
2.24398
2.13873
2.13871
2.1111
2.09725
2.0688
2.13504
2.10519
2.09326
2.06566
2.05557
2.11036
2.04046
2.0779
2.05556
2.11037
2.04046
2.01593
2.07299
2.01851
2.04903
2.01596
2.073
2.01852
2.07273
2.04267
2.0375
2.06369
2.07263
2.04155
2.03734
2.02836
2.04498
2.00119
2.07138
2.02837
2.04493
2.0012
2.10007
2.08959
2.06264
2.08612
2.05965
2.05551
2.11029
2.04051
2.07798
2.0555
2.11031
2.04051
2.01588
2.07292
2.01849
2.04898
2.0159
2.07293
2.01849
2.07247
2.04045
2.03721
2.06197
2.07233
2.03944
2.03703
2.02834
2.04497
2.0012
2.07135
2.02835
2.04491
2.00122
2.05548
2.11025
2.04055
2.07805
2.05546
2.11028
2.04055
2.07214
2.03846
2.03688
2.06037
2.07199
2.03762
2.03667
2.02832
2.04493
2.00122
2.07132
2.02833
2.04487
2.00122
2.04524
2.03642
2.06531
2.07134
2.04691
2.0368
2.44381
2.47565
2.37817
2.33896
1.98768
1.997
1.96714
2.03905
1.97603
1.9815
1.94041
2.1306
2.09994
2.21978
2.17549
2.12872
2.09084
2.34493
2.30826
2.34374
2.2765
2.37284
2.29304
2.31306
2.103
2.27348
2.00826
2.12744
2.26402
2.25035
2.18061
2.2191
2.41082
2.22212
2.30846
2.38684
2.21612
2.23515
2.20143
1.9519
1.95641
2.04589
2.17501
2.18328
2.04063
2.19828
2.29705
2.33988
2.20054
2.36201
2.20678
2.18286
2.35303
2.37231
2.35027
2.42559
2.42252
2.40514
2.44845
2.3
2.31201
2.31786
2.3519
2.31207
2.32759
2.33243
2.4524
2.47756
2.3507
2.34294
2.55543
2.30764
2.36469
2.30335
2.29011
2.29314
2.33713
2.30625
2.29408
2.34424
2.24101
2.2574
2.26243
2.34127
2.26182
2.26755
2.336
1.98248
2.18393
1.98658
2.07583
2.17697
2.17124
2.07658
2.31749
2.19721
2.17496
2.15843
2.25856
2.29435
2.18356
2.12956
1.88407
1.89997
1.99844
2.12623
2.13388
1.98135
2.14061
2.24804
2.25906
2.15858
2.27558
2.1713
2.12314
2.25392
2.22803
2.25105
2.34874
2.26398
2.2606
2.34969
2.22873
2.25762
2.25468
2.40767
2.27784
2.2768
2.4143
1.87291
2.10666
1.86335
1.95785
2.11928
2.11294
1.97144
2.09179
2.24455
2.14668
2.21678
2.10649
2.23276
2.13512
2.09349
1.87062
1.86369
1.93344
2.08869
2.09101
1.93011
2.07929
2.20773
2.21706
2.11519
2.22364
2.12473
2.0691
2.26134
2.23732
2.26522
2.43982
2.28622
2.28792
2.43219
2.25609
2.2933
2.28859
2.50492
2.32279
2.32061
2.51312
1.87966
2.09714
1.89019
1.93311
2.08675
2.08568
1.93348
2.05525
2.21267
2.10669
2.18577
2.06107
2.21038
2.09919
2.11628
1.97446
1.95851
1.96253
2.08974
2.08758
1.96888
2.05143
2.18067
2.21094
2.08721
2.20985
2.09262
2.04959
2.2982
2.26886
2.30277
2.53499
2.33261
2.33462
2.52699
2.28891
2.32831
2.32454
2.58384
2.36786
2.3667
2.59093
1.98966
2.13247
2.006
1.98683
2.09166
2.09462
1.9791
2.05085
2.21335
2.08265
2.17129
2.04939
2.21698
2.0793
2.16277
2.09721
2.08201
2.038
2.11658
2.11187
2.04774
2.05363
2.17002
2.22695
2.07518
2.22153
2.07662
2.05772
2.06874
2.23297
2.0743
2.17103
2.06275
2.23957
2.07458
2.40147
2.35549
2.35823
2.51653
2.44154
2.45937
2.47902
2.44823
2.45762
2.45081
2.34814
2.42739
2.46701
2.36927
2.48594
2.36712
2.43284
2.33746
2.42563
2.43144
2.3476
2.43908
2.3511
3.11048
2.66263
2.72162
3.02888
2.31447
2.15456
2.16649
2.22712
2.27702
2.28199
2.21818
2.44065
2.23574
2.25964
2.27697
2.32682
2.43848
2.24867
2.40585
2.45476
2.34896
2.45803
2.39091
2.35398
2.45919
2.11597
1.98885
2.07079
2.07276
2.03784
2.0147
2.08457
2.39526
2.35721
2.36541
2.2428
2.2508
2.27373
2.26552
2.36226
2.17349
2.31698
2.18488
2.32783
2.2138
2.19823
2.32559
2.16622
2.27863
2.16327
2.28735
2.16434
2.15678
2.30691
2.19479
2.2518
2.1857
2.25713
2.14218
2.14013
2.30642
2.23545
2.23974
2.22481
2.24135
2.13904
2.14059
2.43998
2.37795
2.4129
2.44841
2.37986
2.33799
2.32803
2.10505
2.13079
2.13127
2.12146
2.07491
2.10709
2.10198
2.39202
2.4096
2.40997
2.34483
2.38883
2.3497
2.38576
2.37666
2.37754
2.37504
2.31876
2.36189
2.32181
2.3607
2.00144
1.81903
2.03819
1.94824
1.81877
1.95769
2.04238
2.25682
1.98777
2.00401
2.11155
2.22044
2.23491
2.08983
2.21192
1.97603
1.96457
2.05773
2.20757
2.19587
2.0751
2.35865
2.33191
2.34305
2.4049
2.36758
2.37997
2.37375
2.2628
2.33473
2.21261
2.15135
2.3069
2.08306
2.2909
2.24861
2.24691
1.83862
2.11918
2.26441
1.98721
2.29662
2.30842
2.3199
2.31737
2.34655
2.34607
2.32963
2.35026
2.28002
2.27973
2.28606
2.34635
2.27887
2.28951
2.33462
2.24862
2.27398
2.26766
2.33131
2.27614
2.2678
2.34064
2.17432
1.95573
1.97356
2.06565
2.15852
2.16576
2.04663
2.13962
1.93698
1.91642
2.01175
2.15033
2.14191
2.03125
2.22613
2.24946
2.24991
2.36474
2.26346
2.2649
2.36725
2.22732
2.2505
2.25202
2.38968
2.26946
2.26945
2.38469
2.10181
1.85525
1.85842
1.95179
2.10224
2.10722
1.94187
2.09394
1.85597
1.85832
1.93282
2.0978
2.09415
1.93934
2.24041
2.2741
2.26968
2.45707
2.29909
2.297
2.46518
2.25231
2.27896
2.28363
2.48979
2.30863
2.31085
2.48151
2.09991
1.91516
1.90198
1.93887
2.085
2.08489
1.94114
2.11155
1.92882
1.94376
1.95334
2.08523
2.08642
1.94883
2.27277
2.31181
2.30748
2.54752
2.34616
2.34439
2.55523
2.28517
2.31629
2.32034
2.57389
2.35579
2.35726
2.56647
2.13818
2.03743
2.02114
1.99773
2.10092
2.09724
2.00651
2.1566
2.05214
2.068
2.02705
2.10404
2.10827
2.01763
2.39515
2.37935
2.38581
2.71187
2.50613
2.51571
2.67361
2.39809
2.37307
2.36333
2.56377
2.49043
2.47335
2.62343
2.38816
2.36855
2.38806
2.22724
2.40955
2.30484
2.33266
2.45977
2.55245
2.51706
2.45263
2.46348
2.56077
2.39706
2.5699
2.40124
2.4661
2.51951
2.53308
2.49348
2.57238
2.88977
2.6939
2.57894
2.82356
2.67439
2.65135
2.60275
2.62846
2.33107
2.1758
2.19906
2.2444
2.29393
2.3013
2.22893
2.5015
2.42802
2.42538
2.52028
2.54444
2.55249
2.53371
2.31625
2.15762
2.14808
2.21261
2.28574
2.27861
2.21569
2.12499
2.14601
2.11559
2.16641
2.15712
2.1603
2.11316
2.02415
2.04045
2.02964
1.99619
1.9919
2.00701
1.96863
2.04031
1.98797
2.07583
1.98571
2.0405
2.02691
1.99321
2.19599
2.20411
2.22686
2.23864
2.17716
2.19092
2.22589
2.28552
2.20783
2.25281
2.26109
2.24208
2.2844
2.2128
1.95023
2.00543
1.6241
1.74442
1.72098
2.15657
2.16836
2.12676
2.15716
2.18554
2.09791
2.13362
1.8765
2.09145
2.05259
2.04925
2.04146
1.97925
2.0919
2.06839
2.12026
2.06412
2.13138
2.12042
2.06418
2.06833
2.05571
2.07866
2.11085
2.04073
2.11073
2.0409
2.05576
2.06835
2.13136
2.12056
2.06424
2.1204
2.06417
2.06838
2.01589
2.04964
2.07301
2.01886
2.07289
2.01888
2.01592
2.06839
2.12054
2.06422
2.13164
2.06835
2.12062
2.0643
2.05576
2.07822
2.11081
2.04025
2.11079
2.0403
2.0558
2.06839
2.13157
2.12062
2.06438
2.12057
2.06431
2.06843
2.01599
2.04945
2.07314
2.01864
2.0731
2.01867
2.016
2.31747
2.26277
2.28543
2.27146
2.29379
2.26132
2.24846
2.25932
2.25647
2.2734
2.24171
2.22217
2.23518
2.22626
2.06846
2.12056
2.06438
2.13169
2.06844
2.1206
2.06443
2.05576
2.07791
2.11068
2.04026
2.11068
2.04025
2.05577
2.06846
2.1316
2.12057
2.06446
2.12053
2.06442
2.06848
2.01604
2.04928
2.07315
2.01856
2.07313
2.01856
2.01603
2.24303
2.2247
2.23328
2.20768
2.21091
2.21512
2.20067
2.21551
2.22287
2.22668
2.20373
2.18541
2.19237
2.20255
2.06846
2.1205
2.06444
2.13168
2.06846
2.12053
2.06445
2.05568
2.07782
2.11054
2.04035
2.11053
2.04034
2.05569
2.06843
2.13158
2.12048
2.06443
2.12045
2.06442
2.06843
2.01603
2.04916
2.0731
2.01854
2.07309
2.01853
2.01601
2.22142
2.19509
2.22205
2.20721
2.18023
2.20392
2.17643
2.19079
2.22815
2.22437
2.21227
2.17308
2.17411
2.21857
2.06838
2.1204
2.06439
2.13161
2.0684
2.12042
2.0644
2.0556
2.07785
2.11042
2.04043
2.11041
2.04042
2.05561
2.06835
2.1315
2.12036
2.06436
2.12034
2.06436
2.06834
2.01598
2.04909
2.07304
2.01852
2.07303
2.01852
2.01596
2.23307
2.18466
2.23898
2.23421
2.17319
2.22603
2.17444
2.1845
2.25277
2.24557
2.24307
2.17945
2.17647
2.25225
2.06829
2.12028
2.06432
2.13151
2.0683
2.1203
2.06432
2.05553
2.07792
2.11034
2.04049
2.11032
2.04049
2.05554
2.06826
2.1314
2.12024
2.06429
2.12022
2.06428
2.06825
2.01593
2.04903
2.07296
2.0185
2.07296
2.0185
2.0159
2.26032
2.189
2.26822
2.27134
2.18295
2.26178
2.18722
2.06821
2.12017
2.06424
2.13142
2.06822
2.12019
2.06425
2.05547
2.078
2.11029
2.04053
2.11026
2.04053
2.05549
2.06818
2.1313
2.12015
2.06422
2.12012
2.06421
2.06817
2.06815
2.12008
2.06418
2.13133
2.06815
2.12011
2.06419
2.00774
1.98982
1.98003
2.00972
2.0079
1.98989
1.98007
1.92699
1.92635
1.90265
1.95477
1.92706
1.92648
1.90269
2.27039
2.25981
2.26258
2.21552
2.23867
2.21232
2.24052
2.05203
2.04754
2.00972
2.15101
2.0402
2.04448
1.99563
2.00793
1.98992
1.98012
2.00979
2.00803
1.98995
1.98017
1.92709
1.92653
1.90272
1.95488
1.92714
1.92664
1.90275
2.00799
1.98997
1.98023
2.00975
2.00801
1.98992
1.98022
1.92714
1.92663
1.90279
1.95492
1.92716
1.9267
1.90278
2.00796
1.98993
1.98027
2.00971
2.00797
1.98987
1.98023
1.92714
1.92666
1.90282
1.95491
1.92715
1.92671
1.9028
2.00792
1.9899
1.98028
2.00966
2.00793
1.98986
1.98022
1.92713
1.92666
1.90283
1.9549
1.92713
1.92671
1.90281
2.00789
1.9899
1.98027
2.00963
2.0079
1.98986
1.98021
1.92711
1.92666
1.90283
1.95488
1.92712
1.92671
1.90281
2.00786
1.9899
1.98026
2.00962
2.00788
1.98987
1.98021
1.9271
1.92666
1.90283
1.95487
1.92711
1.92671
1.90281
2.00785
1.98991
1.98025
2.0736
2.06517
2.05349
2.12702
2.05884
2.04407
2.02121
2.14341
2.21815
2.18403
2.19198
2.20762
2.17694
2.15894
2.12693
2.18431
2.18557
2.1627
2.19537
2.16768
2.11691
2.17784
2.16193
2.12008
2.10773
2.16611
2.16646
2.15149
2.09578
2.15956
2.14664
2.13276
2.15636
2.14237
2.0839
2.06001
2.13686
2.12331
2.13799
2.07169
2.12749
2.11371
2.04896
2.13102
2.11011
2.09608
2.11854
2.10467
2.03896
2.02215
2.10219
2.08804
2.11142
2.02989
2.09503
2.08058
2.01566
2.10555
2.08304
2.06767
2.08857
2.07372
2.01074
2.00519
2.07836
2.06227
2.09049
2.00718
2.0747
2.05788
2.00455
2.08643
2.07021
2.05142
2.07194
2.0541
2.00537
2.01069
2.06936
2.04934
2.0778
2.0074
2.06949
2.0484
2.23256
2.20225
2.19679
2.20806
2.21249
2.24291
2.21594
2.22798
2.39998
0.707403
2.29767
2.56466
0.749195
0.836916
2.22887
2.40063
0.70776
2.29792
2.56483
0.749182
2.24092
0.600041
2.22828
2.39986
0.707561
2.29791
2.56477
0.749238
2.05074
2.24597
0.631988
2.22847
2.40037
0.707635
2.29782
2.56479
0.749254
2.12653
2.34151
0.652023
2.22909
2.40105
0.707798
2.2979
2.56496
0.749263
2.14924
2.36136
0.666393
2.22962
2.40151
0.707958
2.29807
2.56512
0.749287
2.16172
2.36119
0.67116
2.22992
2.40178
0.708079
2.2982
2.5652
0.749311
2.17634
2.36587
0.674511
2.22995
2.40189
0.708143
2.29828
2.56523
0.749325
2.19274
2.37503
0.678323
2.22974
2.40183
0.708144
2.20895
2.38579
0.68237
2.91697
3.44102
1.06672
2.82153
3.26255
0.822298
1.64896
0.713096
1.34957
1.40783
0.598668
2.70552
3.2509
1.07325
1.14552
1.21509
1.46684
0.442157
1.06323
1.13179
0.522116
1.43754
1.83528
0.44892
1.99825
2.51938
0.603246
1.84774
2.3699
0.554795
2.11428
2.61729
0.63923
2.20326
2.68206
0.664997
2.32669
2.75718
0.697722
2.2723
2.72596
0.683708
2.3707
2.78124
0.708433
2.40731
2.80125
0.716974
2.46567
2.83551
0.730322
2.43865
2.81921
0.724118
1.35147
0.796429
3.52679
1.07575
3.64744
0.867893
1.43525
0.625118
4.57935
1.02868
0.668537
4.03809
1.15423
1.1956
3.83931
0.844616
2.50481
2.76287
0.709668
1.46102
1.88299
0.445774
2.47953
2.74408
0.698143
1.58764
2.08297
0.505391
2.47367
2.74091
0.692687
2.1519
2.64858
0.646546
2.46663
2.73368
0.691038
2.47787
2.73793
0.692925
2.19554
2.69343
0.698171
2.48609
2.74623
0.694839
2.52732
2.77091
0.703669
2.40374
2.81566
0.715188
2.53231
2.77073
0.704668
2.41613
2.83935
0.755295
2.57117
2.80515
0.714865
2.51391
2.88789
0.742438
2.56545
2.79658
0.713123
3.87017
0.997852
1.39117
0.824911
4.1213
1.1314
1.27407
3.12408
3.5654
0.885378
2.92248
3.41242
0.847009
3.12462
3.5923
0.902163
2.8331
3.30615
0.8692
2.89145
3.4113
0.849957
1.00039
1.47301
0.733718
1.7167
2.19681
0.558034
1.86441
2.33072
0.5925
2.11542
2.50941
0.655709
2.16125
2.53677
0.666477
2.25129
2.5924
0.686797
2.27235
2.60607
0.691596
2.32162
2.64057
0.703274
2.7412
3.07682
0.777091
2.6764
2.85703
0.770382
2.66542
2.8124
0.761444
2.61768
2.8667
0.720163
2.60041
2.78969
0.771824
1.06428
0.506892
0.844746
3.96716
0.736689
0.400502
4.25213
0.779858
0.302011
4.48013
0.847141
2.84599
3.17507
0.880647
1.21332
1.34589
0.538465
2.68449
2.95374
0.804598
1.21719
1.4351
0.480693
2.59907
2.84975
0.757829
2.46154
2.74025
0.691863
1.88246
2.4097
0.562898
2.4598
2.73289
0.690307
1.96538
2.50463
0.628552
2.4999
2.75354
0.697559
2.30828
2.7558
0.69066
2.5052
2.75269
0.69847
2.33093
2.78471
0.734168
2.5139
2.76202
0.700567
2.55124
2.78867
0.709598
2.4675
2.85625
0.73091
2.55544
2.78835
0.710474
2.47452
2.87784
0.769599
4.48878
0.867294
0.576053
4.53892
0.896995
0.490137
4.48503
1.0528
1.05127
0.672079
1.21021
1.1293
2.54427
2.80825
0.761878
2.81736
3.37062
0.869923
1.9811
0.786745
0.904593
1.54445
0.80186
1.64166
0.928914
2.39486
2.65603
0.778163
2.39512
2.65623
0.778176
2.26754
2.5519
0.743634
2.2466
2.49484
0.728576
2.26776
2.55201
0.743646
2.24698
2.49491
0.728528
0.742703
2.39517
2.6563
0.778185
2.39519
2.65639
0.778233
2.26782
2.55208
0.743651
2.24718
2.49506
0.728532
2.26787
2.55221
0.743685
2.24776
2.49567
0.72865
2.39515
2.65638
0.778242
2.39501
2.65633
0.778244
2.26783
2.55221
0.743693
2.24786
2.49577
0.728688
2.26767
2.55213
0.743692
2.24803
2.49602
0.728789
2.39497
2.65632
0.778239
2.39486
2.6563
0.778219
2.26762
2.5521
0.743685
2.24803
2.49601
0.728802
2.26752
2.55205
0.743663
2.24801
2.49606
0.728834
2.30355
2.64523
0.687026
2.39484
2.6563
0.778213
2.3948
2.65629
0.778198
2.2675
2.55205
0.743656
2.24798
2.49603
0.72883
2.26751
2.55207
0.743645
2.24793
2.49603
0.728829
2.43484
2.76167
0.738653
2.45296
2.77159
0.744128
2.3948
2.65629
0.778194
2.39479
2.65627
0.778186
2.26752
2.55208
0.743644
2.24789
2.49599
0.72882
2.26758
2.55212
0.743647
2.24784
2.49599
0.728812
2.39479
2.65626
0.778185
2.3948
2.65625
0.77818
2.2676
2.55213
0.74365
2.24781
2.49594
0.728801
2.26766
2.55217
0.743659
2.24776
2.49593
0.728793
2.3948
2.65624
0.778179
2.39481
2.65623
0.778175
2.26768
2.55218
0.743662
2.24773
2.49588
0.728782
2.76748
3.26319
1.07194
2.53333
3.0334
1.01428
1.54573
1.81012
0.536861
1.62609
1.93585
0.537142
1.87475
2.26018
0.594114
2.11267
2.45841
0.669767
2.2595
2.52808
0.70459
2.31542
2.56137
0.717177
2.3276
2.56943
0.720069
2.50117
2.76461
0.710529
2.4951
2.74847
0.703997
3.05993
0.796522
2.65639
3.07464
0.787504
2.30053
2.60506
0.684076
2.34108
2.63454
0.66664
2.43797
2.71423
0.720117
2.48465
2.74188
0.730937
2.50478
2.74055
0.706261
2.55061
2.78478
0.746435
2.56178
2.77942
0.719786
2.56
2.82884
0.777153
3.24598
0.613932
0.416036
0.782425
1.89692
0.706021
1.06686
2.30698
2.52979
0.738828
2.16896
2.41128
0.706759
2.22827
2.40023
0.707561
2.16887
2.4113
0.706664
2.30691
2.57665
0.755422
2.2977
2.56468
0.749188
2.30698
2.57666
0.75543
2.307
2.52982
0.738829
2.1691
2.41129
0.706644
2.22867
2.40035
0.707621
2.16901
2.41109
0.706612
2.30728
2.57688
0.75541
2.29793
2.56482
0.74919
2.30741
2.57697
0.755461
2.04426
2.15855
0.672119
2.54481
3.02178
0.865524
2.307
2.52984
0.738833
2.16891
2.41072
0.706747
2.22823
2.39989
0.707555
2.16874
2.41064
0.706673
2.30755
2.57711
0.755551
2.29785
2.56473
0.749244
2.30756
2.57714
0.755585
2.52273
2.97331
0.824626
2.30698
2.52983
0.738834
2.16875
2.41075
0.706698
2.2286
2.40055
0.707664
2.16869
2.4108
0.706632
2.30751
2.5772
0.755584
2.2978
2.5648
0.749252
2.30751
2.57722
0.755593
2.13501
2.3519
0.657097
2.57543
2.99927
0.828766
2.30697
2.52982
0.738832
2.16904
2.41109
0.706723
2.22922
2.40118
0.707831
2.16906
2.41116
0.70668
2.30749
2.57728
0.755567
2.29792
2.56498
0.749264
2.30751
2.57729
0.755577
2.6271
3.03112
0.838741
2.30696
2.52981
0.738831
2.16952
2.41144
0.706826
2.22971
2.40158
0.707984
2.16954
2.4115
0.70679
2.30753
2.57733
0.75556
2.29808
2.56512
0.74929
2.30756
2.57733
0.755574
2.16514
2.3618
0.671986
2.16994
2.41175
0.70694
2.22994
2.40181
0.708093
2.16993
2.41179
0.706901
2.30759
2.57735
0.755564
2.2982
2.56518
0.749312
2.30762
2.57735
0.755579
2.17022
2.41197
0.707032
2.2299
2.40188
0.708139
2.17016
2.41199
0.706983
2.30764
2.57736
0.755569
2.29826
2.56521
0.749324
2.30766
2.57736
0.755583
2.1969
2.37768
0.679333
2.17033
2.4121
0.70709
2.22964
2.40178
0.708127
2.17024
2.41209
0.707033
2.39496
2.65608
0.778175
2.39503
2.65615
0.778169
2.27319
2.5273
0.735715
2.26761
2.55193
0.743641
2.28259
2.54635
0.748058
2.24665
2.49481
0.728558
2.26766
2.55194
0.743643
2.2736
2.52747
0.735684
2.24673
2.49476
0.728532
2.28305
2.54654
0.74803
2.28264
2.54659
0.749804
2.2562
2.56306
0.756811
2.25645
2.5631
0.756755
2.19012
2.44344
0.712919
2.30699
2.52981
0.738832
2.19013
2.44344
0.712931
2.84791
0.654971
3.00357
0.684785
2.99861
0.805167
2.39521
2.65636
0.7782
2.39521
2.65638
0.778216
2.27377
2.52765
0.735692
2.26787
2.55215
0.743661
2.28326
2.54675
0.748031
2.24743
2.4953
0.728566
2.26788
2.55219
0.743673
2.27422
2.5281
0.735827
2.2476
2.49546
0.7286
2.28379
2.54729
0.748191
2.28266
2.5466
0.749817
2.2827
2.54661
0.749809
2.25661
2.56324
0.756758
2.25709
2.56369
0.756865
2.19012
2.44345
0.712913
2.30701
2.52984
0.738832
2.19013
2.44345
0.712925
2.27285
2.40544
0.706447
2.52826
2.67682
0.842911
2.37044
2.84398
0.816148
2.52244
2.99766
0.841194
2.36827
2.84037
0.793521
2.39511
2.65637
0.778246
2.39506
2.65635
0.778247
2.27428
2.52818
0.735851
2.26778
2.55219
0.743697
2.28387
2.5474
0.748213
2.24795
2.49591
0.728732
2.26773
2.55216
0.743696
2.2743
2.52829
0.735931
2.24799
2.49594
0.728759
2.28395
2.54755
0.748319
2.28277
2.54664
0.749817
2.28285
2.54668
0.749834
2.25719
2.5638
0.756895
2.31289
2.54611
0.7507
2.25735
2.564
0.756986
2.19012
2.44345
0.71291
2.307
2.52985
0.738836
2.19012
2.44345
0.712923
2.41965
2.86254
0.786565
2.53377
2.97644
0.824312
2.44376
2.87701
0.789556
2.39493
2.65631
0.778233
2.39489
2.65631
0.778226
2.27427
2.52828
0.735924
2.26757
2.55208
0.743678
2.28393
2.54755
0.74831
2.24804
2.49606
0.728821
2.26754
2.55206
0.74367
2.27417
2.52826
0.735934
2.24802
2.49603
0.728824
2.28385
2.54753
0.748341
2.28295
2.54677
0.74983
2.28294
2.54674
0.749854
2.28302
2.5468
0.749875
2.28302
2.54683
0.749847
2.25736
2.56403
0.756995
2.25735
2.56405
0.757027
2.19011
2.44344
0.712909
2.30698
2.52984
0.738836
2.19011
2.44344
0.712921
2.26826
2.4025
0.703265
2.14967
2.31545
0.670331
2.51203
2.92178
0.801651
2.58933
3.00796
0.83116
2.53159
2.93477
0.805776
2.39482
2.6563
0.778207
2.39481
2.6563
0.778202
2.27414
2.52824
0.735915
2.2675
2.55205
0.743651
2.2838
2.54752
0.748314
2.24798
2.49605
0.728835
2.2675
2.55206
0.743646
2.27405
2.5282
0.735909
2.24794
2.49601
0.728827
2.28371
2.54747
0.748318
2.28315
2.54693
0.749908
2.25733
2.56405
0.757019
2.31272
2.54605
0.75069
2.25727
2.56402
0.757023
2.1901
2.44344
0.712907
2.30697
2.52983
0.738834
2.19011
2.44344
0.71292
2.58018
2.96612
0.81677
2.63833
3.03797
0.841153
2.59353
2.97451
0.819894
2.39479
2.65628
0.778191
2.39479
2.65628
0.778189
2.27402
2.52818
0.735889
2.26754
2.55209
0.743644
2.28367
2.54745
0.748287
2.24788
2.49601
0.728821
2.26756
2.55211
0.743645
2.27397
2.52814
0.735886
2.24785
2.49597
0.728811
2.2836
2.54739
0.748287
2.28318
2.54699
0.749891
2.28319
2.54698
0.74992
2.25724
2.564
0.75701
2.31264
2.54599
0.750668
2.25718
2.56396
0.757006
2.19011
2.44344
0.712906
2.30696
2.52982
0.738833
2.19011
2.44344
0.712919
2.26392
2.39996
0.702742
2.14288
2.31275
0.66988
2.14273
2.31275
0.670173
2.39479
2.65626
0.778182
2.3948
2.65625
0.778181
2.27395
2.52813
0.735868
2.26762
2.55215
0.743653
2.28356
2.54737
0.748257
2.2478
2.49596
0.728802
2.26764
2.55216
0.743656
2.27393
2.52809
0.73587
2.24777
2.49591
0.728792
2.28351
2.54731
0.74826
2.31262
2.54598
0.750665
2.25716
2.56395
0.756992
2.26069
2.39771
0.702052
2.14506
2.31482
0.671026
2.3948
2.65624
0.778177
2.39481
2.65623
0.778177
2.27392
2.52808
0.735853
2.2677
2.55219
0.743665
2.28348
2.5473
0.748231
2.24773
2.4959
0.728783
2.14591
2.31558
0.671265
2.25874
2.39634
0.701572
2.14903
2.31832
0.672296
2.25772
2.39562
0.701296
2.15014
2.31931
0.672604
3.35969
0.676854
2.87655
3.31974
0.810687
2.84554
3.32738
0.820677
2.72606
3.02363
0.782594
1.51796
0.582117
1.63295
0.673978
0.946127
2.24258
2.47871
0.731736
2.24256
2.47871
0.731721
2.24255
2.4787
0.731698
2.24256
2.4787
0.731714
2.24255
2.4787
0.731697
2.24257
2.47871
0.731698
2.24257
2.4787
0.731738
2.24256
2.4787
0.731712
2.24255
2.4787
0.73172
2.24255
2.4787
0.731694
2.24256
2.4787
0.731694
2.24258
2.47871
0.731719
3.4565
3.77566
0.997866
2.54936
3.01466
0.906411
1.47881
3.31477
0.991416
2.49017
2.94445
0.818709
1.92316
2.12871
0.590158
2.35129
2.80635
0.813699
2.55571
2.97972
0.823505
2.36143
2.74395
0.761359
2.62114
3.02117
0.836981
2.43133
2.80003
0.769502
2.48426
2.83751
0.782059
2.62242
3.094
0.987332
2.45667
2.94164
0.908123
3.487
0.912298
1.38374
2.92741
3.46285
1.08048
3.48358
0.959368
1.56341
0.848672
2.02359
2.21989
0.634858
2.42724
2.87197
0.847686
2.2405
2.56759
0.662337
2.34486
2.73497
0.765053
1.94009
2.32866
0.615316
2.14563
2.36046
0.664164
2.07973
2.43974
0.660278
2.41323
2.74837
0.731229
2.41507
2.7873
0.766075
2.18764
2.49317
0.688828
2.47269
2.82975
0.779237
2.20784
2.50234
0.693345
2.27473
2.53661
0.70793
2.18863
2.37253
0.677337
2.53461
2.84466
0.711105
3.44817
3.7156
0.943001
3.49172
3.69152
0.923017
2.70113
3.27166
1.02209
1.08278
0.738271
1.65857
2.14608
0.498049
3.03742
3.47905
0.876395
3.2677
0.660566
3.41543
3.7655
0.998106
3.42181
0.878416
3.4714
0.779083
0.867683
4.57186
0.865986
0.342665
2.96545
3.44908
0.856627
3.02787
3.52625
0.88951
2.87877
3.4796
0.900091
2.79381
3.23752
0.838781
2.93624
3.41315
0.850512
2.78289
3.35299
0.942339
1.31355
0.826529
2.53646
2.78284
0.724581
1.36146
1.73324
0.450728
2.4699
2.74422
0.695327
1.6882
2.19139
0.503512
2.09592
2.61816
0.66927
2.24041
2.71125
0.672141
2.51904
2.76166
0.701581
2.37796
2.81488
0.745925
2.5398
2.77979
0.706709
2.43844
2.8375
0.723774
2.49761
2.8938
0.77535
1.60804
0.950399
0.872047
1.24579
2.71871
2.87609
0.747177
2.66753
2.84694
0.712775
1.66086
1.97488
0.582862
2.77746
2.95134
0.787042
1.1629
1.20883
2.70896
0.698499
2.83686
0.854137
2.93208
3.43439
0.867138
2.89551
3.4086
0.857723
2.91349
3.26432
0.859734
1.41663
1.7433
0.565021
2.26619
2.62586
0.71069
2.219
2.53331
0.663643
1.387
0.82798
2.28283
2.5988
0.676291
2.54378
2.75856
0.708851
1.54669
1.99766
0.53776
2.25152
2.55012
0.649177
2.29678
2.59521
0.655421
1.97527
2.41608
0.621049
1.75404
2.20367
0.565646
2.37662
2.67287
0.70432
2.37983
2.66374
0.676817
2.0559
2.47182
0.641393
1.88566
2.34778
0.603262
2.41235
2.68551
0.685051
1.9987
2.45603
0.636542
2.52081
2.73525
0.698151
2.52598
2.73723
0.699767
2.19759
2.55881
0.674604
2.46479
2.71645
0.697198
2.46283
2.72903
0.725903
2.53549
2.74198
0.701419
2.22702
2.57713
0.681265
2.52127
2.7648
0.739451
2.52139
2.75118
0.710103
2.54634
2.7494
0.703825
2.29063
2.61838
0.695856
2.37785
2.71501
0.735299
2.33739
2.69263
0.726317
2.53623
2.76098
0.713613
2.55681
2.75764
0.706401
2.3071
2.62997
0.699739
2.44533
2.75312
0.750031
2.57466
2.80275
0.752452
2.57277
2.78791
0.722554
2.47415
2.77009
0.756352
2.58287
2.83956
0.781403
2.5994
2.85108
0.785504
2.61444
2.86184
0.789232
1.07138
2.91082
0.815975
2.84831
0.677535
2.96015
0.678234
2.7338
2.92672
0.750773
1.61283
1.63007
1.84029
0.632738
2.55216
2.78162
0.754559
3.56635
0.75674
0.672273
3.58204
0.71361
0.596276
0.441
2.86077
3.45012
0.899216
3.08988
3.4736
0.87546
2.78785
3.3444
0.956138
3.12827
3.48179
0.964974
1.3964
0.624428
1.25557
1.53002
0.444809
2.4615
2.73598
0.691271
1.79626
2.33278
0.573175
2.4644
2.73851
0.691524
2.03519
2.55485
0.610901
2.49117
2.74454
0.695504
2.27171
2.74591
0.71885
2.36134
2.78926
0.70449
2.54442
2.77965
0.707642
2.44778
2.85996
0.76302
2.5617
2.79715
0.712327
2.49235
2.87289
0.737044
4.32145
0.789508
0.364148
0.900182
2.7558
2.91723
0.77704
1.00648
1.57618
0.832806
2.40374
0.740772
1.84901
0.956122
2.89695
0.671585
1.49448
2.26442
0.625433
2.77373
2.92402
0.796137
2.53037
2.79673
0.742271
2.69565
3.26075
0.872734
1.63671
1.68936
0.759538
2.07025
2.24674
0.656297
2.80109
0.681076
1.45133
2.4923
0.656021
1.33697
1.50818
2.2445
0.838954
1.59493
2.27412
2.55153
0.747387
2.27417
2.55161
0.747281
2.29784
2.56479
0.749178
2.06974
2.24605
0.656083
2.22893
2.4008
0.70791
2.07498
2.25003
0.658666
2.97782
0.685263
2.27423
2.55158
0.747291
2.27412
2.55133
0.74736
2.29792
2.56477
0.749222
2.24256
2.4787
0.731727
2.24255
2.4787
0.731701
2.0756
2.25057
0.658173
2.22833
2.3999
0.707546
2.07563
2.2509
0.657786
2.23615
2.3932
0.720132
2.40958
2.87572
0.866687
2.48343
2.94626
0.822459
2.372
2.82718
0.78512
1.67727
0.924628
3.23204
0.789425
2.27411
2.55129
0.747405
2.27398
2.55128
0.747388
2.2978
2.56474
0.74925
2.24256
2.4787
0.731719
2.24254
2.4787
0.731696
2.07564
2.25105
0.657841
2.20802
2.35301
0.699864
2.22834
2.40018
0.707597
2.07619
2.25189
0.658031
2.11504
2.32563
0.646089
2.16777
2.31811
0.674958
2.3821
2.83263
0.779632
2.53764
2.96822
0.820801
2.442
2.86446
0.786005
2.04988
2.30777
0.606038
2.33024
2.75862
0.78995
2.27401
2.55133
0.747412
2.22891
2.4009
0.70775
2.27404
2.55148
0.747383
2.29785
2.56489
0.749256
2.24255
2.4787
0.731716
2.07639
2.2522
0.658029
2.1611
2.31658
0.672547
2.07699
2.25288
0.658196
2.46324
2.87628
0.789927
2.60622
3.01173
0.833658
2.51929
2.90872
0.801439
2.35072
2.69608
0.706458
2.3795
2.75778
0.7612
2.27412
2.55154
0.747412
2.22949
2.40141
0.707913
2.27423
2.55166
0.747405
2.29801
2.56506
0.749277
2.07708
2.253
0.658188
2.14739
2.31481
0.670132
2.07724
2.25315
0.658294
2.15857
2.36107
0.670289
2.14348
2.31312
0.669923
2.53494
2.91808
0.804909
2.65976
3.0459
0.845939
2.57419
2.94195
0.81396
2.44631
2.81121
0.772925
2.27431
2.5517
0.74744
2.27441
2.55177
0.747441
2.29815
2.56516
0.749302
2.24257
2.47871
0.731714
2.07719
2.25313
0.65826
2.22986
2.40172
0.708048
2.07693
2.25295
0.658282
2.17248
2.36418
0.673643
2.58502
2.94869
0.816538
2.27448
2.5518
0.747476
2.27454
2.55183
0.747472
2.29824
2.5652
0.74932
2.07675
2.25285
0.658219
2.14306
2.31306
0.670285
2.22995
2.40187
0.708127
2.07621
2.25248
0.658162
2.2746
2.55186
0.747504
2.22979
2.40185
0.708143
2.27462
2.55187
0.747493
2.29828
2.5652
0.749327
2.07597
2.25233
0.658075
2.07528
2.25184
0.657972
2.20503
2.38309
0.681362
2.07501
2.25166
0.657875
0.941301
2.74617
3.23601
1.07986
2.65666
3.13817
0.988723
2.54044
3.06095
0.975454
2.4398
2.91944
0.925036
0.934673
3.4469
0.907988
1.79582
1.94866
0.602519
1.70043
1.78714
0.680507
2.48322
2.78757
0.751954
0.986344
1.23816
1.34304
1.48598
1.56922
0.652124
1.3183
1.38413
0.626794
1.36289
1.58899
0.540544
1.49288
1.6889
0.564075
1.46962
1.80649
0.522293
2.63843
2.89
0.908507
1.71451
2.06105
0.550957
2.07768
2.2756
0.634581
1.60917
2.01571
0.535783
1.79912
2.17085
0.571777
2.0989
2.30303
0.6399
2.15673
2.45568
0.633834
2.33257
2.73699
0.774042
1.99502
2.37852
0.633639
2.17097
2.59149
0.685454
2.09289
2.53472
0.663908
2.23594
2.63373
0.702299
2.04118
2.41428
0.648602
2.141
2.35764
0.661121
2.29057
2.66609
0.715538
2.3861
2.72813
0.720867
2.39762
2.77283
0.7631
2.14078
2.47216
0.677396
2.15248
2.36144
0.668041
2.16569
2.48357
0.683625
2.41377
2.73509
0.743132
2.46881
2.77988
0.748397
2.46005
2.82104
0.776186
2.22618
2.51093
0.697377
2.5
2.78579
0.762119
2.52367
2.8005
0.767506
2.24348
2.51962
0.701106
2.16867
2.36275
0.672798
2.54511
2.81429
0.772432
2.28898
2.54494
0.711116
2.1804
2.36791
0.675425
2.56488
2.82732
0.777107
2.30259
2.55327
0.71421
2.18445
2.3701
0.676362
2.33908
2.57718
0.722844
2.64088
2.88134
0.796045
2.62828
2.87193
0.792802
2.66855
2.81412
0.724692
2.66123
2.81888
0.711878
2.69178
2.878
0.713869
2.72492
2.92055
0.722557
2.76458
2.92814
0.810333
2.62831
2.82319
0.740048
2.59532
2.7979
0.723592
2.57298
2.78056
0.717294
2.53496
2.75146
0.704743
2.52221
2.74169
0.70207
2.52008
2.73684
0.699564
2.52037
2.73831
0.69963
2.51976
2.73843
0.700345
2.52784
2.73696
0.698751
2.53042
2.73913
0.70045
2.53805
2.74267
0.7006
2.54897
2.75043
0.703051
2.55169
2.75349
0.705115
2.70861
2.92409
0.746489
2.51334
2.7802
0.723557
2.5919
2.85579
0.707358
3.31537
0.79505
2.32111
0.769443
2.63457
3.13213
0.826172
1.81659
2.28184
0.553374
2.75963
2.95146
0.756556
2.68883
0.744613
2.78297
0.872105
2.72126
2.89382
0.794732
2.61023
0.639318
2.67303
2.85649
0.761103
2.55546
2.76712
0.710764
2.26765
2.57876
0.684935
2.52907
2.74743
0.704542
2.33935
2.64228
0.693872
2.52483
2.74332
0.701471
2.51936
2.73606
0.698538
2.44043
2.70239
0.691691
2.40952
2.69619
0.713047
2.52235
2.73647
0.699434
2.52371
2.73552
0.698254
2.48607
2.72903
0.701991
2.53272
2.73943
0.699556
2.50403
2.75379
0.735417
2.54088
2.7455
0.702566
2.53671
2.77509
0.743122
2.54354
2.74642
0.701786
2.54963
2.77043
0.71681
2.5542
2.75455
0.704332
2.56322
2.79401
0.749543
2.67442
2.90104
0.718627
2.76116
2.928
0.776343
2.61453
2.83304
0.774405
1.6884
1.03384
2.00824
0.927965
1.20094
2.25378
2.39011
0.69894
2.65525
0.605679
1.98761
2.14302
0.621364
3.33337
0.648415
2.6436
0.591462
2.28274
2.54663
0.749861
2.28281
2.54667
0.749895
2.31226
2.54557
0.750585
2.31227
2.54555
0.750576
2.30698
2.5298
0.738826
2.20768
2.45779
0.716977
2.20769
2.45779
0.716978
2.25958
2.39412
0.700334
2.28265
2.5466
0.749777
2.31253
2.54572
0.75058
2.31263
2.54581
0.750599
2.307
2.52981
0.73883
2.20775
2.45783
0.716971
2.20779
2.45787
0.716977
2.58708
3.06414
0.913134
2.50683
2.97597
0.856038
2.28278
2.54666
0.749789
2.31284
2.54602
0.750662
2.30701
2.52984
0.738834
2.20783
2.45793
0.716991
2.20784
2.45794
0.716996
2.26899
2.40278
0.703233
2.51545
2.97483
0.82653
2.50339
2.94901
0.817854
2.31289
2.54612
0.750708
2.31287
2.54612
0.750711
2.30699
2.52984
0.738836
2.20784
2.45794
0.717001
2.20784
2.45795
0.717003
2.56122
2.99072
0.826667
2.57342
2.99097
0.826771
2.28309
2.5469
0.749865
2.36044
2.58451
0.757106
2.28309
2.54687
0.749892
2.36042
2.58452
0.757111
2.3128
2.54609
0.750707
2.30697
2.52983
0.738834
2.20784
2.45794
0.717004
2.20785
2.45795
0.717006
2.26658
2.4017
0.703171
2.26713
2.40198
0.703224
2.61524
3.0239
0.836249
2.63494
3.02996
0.840123
2.36038
2.58451
0.757105
2.3127
2.54603
0.750687
2.30696
2.52982
0.738833
2.20786
2.45796
0.717007
2.20787
2.45797
0.71701
2.28322
2.54704
0.749905
2.28324
2.54703
0.749937
2.20789
2.45798
0.717013
2.2079
2.458
0.717016
2.26128
2.39815
0.702193
2.25918
2.39669
0.701689
2.23216
2.49295
0.732255
2.27409
2.55155
0.747335
2.23202
2.49292
0.73214
2.169
2.41137
0.706602
2.16905
2.41143
0.706699
2.27419
2.55161
0.747319
2.23206
2.49294
0.732043
2.23214
2.49299
0.732142
2.2999
2.56762
0.751431
2.29996
2.5676
0.751434
2.2978
2.56475
0.749183
2.30719
2.57679
0.755408
2.30702
2.5767
0.755388
2.30024
2.56775
0.75139
2.30002
2.56763
0.751383
2.27327
2.52727
0.735713
2.28267
2.54633
0.748062
2.36009
2.58412
0.757022
2.3601
2.58412
0.757029
2.27338
2.52733
0.73567
2.28279
2.54638
0.74801
2.36014
2.58418
0.757007
2.36013
2.58415
0.757018
2.35069
2.62014
0.765572
2.21385
2.47337
0.717149
2.21384
2.47336
0.717156
2.35072
2.62017
0.765568
2.28272
2.54661
0.749866
2.2138
2.47334
0.717152
2.21384
2.47336
0.717158
2.35065
2.62012
0.765568
2.35072
2.62017
0.76558
2.24252
2.52162
0.737058
2.24253
2.52162
0.737075
2.25622
2.563
0.756795
2.3945
2.64386
0.772641
2.39448
2.64386
0.772636
2.31242
2.54564
0.75057
2.24252
2.52161
0.737051
2.2425
2.5216
0.73705
2.39452
2.64387
0.772639
2.31234
2.54558
0.750572
2.25628
2.56301
0.756758
2.39449
2.64385
0.772641
2.19013
2.44344
0.712925
2.30699
2.5298
0.73883
2.20773
2.45781
0.716973
2.20769
2.45778
0.716974
2.19012
2.44344
0.712915
2.25417
2.38843
0.698133
2.07054
2.24678
0.656351
1.98874
2.13598
0.620435
2.01156
2.15275
0.625443
2.26876
2.40121
0.708585
2.27367
2.40357
0.712644
2.07306
2.24899
0.657583
2.22878
2.4007
0.707903
2.05917
2.18672
0.646055
2.08918
2.21605
0.654609
2.23216
2.49289
0.732077
2.27419
2.5515
0.7473
2.23208
2.49276
0.732029
2.2285
2.40009
0.707577
2.1689
2.41077
0.706679
2.16907
2.41096
0.70672
2.27419
2.55144
0.747359
2.23199
2.49253
0.732081
2.23213
2.49269
0.732126
2.30039
2.56788
0.751383
2.30057
2.56803
0.751424
2.29795
2.56483
0.749209
2.30754
2.57708
0.755538
2.30748
2.57703
0.755486
2.30077
2.56822
0.751502
2.30067
2.56814
0.751444
2.27397
2.52783
0.735739
2.2835
2.54696
0.748092
2.3602
2.58423
0.756998
2.36023
2.58427
0.757007
2.27411
2.52798
0.735771
2.28365
2.54714
0.74812
2.36033
2.58435
0.757027
2.35062
2.62013
0.765549
2.21381
2.47335
0.717144
2.35067
2.62016
0.765563
2.2138
2.47335
0.717137
2.36029
2.58432
0.757012
2.2827
2.54662
0.749777
2.35064
2.62016
0.765551
2.2138
2.47336
0.717132
2.2138
2.47337
0.717135
2.3506
2.62012
0.765541
2.39454
2.6439
0.772635
2.2425
2.52161
0.737032
2.39452
2.64388
0.772635
2.24251
2.52163
0.737042
2.2568
2.5634
0.756791
2.31279
2.54596
0.750641
2.31272
2.54589
0.750622
2.24251
2.52163
0.737041
2.24249
2.52163
0.73703
2.25695
2.56355
0.75682
2.39454
2.64391
0.772636
2.39456
2.64393
0.77264
2.19013
2.44345
0.712923
2.24255
2.47871
0.731708
2.307
2.52983
0.738831
2.20782
2.45792
0.716988
2.2078
2.45789
0.716981
2.24256
2.4787
0.731726
2.19012
2.44345
0.712909
2.27445
2.40533
0.709801
2.07573
2.25082
0.657832
2.36031
2.55693
0.799142
2.05
2.21517
0.647802
2.07563
2.22661
0.653869
2.27135
2.40475
0.704212
2.27015
2.40389
0.703525
2.07562
2.25082
0.657706
2.00988
2.19664
0.648382
2.28092
2.46058
0.751438
2.02709
2.19459
0.64228
2.00949
2.17591
0.637169
2.39118
2.86708
0.857376
2.38387
2.84206
0.831792
2.48714
2.95617
0.832105
2.51419
2.98267
0.831056
2.37211
2.82825
0.802283
2.37879
2.84311
0.786017
2.23203
2.49249
0.732171
2.27403
2.55125
0.747389
2.23191
2.49243
0.732117
2.22828
2.40002
0.707581
2.16865
2.41067
0.706645
2.16878
2.41067
0.706723
2.27404
2.55126
0.747416
2.23191
2.49249
0.732137
2.23198
2.49247
0.732196
2.30081
2.56828
0.751521
2.30085
2.56833
0.751567
2.29785
2.56474
0.749251
2.30753
2.57718
0.755598
2.30754
2.57715
0.755582
2.30086
2.5684
0.751608
2.30084
2.56836
0.751576
2.27431
2.52824
0.735895
2.28393
2.54748
0.748272
2.36037
2.58439
0.757037
2.3604
2.58442
0.757053
2.27431
2.52827
0.735903
2.28394
2.54752
0.748277
2.36043
2.58446
0.757077
2.36042
2.58444
0.757064
2.21381
2.47338
0.717132
2.35063
2.62015
0.765543
2.21381
2.47338
0.717132
2.35059
2.62011
0.765536
2.28286
2.54671
0.749807
2.35063
2.62015
0.765542
2.21383
2.47339
0.717137
2.21383
2.47339
0.717135
2.3506
2.62011
0.765537
2.24249
2.52163
0.73703
2.39457
2.64394
0.772642
2.24251
2.52163
0.737042
2.31287
2.54606
0.750678
2.25727
2.56389
0.756938
2.39459
2.64396
0.772648
2.31289
2.54609
0.750693
2.39459
2.64396
0.772651
2.24251
2.52163
0.737041
2.2425
2.52162
0.737032
2.25731
2.56395
0.756957
2.39461
2.64398
0.772656
2.19012
2.44345
0.71292
2.24255
2.4787
0.731701
2.30699
2.52983
0.738834
2.20784
2.45795
0.717001
2.20784
2.45794
0.716998
2.19011
2.44345
0.712907
2.26942
2.40315
0.703297
2.0758
2.25127
0.657937
2.18973
2.33207
0.687086
1.98758
2.15255
0.629017
1.99666
2.16193
0.632646
2.26874
2.40252
0.703212
2.26859
2.40251
0.703227
2.07595
2.25158
0.657952
2.1768
2.32201
0.679379
1.98125
2.14667
0.626274
1.97689
2.14351
0.624336
2.39948
2.84161
0.779813
2.39717
2.85086
0.784931
2.51983
2.95766
0.818774
2.54706
2.9827
0.82509
2.42031
2.8527
0.782384
2.46782
2.89253
0.793284
2.23203
2.49259
0.732215
2.27399
2.55137
0.747383
2.232
2.49266
0.732157
2.22877
2.40074
0.707712
2.16884
2.41097
0.706648
2.16885
2.41091
0.706699
2.27404
2.55143
0.747409
2.23215
2.49285
0.73218
2.23215
2.49278
0.732236
2.30085
2.56842
0.751606
2.30087
2.56845
0.75163
2.29784
2.56487
0.749257
2.3075
2.57726
0.755585
2.30749
2.57724
0.755577
2.30087
2.5685
0.751641
2.30085
2.56848
0.751622
2.27424
2.52828
0.73594
2.28391
2.54755
0.74834
2.36045
2.58448
0.757085
2.36045
2.58449
0.757096
2.27421
2.52827
0.735925
2.28387
2.54754
0.748319
2.36044
2.58451
0.757106
2.36045
2.5845
0.7571
2.21385
2.47341
0.71714
2.35065
2.62016
0.765545
2.21385
2.47341
0.717142
2.35063
2.62013
0.765542
2.35067
2.62018
0.765551
2.21386
2.47342
0.717146
2.21386
2.47342
0.717146
2.35064
2.62015
0.765548
2.24251
2.52163
0.737031
2.39462
2.64398
0.772659
2.24253
2.52164
0.737044
2.25737
2.56405
0.757017
2.39463
2.644
0.772664
2.31282
2.5461
0.750708
2.39464
2.644
0.772667
2.24255
2.52165
0.737045
2.24253
2.52164
0.737035
2.39465
2.64402
0.772672
2.31285
2.54611
0.750714
2.25736
2.56405
0.757016
2.19012
2.44345
0.712919
2.30697
2.52982
0.738833
2.20785
2.45795
0.717005
2.20784
2.45794
0.717004
2.24256
2.4787
0.731718
2.1901
2.44344
0.712905
2.26845
2.40247
0.70324
2.07663
2.25247
0.658113
2.15627
2.31626
0.671283
1.97173
2.14126
0.622189
1.97387
2.14188
0.623026
2.26797
2.40238
0.703267
2.2676
2.40227
0.703265
2.0768
2.2527
0.658113
2.15251
2.31584
0.670656
1.97011
2.14099
0.621654
1.96882
2.14097
0.621327
2.48338
2.88774
0.7939
2.49071
2.90766
0.797429
2.59032
3.00166
0.83026
2.6026
3.01612
0.833703
2.50206
2.8986
0.797751
2.54941
2.94638
0.809705
2.23232
2.49296
0.732262
2.27413
2.55158
0.747389
2.23233
2.49302
0.732207
2.22938
2.4013
0.707881
2.1693
2.41134
0.706734
2.16927
2.41127
0.706768
2.27421
2.55163
0.747423
2.2325
2.49316
0.732239
2.2325
2.49312
0.732291
2.30087
2.56853
0.751628
2.30089
2.56855
0.751646
2.29799
2.56505
0.749273
2.30753
2.57732
0.755574
2.3075
2.57731
0.755562
2.30091
2.56858
0.751647
2.30088
2.56856
0.75163
2.27411
2.52823
0.735922
2.28378
2.54751
0.748331
2.27407
2.52821
0.735902
2.28373
2.54749
0.748302
2.36041
2.58452
0.757108
2.35067
2.62017
0.765553
2.21387
2.47343
0.717148
2.35069
2.6202
0.765556
2.21387
2.47343
0.717148
2.36039
2.58452
0.757109
2.28314
2.54695
0.749878
2.35071
2.62022
0.765563
2.21387
2.47344
0.717148
2.21388
2.47344
0.71715
2.35068
2.62019
0.765558
2.39466
2.64404
0.772678
2.24256
2.52165
0.737037
2.24258
2.52167
0.737051
2.31277
2.54608
0.750702
2.25732
2.56404
0.757029
2.39465
2.64403
0.772674
2.31275
2.54606
0.7507
2.2426
2.52169
0.737054
2.24258
2.52167
0.737043
2.25729
2.56403
0.75702
2.39466
2.64404
0.772681
2.39467
2.64406
0.772684
2.19011
2.44344
0.712917
2.30696
2.52981
0.738832
2.20786
2.45796
0.717008
2.20785
2.45795
0.717006
2.24257
2.4787
0.731718
2.1901
2.44344
0.712904
2.07719
2.25309
0.658254
2.14569
2.31424
0.670008
1.96673
2.14079
0.620945
1.96771
2.14087
0.621098
2.26595
2.40127
0.70308
2.2653
2.40089
0.702986
2.07721
2.25314
0.658235
2.14438
2.31362
0.669914
2.15547
2.36116
0.669281
1.96581
2.14056
0.620809
1.96498
2.14035
0.620702
2.54925
2.9267
0.80816
2.56557
2.95685
0.813374
2.64782
3.03821
0.843133
2.64876
3.04434
0.843463
2.56229
2.93464
0.811163
2.60561
2.98205
0.822762
2.23267
2.49324
0.732322
2.27432
2.55172
0.747422
2.23266
2.49327
0.73227
2.16976
2.41165
0.706849
2.16975
2.4116
0.706884
2.2744
2.55176
0.747459
2.2328
2.49337
0.732301
2.23282
2.49334
0.732353
2.30091
2.56859
0.751632
2.30093
2.5686
0.751649
2.29814
2.56517
0.749299
2.30759
2.57734
0.755577
2.30756
2.57734
0.755562
2.30095
2.56861
0.751651
2.30093
2.5686
0.751634
2.274
2.52817
0.735897
2.28365
2.54743
0.748302
2.36036
2.58451
0.757106
2.27398
2.52815
0.735878
2.28361
2.54741
0.748272
2.36032
2.58448
0.757099
2.36035
2.5845
0.7571
2.21387
2.47344
0.717148
2.21387
2.47344
0.717146
2.35069
2.62021
0.765561
2.35072
2.62024
0.765565
2.28322
2.54701
0.749931
2.2832
2.54702
0.749898
2.21386
2.47343
0.717143
2.21387
2.47344
0.717146
2.3507
2.62021
0.765563
2.35073
2.62025
0.765569
2.24261
2.52169
0.737046
2.24263
2.52171
0.73706
2.31268
2.54602
0.75068
2.25722
2.56399
0.757017
2.39467
2.64407
0.772688
2.39467
2.64406
0.772685
2.24264
2.52172
0.737062
2.24263
2.52171
0.737052
2.39466
2.64407
0.77269
2.31266
2.54601
0.750678
2.2572
2.56398
0.757004
2.39466
2.64407
0.772689
2.19011
2.44344
0.712916
2.20789
2.45798
0.717013
2.20788
2.45797
0.717011
2.26461
2.40039
0.702863
2.07715
2.25309
0.658301
2.1426
2.31258
0.669967
1.96349
2.1398
0.620497
1.96419
2.14004
0.62059
2.26322
2.39945
0.7026
2.07703
2.25303
0.658252
2.2298
2.40167
0.708024
2.26255
2.39903
0.70247
2.14253
2.31257
0.67
1.96284
2.13951
0.6204
1.96229
2.13931
0.620328
2.61665
2.98894
0.825401
2.23296
2.49343
0.732383
2.27448
2.5518
0.747457
2.23293
2.49345
0.732328
2.22997
2.40186
0.708118
2.17007
2.4119
0.706948
2.1701
2.41187
0.70699
2.27455
2.55183
0.747491
2.23303
2.49351
0.732354
2.23307
2.4935
0.73241
2.30095
2.56861
0.751636
2.30097
2.56862
0.751653
2.29824
2.56522
0.749319
2.30764
2.57736
0.755582
2.30762
2.57736
0.755568
2.30099
2.56862
0.751654
2.30097
2.56862
0.751637
2.27395
2.52811
0.735878
2.28355
2.54735
0.748273
2.36031
2.58447
0.757092
2.36028
2.58446
0.757091
2.27393
2.5281
0.73586
2.28352
2.54733
0.748243
2.36024
2.58443
0.757081
2.36027
2.58444
0.757084
2.21386
2.47343
0.717142
2.35073
2.62025
0.765569
2.21385
2.47342
0.717139
2.3507
2.62021
0.765563
2.28325
2.54705
0.749943
2.28322
2.54705
0.749908
2.24264
2.52173
0.737054
2.39466
2.64407
0.772689
2.24266
2.52174
0.737067
2.31261
2.54597
0.75066
2.25714
2.56394
0.756998
2.39465
2.64407
0.77269
2.26189
2.39854
0.702325
2.07661
2.25274
0.658232
2.14361
2.31354
0.67053
1.96139
2.13895
0.620203
1.96179
2.13908
0.620253
2.26015
2.39737
0.70193
2.07639
2.25261
0.658156
2.14425
2.31412
0.670716
1.96103
2.13881
0.620153
1.96076
2.13877
0.620131
2.23316
2.49356
0.732432
2.27459
2.55186
0.747483
2.23311
2.49357
0.732373
2.22987
2.40188
0.708149
2.17022
2.41205
0.707014
2.17029
2.41205
0.707065
2.27464
2.55188
0.747515
2.23317
2.49361
0.732392
2.23323
2.49361
0.732452
2.30098
2.56862
0.751637
2.301
2.56862
0.751654
2.2983
2.56523
0.749329
2.30767
2.57736
0.755585
2.30765
2.57736
0.755571
2.301
2.56862
0.751653
2.30099
2.56862
0.751637
2.27392
2.52807
0.735864
2.28347
2.54728
0.748248
2.25964
2.39698
0.7018
2.07576
2.25218
0.658071
2.1469
2.31645
0.67162
1.96038
2.13873
0.620109
1.96053
2.1387
0.620108
2.0755
2.25201
0.657979
2.25837
2.39611
0.701478
2.14791
2.31735
0.671903
2.20098
2.38033
0.680341
1.96026
2.13874
0.620109
1.96021
2.13884
0.620136
2.25802
2.39581
0.701377
2.07479
2.25149
0.657859
1.96021
2.13904
0.620202
1.96018
2.13889
0.620158
2.88534
3.31978
0.805643
2.73617
3.07496
0.750531
3.05392
3.44714
0.842044
2.90357
3.21076
0.791081
3.01426
3.3908
0.862983
2.77982
3.10124
0.772
2.76566
3.14764
0.785647
0.805969
)
;

boundaryField
{
    front
    {
        type            cyclic;
    }
    Back
    {
        type            cyclic;
    }
    inlet
    {
        type            fixedValue;
        value           nonuniform List<scalar> 0();
    }
    outlet
    {
        type            inletOutlet;
        inletValue      uniform 0.24;
        value           nonuniform List<scalar> 
170
(
1.99605
1.91718
1.84814
1.7781
1.70605
1.9961
1.9173
1.84824
1.77818
1.70613
1.99605
1.91738
1.84834
1.77828
1.70622
1.99598
1.91742
1.84841
1.77835
1.7063
1.99592
1.91743
1.84845
1.77841
1.70636
1.99587
1.91744
1.84848
1.77844
1.7064
1.91743
1.84849
1.77846
1.70642
1.9913
1.99117
1.99125
1.99115
1.99125
1.99117
1.99126
1.99118
1.99128
1.99119
1.99128
1.99119
1.94878
1.94884
1.99605
1.94881
1.94885
1.99606
1.94881
1.94883
1.996
1.9488
1.94882
1.99593
1.94879
1.94881
1.99587
1.94879
1.94881
1.99583
1.94879
1.99124
1.99867
1.99874
1.99864
1.99872
1.99127
1.99119
1.99862
1.9987
1.99861
1.99869
1.99124
1.99119
1.99861
1.99868
1.99861
1.99868
1.99125
1.9912
1.99862
1.99869
1.99862
1.9987
1.99127
1.99121
1.99864
1.99871
1.99865
1.99872
1.99128
1.99121
1.99866
1.99873
1.99866
1.99874
1.99128
2.24258
2.47871
0.731736
2.24256
2.47871
0.731721
2.24255
2.4787
0.731698
2.24256
2.4787
0.731714
2.24255
2.4787
0.731697
2.24257
2.47871
0.731698
2.24257
2.4787
0.731738
2.24256
2.4787
0.731712
2.24255
2.4787
0.73172
2.24255
2.4787
0.731694
2.24256
2.4787
0.731694
2.24258
2.47871
0.731719
2.24256
2.4787
0.731727
2.24255
2.4787
0.731701
2.24256
2.4787
0.731719
2.24254
2.4787
0.731696
2.24255
2.4787
0.731716
2.24257
2.47871
0.731714
2.24255
2.47871
0.731708
2.24256
2.4787
0.731726
2.24255
2.4787
0.731701
2.24256
2.4787
0.731718
2.24257
2.4787
0.731718
)
;
    }
    upperPatch
    {
        type            slip;
    }
    ground
    {
        type            kqRWallFunction;
        value           nonuniform List<scalar> 
1366
(
0.810517
1.0041
1.9167
1.03816
0.928788
1.40663
1.67608
1.94518
1.22184
0.928788
0.928788
1.22184
1.22184
0.707403
0.749195
0.836916
0.70776
0.749182
0.600041
0.707561
0.749238
0.631988
0.707635
0.749254
0.652023
0.707798
0.749263
0.666393
0.707958
0.749287
0.67116
0.708079
0.749311
0.674511
0.708143
0.749325
0.678323
0.708144
0.68237
1.06672
0.822298
0.713096
1.34957
0.598668
1.07325
1.14552
0.442157
0.522116
0.44892
0.603246
0.554795
0.63923
0.664997
0.697722
0.683708
0.708433
0.716974
0.730322
0.724118
0.796429
1.07575
0.867893
0.625118
1.02868
0.668537
1.15423
1.1956
0.844616
0.709668
0.445774
0.698143
0.505391
0.692687
0.646546
0.691038
0.692925
0.698171
0.694839
0.703669
0.715188
0.704668
0.755295
0.714865
0.742438
0.713123
0.997852
0.824911
1.1314
1.27407
0.885378
0.847009
0.902163
0.8692
0.849957
1.00039
0.733718
0.558034
0.5925
0.655709
0.666477
0.686797
0.691596
0.703274
0.777091
0.770382
0.761444
0.720163
0.771824
0.506892
0.844746
0.736689
0.400502
0.779858
0.302011
0.847141
0.880647
0.538465
0.804598
0.480693
0.757829
0.691863
0.562898
0.690307
0.628552
0.697559
0.69066
0.69847
0.734168
0.700567
0.709598
0.73091
0.710474
0.769599
0.867294
0.576053
0.896995
0.490137
1.0528
0.672079
1.21021
1.1293
0.761878
0.869923
0.786745
0.904593
0.80186
0.928914
0.778163
0.778176
0.743634
0.728576
0.743646
0.728528
0.742703
0.778185
0.778233
0.743651
0.728532
0.743685
0.72865
0.778242
0.778244
0.743693
0.728688
0.743692
0.728789
0.778239
0.778219
0.743685
0.728802
0.743663
0.728834
0.687026
0.778213
0.778198
0.743656
0.72883
0.743645
0.728829
0.738653
0.744128
0.778194
0.778186
0.743644
0.72882
0.743647
0.728812
0.778185
0.77818
0.74365
0.728801
0.743659
0.728793
0.778179
0.778175
0.743662
0.728782
1.07194
1.01428
0.536861
0.537142
0.594114
0.669767
0.70459
0.717177
0.720069
0.710529
0.703997
0.796522
0.787504
0.684076
0.66664
0.720117
0.730937
0.706261
0.746435
0.719786
0.777153
0.613932
0.416036
0.782425
0.706021
1.06686
0.738828
0.706759
0.707561
0.706664
0.755422
0.749188
0.75543
0.738829
0.706644
0.707621
0.706612
0.75541
0.74919
0.755461
0.672119
0.865524
0.738833
0.706747
0.707555
0.706673
0.755551
0.749244
0.755585
0.824626
0.738834
0.706698
0.707664
0.706632
0.755584
0.749252
0.755593
0.657097
0.828766
0.738832
0.706723
0.707831
0.70668
0.755567
0.749264
0.755577
0.838741
0.738831
0.706826
0.707984
0.70679
0.75556
0.74929
0.755574
0.671986
0.70694
0.708093
0.706901
0.755564
0.749312
0.755579
0.707032
0.708139
0.706983
0.755569
0.749324
0.755583
0.679333
0.70709
0.708127
0.707033
0.778175
0.778169
0.735715
0.743641
0.748058
0.728558
0.743643
0.735684
0.728532
0.74803
0.749804
0.756811
0.756755
0.712919
0.738832
0.712931
0.654971
0.684785
0.805167
0.7782
0.778216
0.735692
0.743661
0.748031
0.728566
0.743673
0.735827
0.7286
0.748191
0.749817
0.749809
0.756758
0.756865
0.712913
0.738832
0.712925
0.706447
0.842911
0.816148
0.841194
0.793521
0.778246
0.778247
0.735851
0.743697
0.748213
0.728732
0.743696
0.735931
0.728759
0.748319
0.749817
0.749834
0.756895
0.7507
0.756986
0.71291
0.738836
0.712923
0.786565
0.824312
0.789556
0.778233
0.778226
0.735924
0.743678
0.74831
0.728821
0.74367
0.735934
0.728824
0.748341
0.74983
0.749854
0.749875
0.749847
0.756995
0.757027
0.712909
0.738836
0.712921
0.703265
0.670331
0.801651
0.83116
0.805776
0.778207
0.778202
0.735915
0.743651
0.748314
0.728835
0.743646
0.735909
0.728827
0.748318
0.749908
0.757019
0.75069
0.757023
0.712907
0.738834
0.71292
0.81677
0.841153
0.819894
0.778191
0.778189
0.735889
0.743644
0.748287
0.728821
0.743645
0.735886
0.728811
0.748287
0.749891
0.74992
0.75701
0.750668
0.757006
0.712906
0.738833
0.712919
0.702742
0.66988
0.670173
0.778182
0.778181
0.735868
0.743653
0.748257
0.728802
0.743656
0.73587
0.728792
0.74826
0.750665
0.756992
0.702052
0.671026
0.778177
0.778177
0.735853
0.743665
0.748231
0.728783
0.671265
0.701572
0.672296
0.701296
0.672604
0.676854
0.810687
0.820677
0.782594
0.582117
0.673978
0.946127
0.731736
0.731721
0.731698
0.731714
0.731697
0.731698
0.731738
0.731712
0.73172
0.731694
0.731694
0.731719
0.997866
0.906411
1.47881
0.991416
0.818709
0.590158
0.813699
0.823505
0.761359
0.836981
0.769502
0.782059
0.987332
0.908123
0.912298
1.38374
1.08048
0.959368
0.848672
0.634858
0.847686
0.662337
0.765053
0.615316
0.664164
0.660278
0.731229
0.766075
0.688828
0.779237
0.693345
0.70793
0.677337
0.711105
0.943001
0.923017
1.02209
0.738271
0.498049
0.876395
0.660566
0.998106
0.878416
0.779083
0.867683
0.865986
0.342665
0.856627
0.88951
0.900091
0.838781
0.850512
0.942339
0.826529
0.724581
0.450728
0.695327
0.503512
0.66927
0.672141
0.701581
0.745925
0.706709
0.723774
0.77535
0.950399
0.872047
1.24579
0.747177
0.712775
0.582862
0.787042
1.1629
1.20883
0.698499
0.854137
0.867138
0.857723
0.859734
0.565021
0.71069
0.663643
0.82798
0.676291
0.708851
0.53776
0.649177
0.655421
0.621049
0.565646
0.70432
0.676817
0.641393
0.603262
0.685051
0.636542
0.698151
0.699767
0.674604
0.697198
0.725903
0.701419
0.681265
0.739451
0.710103
0.703825
0.695856
0.735299
0.726317
0.713613
0.706401
0.699739
0.750031
0.752452
0.722554
0.756352
0.781403
0.785504
0.789232
1.07138
0.815975
0.677535
0.678234
0.750773
1.61283
0.632738
0.754559
0.75674
0.672273
0.71361
0.596276
0.441
0.899216
0.87546
0.956138
0.964974
0.624428
0.444809
0.691271
0.573175
0.691524
0.610901
0.695504
0.71885
0.70449
0.707642
0.76302
0.712327
0.737044
0.789508
0.364148
0.900182
0.77704
1.00648
1.57618
0.832806
0.740772
0.956122
0.671585
1.49448
0.625433
0.796137
0.742271
0.872734
0.759538
0.656297
0.681076
1.45133
0.656021
1.33697
1.50818
0.838954
1.59493
0.747387
0.747281
0.749178
0.656083
0.70791
0.658666
0.685263
0.747291
0.74736
0.749222
0.731727
0.731701
0.658173
0.707546
0.657786
0.720132
0.866687
0.822459
0.78512
0.924628
0.789425
0.747405
0.747388
0.74925
0.731719
0.731696
0.657841
0.699864
0.707597
0.658031
0.646089
0.674958
0.779632
0.820801
0.786005
0.606038
0.78995
0.747412
0.70775
0.747383
0.749256
0.731716
0.658029
0.672547
0.658196
0.789927
0.833658
0.801439
0.706458
0.7612
0.747412
0.707913
0.747405
0.749277
0.658188
0.670132
0.658294
0.670289
0.669923
0.804909
0.845939
0.81396
0.772925
0.74744
0.747441
0.749302
0.731714
0.65826
0.708048
0.658282
0.673643
0.816538
0.747476
0.747472
0.74932
0.658219
0.670285
0.708127
0.658162
0.747504
0.708143
0.747493
0.749327
0.658075
0.657972
0.681362
0.657875
0.941301
1.07986
0.988723
0.975454
0.925036
0.934673
0.907988
0.602519
0.680507
0.751954
0.986344
1.23816
1.34304
0.652124
0.626794
0.540544
0.564075
0.522293
0.908507
0.550957
0.634581
0.535783
0.571777
0.6399
0.633834
0.774042
0.633639
0.685454
0.663908
0.702299
0.648602
0.661121
0.715538
0.720867
0.7631
0.677396
0.668041
0.683625
0.743132
0.748397
0.776186
0.697377
0.762119
0.767506
0.701106
0.672798
0.772432
0.711116
0.675425
0.777107
0.71421
0.676362
0.722844
0.796045
0.792802
0.724692
0.711878
0.713869
0.722557
0.810333
0.740048
0.723592
0.717294
0.704743
0.70207
0.699564
0.69963
0.700345
0.698751
0.70045
0.7006
0.703051
0.705115
0.746489
0.723557
0.707358
0.79505
0.769443
0.826172
0.553374
0.756556
0.744613
0.872105
0.794732
0.639318
0.761103
0.710764
0.684935
0.704542
0.693872
0.701471
0.698538
0.691691
0.713047
0.699434
0.698254
0.701991
0.699556
0.735417
0.702566
0.743122
0.701786
0.71681
0.704332
0.749543
0.718627
0.776343
0.774405
1.03384
0.927965
1.20094
0.69894
0.605679
0.621364
0.648415
0.591462
0.749861
0.749895
0.750585
0.750576
0.738826
0.716977
0.716978
0.700334
0.749777
0.75058
0.750599
0.73883
0.716971
0.716977
0.913134
0.856038
0.749789
0.750662
0.738834
0.716991
0.716996
0.703233
0.82653
0.817854
0.750708
0.750711
0.738836
0.717001
0.717003
0.826667
0.826771
0.749865
0.757106
0.749892
0.757111
0.750707
0.738834
0.717004
0.717006
0.703171
0.703224
0.836249
0.840123
0.757105
0.750687
0.738833
0.717007
0.71701
0.749905
0.749937
0.717013
0.717016
0.702193
0.701689
0.732255
0.747335
0.73214
0.706602
0.706699
0.747319
0.732043
0.732142
0.751431
0.751434
0.749183
0.755408
0.755388
0.75139
0.751383
0.735713
0.748062
0.757022
0.757029
0.73567
0.74801
0.757007
0.757018
0.765572
0.717149
0.717156
0.765568
0.749866
0.717152
0.717158
0.765568
0.76558
0.737058
0.737075
0.756795
0.772641
0.772636
0.75057
0.737051
0.73705
0.772639
0.750572
0.756758
0.772641
0.712925
0.73883
0.716973
0.716974
0.712915
0.698133
0.656351
0.620435
0.625443
0.708585
0.712644
0.657583
0.707903
0.646055
0.654609
0.732077
0.7473
0.732029
0.707577
0.706679
0.70672
0.747359
0.732081
0.732126
0.751383
0.751424
0.749209
0.755538
0.755486
0.751502
0.751444
0.735739
0.748092
0.756998
0.757007
0.735771
0.74812
0.757027
0.765549
0.717144
0.765563
0.717137
0.757012
0.749777
0.765551
0.717132
0.717135
0.765541
0.772635
0.737032
0.772635
0.737042
0.756791
0.750641
0.750622
0.737041
0.73703
0.75682
0.772636
0.77264
0.712923
0.731708
0.738831
0.716988
0.716981
0.731726
0.712909
0.709801
0.657832
0.799142
0.647802
0.653869
0.704212
0.703525
0.657706
0.648382
0.751438
0.64228
0.637169
0.857376
0.831792
0.832105
0.831056
0.802283
0.786017
0.732171
0.747389
0.732117
0.707581
0.706645
0.706723
0.747416
0.732137
0.732196
0.751521
0.751567
0.749251
0.755598
0.755582
0.751608
0.751576
0.735895
0.748272
0.757037
0.757053
0.735903
0.748277
0.757077
0.757064
0.717132
0.765543
0.717132
0.765536
0.749807
0.765542
0.717137
0.717135
0.765537
0.73703
0.772642
0.737042
0.750678
0.756938
0.772648
0.750693
0.772651
0.737041
0.737032
0.756957
0.772656
0.71292
0.731701
0.738834
0.717001
0.716998
0.712907
0.703297
0.657937
0.687086
0.629017
0.632646
0.703212
0.703227
0.657952
0.679379
0.626274
0.624336
0.779813
0.784931
0.818774
0.82509
0.782384
0.793284
0.732215
0.747383
0.732157
0.707712
0.706648
0.706699
0.747409
0.73218
0.732236
0.751606
0.75163
0.749257
0.755585
0.755577
0.751641
0.751622
0.73594
0.74834
0.757085
0.757096
0.735925
0.748319
0.757106
0.7571
0.71714
0.765545
0.717142
0.765542
0.765551
0.717146
0.717146
0.765548
0.737031
0.772659
0.737044
0.757017
0.772664
0.750708
0.772667
0.737045
0.737035
0.772672
0.750714
0.757016
0.712919
0.738833
0.717005
0.717004
0.731718
0.712905
0.70324
0.658113
0.671283
0.622189
0.623026
0.703267
0.703265
0.658113
0.670656
0.621654
0.621327
0.7939
0.797429
0.83026
0.833703
0.797751
0.809705
0.732262
0.747389
0.732207
0.707881
0.706734
0.706768
0.747423
0.732239
0.732291
0.751628
0.751646
0.749273
0.755574
0.755562
0.751647
0.75163
0.735922
0.748331
0.735902
0.748302
0.757108
0.765553
0.717148
0.765556
0.717148
0.757109
0.749878
0.765563
0.717148
0.71715
0.765558
0.772678
0.737037
0.737051
0.750702
0.757029
0.772674
0.7507
0.737054
0.737043
0.75702
0.772681
0.772684
0.712917
0.738832
0.717008
0.717006
0.731718
0.712904
0.658254
0.670008
0.620945
0.621098
0.70308
0.702986
0.658235
0.669914
0.669281
0.620809
0.620702
0.80816
0.813374
0.843133
0.843463
0.811163
0.822762
0.732322
0.747422
0.73227
0.706849
0.706884
0.747459
0.732301
0.732353
0.751632
0.751649
0.749299
0.755577
0.755562
0.751651
0.751634
0.735897
0.748302
0.757106
0.735878
0.748272
0.757099
0.7571
0.717148
0.717146
0.765561
0.765565
0.749931
0.749898
0.717143
0.717146
0.765563
0.765569
0.737046
0.73706
0.75068
0.757017
0.772688
0.772685
0.737062
0.737052
0.77269
0.750678
0.757004
0.772689
0.712916
0.717013
0.717011
0.702863
0.658301
0.669967
0.620497
0.62059
0.7026
0.658252
0.708024
0.70247
0.67
0.6204
0.620328
0.825401
0.732383
0.747457
0.732328
0.708118
0.706948
0.70699
0.747491
0.732354
0.73241
0.751636
0.751653
0.749319
0.755582
0.755568
0.751654
0.751637
0.735878
0.748273
0.757092
0.757091
0.73586
0.748243
0.757081
0.757084
0.717142
0.765569
0.717139
0.765563
0.749943
0.749908
0.737054
0.772689
0.737067
0.75066
0.756998
0.77269
0.702325
0.658232
0.67053
0.620203
0.620253
0.70193
0.658156
0.670716
0.620153
0.620131
0.732432
0.747483
0.732373
0.708149
0.707014
0.707065
0.747515
0.732392
0.732452
0.751637
0.751654
0.749329
0.755585
0.755571
0.751653
0.751637
0.735864
0.748248
0.7018
0.658071
0.67162
0.620109
0.620108
0.657979
0.701478
0.671903
0.680341
0.620109
0.620136
0.701377
0.657859
0.620202
0.620158
0.805643
0.750531
0.842044
0.791081
0.862983
0.772
0.785647
0.805969
)
;
    }
    procBoundary4to0
    {
        type            processor;
        value           nonuniform List<scalar> 
76
(
1.86394
1.88246
1.84112
1.77551
1.76239
1.75405
1.72969
1.69483
1.65589
1.62985
1.8623
1.87988
1.83696
1.77088
1.76086
1.7541
1.72977
1.69491
1.65597
1.62992
1.86232
1.87987
1.83724
1.77146
1.7614
1.7542
1.72989
1.69502
1.65607
1.63
1.86228
1.87994
1.83738
1.77192
1.76177
1.75429
1.72998
1.69511
1.65615
1.63008
1.8621
1.87993
1.83743
1.77226
1.76201
1.75436
1.73005
1.69518
1.65621
1.63014
1.86181
1.87975
1.83734
1.7725
1.76219
1.75441
1.73009
1.69522
1.65625
1.63018
1.77266
1.76232
1.75445
1.73011
1.69525
1.65628
1.63021
1.77274
1.76241
1.75448
1.73013
1.87119
1.88224
1.83826
1.77482
1.76227
)
;
    }
    procBoundary4to1
    {
        type            processor;
        value           nonuniform List<scalar> 
183
(
2.22206
1.90978
2.19976
1.90948
2.18421
1.90954
2.16955
1.90919
2.15779
1.90848
1.91849
2.33397
2.33397
2.28289
2.34269
2.34269
2.33638
2.36231
2.80423
2.22206
2.22206
2.22206
2.10748
2.20834
2.09543
3.02972
2.95907
2.34256
2.35809
2.31217
2.31217
2.35165
2.43976
2.43976
2.43976
2.43976
2.44318
2.6802
2.52494
2.42158
2.36334
2.32886
2.37733
2.27299
2.24291
2.23377
2.21118
2.2059
2.19625
2.19497
2.10858
2.22768
2.11769
2.31874
2.36231
2.2971
2.32508
2.35165
2.29117
2.27655
2.09475
2.19193
2.09441
2.29524
2.30989
2.09322
2.17663
2.09124
2.36053
2.37822
2.0888
2.16319
2.08597
2.43032
2.44682
2.0831
2.08016
2.28257
2.27457
2.30348
2.26299
2.28434
2.25305
2.25471
2.26806
2.34299
2.326
2.24446
2.22511
2.23681
2.21772
2.22881
2.23178
2.4133
2.3959
2.2279
2.20162
2.22853
2.19843
2.23402
2.23074
2.23844
2.19463
2.24357
2.46186
2.92516
2.83507
2.35776
2.36512
2.35435
2.35435
3.21709
3.6126
0.9097
2.52494
2.65923
0.731922
2.98437
3.23441
0.784019
2.43692
2.90466
0.881731
2.38868
2.83734
0.793724
2.45876
2.86524
0.798874
2.52778
2.90467
0.811452
2.50209
2.97864
0.965689
2.80423
3.36598
1.10193
2.80423
3.36598
1.10193
3.20775
3.58224
0.89507
2.52494
2.65923
0.731922
2.37973
2.83927
0.79761
2.43969
2.85548
0.79617
2.51207
2.89531
0.808276
2.61249
3.11468
1.06712
2.39811
2.86848
0.83146
2.40325
2.84037
0.793051
2.4774
2.87534
0.801873
2.54236
2.91343
0.814471
2.38087
2.84896
0.808051
2.42086
2.84694
0.794123
2.49524
2.88557
0.805068
3.14231
3.47242
0.839939
)
;
    }
    procBoundary4to2
    {
        type            processor;
        value           nonuniform List<scalar> 
40
(
2.15962
2.15962
2.15962
1.90751
2.19611
2.19293
2.15342
2.53271
2.50673
2.50673
2.07746
2.15997
2.07491
2.47805
2.46276
2.19495
2.28456
2.2558
2.1877
2.24948
2.27144
2.28116
2.1877
2.27144
2.19268
2.67085
3.05307
0.848628
2.56827
2.92936
0.820108
2.65866
2.65866
3.05043
3.05043
0.845674
0.845674
2.55587
2.92169
0.817392
)
;
    }
    procBoundary4to3
    {
        type            processor;
        value           nonuniform List<scalar> 
352
(
2.31098
2.12704
2.03955
2.18726
2.09582
2.01138
2.00594
1.94063
2.03955
2.03955
2.03955
1.94063
1.94333
1.93595
1.94385
2.03821
2.03821
1.90195
1.93923
1.84436
1.90143
2.35173
2.0021
2.0021
2.0021
2.0021
2.08114
2.08114
2.08114
2.08114
1.91086
2.01928
2.01252
1.94292
1.84643
2.44569
2.26727
2.26727
2.22088
2.22088
2.29867
2.17908
2.2488
2.29656
2.17544
1.81475
2.08885
2.42309
1.46234
2.24584
2.25638
2.14507
2.14233
2.18726
2.23881
2.23874
2.14507
2.14233
2.27665
2.26652
2.14777
2.1513
2.18726
2.28629
2.29585
2.15886
2.15476
2.18407
2.3138
2.3049
2.16278
2.16722
2.1822
1.93595
2.32218
2.33041
2.17613
2.17148
2.18163
1.94385
2.16395
2.08361
2.47739
2.33933
2.29867
2.29867
2.29867
2.29867
2.72878
2.32134
2.40187
3.12889
2.20774
2.53427
2.02513
2.0683
1.97622
2.53427
2.55853
2.60166
2.58091
1.99078
2.0683
1.97622
2.07485
2.62072
2.63841
2.66976
2.65467
2.6836
2.69647
2.6636
2.6636
2.66337
2.70141
2.64472
2.6531
2.17
2.18965
2.71569
2.18965
2.18965
2.28339
2.24672
2.71569
2.38338
2.71018
2.06031
1.99583
2.52685
2.11492
2.0954
2.47054
2.0954
2.0954
2.47054
1.87457
1.80377
1.90436
1.88687
1.94118
1.94118
2.011
1.83306
1.82865
1.89824
2.2723
2.2723
2.13983
2.15709
2.38099
2.68786
1.80377
1.88687
2.13706
2.39696
2.38099
2.19737
2.39274
2.89347
1.55657
2.47516
2.36837
2.49052
2.36986
2.60624
2.68746
2.67271
2.81721
2.17009
2.17009
2.09043
2.10793
1.90143
1.82865
1.89824
1.82865
2.49989
2.49989
2.50125
2.50125
2.25875
2.25875
2.24158
1.9809
2.24584
2.23881
2.14233
2.09582
2.12704
2.09582
2.08316
2.05698
2.12818
2.09931
2.47739
2.38131
2.33933
2.17908
2.17908
2.33222
2.37708
2.59969
2.11034
2.12048
2.05837
2.07538
2.17265
2.2465
2.0752
2.39576
2.39108
2.74306
2.52375
2.46619
2.3567
2.45865
2.36349
2.33962
2.21817
2.25563
2.30838
2.28594
2.33058
2.44169
2.24962
2.19162
2.27623
2.28101
2.19171
2.01494
2.07596
2.07038
2.04789
2.21215
2.21058
2.24672
2.214
2.36996
2.21283
2.59932
2.38855
0.730628
0.68338
2.48958
2.85065
0.735839
2.57449
2.80434
0.715575
2.51774
2.90822
0.780453
4.058
0.731025
2.33487
2.65058
0.70653
2.33487
2.65058
0.70653
2.36688
2.67597
0.714714
2.37574
2.68327
0.717012
2.39751
2.7017
0.722809
2.40369
2.70705
0.724449
1.41051
2.72436
2.96512
0.838172
2.72708
2.9471
0.835389
2.67544
2.92442
0.81449
2.49677
2.49677
2.79516
2.79516
0.755103
0.755103
2.6267
2.99522
0.827826
2.15133
2.32036
0.673017
2.49488
2.84455
0.784665
2.36023
2.59213
0.728124
0.506257
0.895868
2.55918
2.75867
0.705598
2.58502
2.81099
0.755143
2.34656
2.65967
0.709493
2.35734
2.66824
0.712222
2.3836
2.68985
0.71911
2.39096
2.69608
0.721039
2.40919
2.71187
0.725957
2.76011
0.699638
2.64329
2.8999
0.791217
3.48599
0.754662
2.59493
2.95494
0.818929
2.34998
2.58483
0.725545
2.65249
2.89016
0.799152
2.34998
2.58483
0.725545
2.62111
2.83417
0.694851
2.15133
2.32036
0.673017
1.96025
2.13915
0.620243
)
;
    }
    procBoundary4to5
    {
        type            processor;
        value           nonuniform List<scalar> 
338
(
1.99583
2.00824
1.99164
1.91743
1.94768
1.94881
1.92204
1.87579
1.8485
1.8496
1.80464
1.77847
1.77466
1.73276
1.70644
2.0324
2.0324
2.0324
2.0324
2.0324
2.00962
1.99164
1.99164
1.95487
2.00702
1.99414
1.92204
1.95662
1.98989
1.9802
1.92432
1.91817
1.8496
1.88569
1.84386
1.83825
1.77466
1.81079
2.28477
2.05961
2.05961
2.05961
2.07127
2.00909
1.92341
1.84246
2.06408
2.06408
1.99343
1.91742
1.83762
2.04922
2.04922
2.0992
2.05862
1.95108
1.96036
2.47079
2.08338
2.2994
2.05862
1.95108
1.99846
1.99128
2.17358
2.01954
2.01954
2.01954
2.02383
1.9953
1.98736
2.01302
1.9953
1.95897
1.9953
1.95897
2.19561
2.33959
2.17358
2.23481
2.1128
2.07809
2.07747
2.12903
2.04501
2.07506
2.04501
2.04871
2.02383
2.1128
2.08272
2.08338
2.08338
2.08338
2.11218
2.2991
2.47079
2.3469
2.02301
2.01547
2.33314
2.18796
2.00544
2.09788
2.26968
2.26968
2.09788
1.99583
2.29283
2.29284
1.99583
1.94768
1.94881
2.11681
2.03377
2.2058
2.24405
2.11706
2.20563
2.14119
2.00706
2.30415
2.14502
2.13653
2.29284
2.29284
2.13808
2.24309
2.24309
2.13808
1.99875
2.00703
2.05058
2.29077
2.0741
2.14255
2.02167
2.35703
2.02155
2.06001
2.02167
2.27531
2.11328
2.32147
2.25821
2.37225
2.04868
2.19747
2.08499
2.05054
2.03738
2.00703
2.07975
2.05058
2.2555
2.00701
1.98596
2.19559
2.19559
2.26829
2.31721
2.17358
2.28667
2.2058
2.10057
2.11706
2.07808
2.3324
2.02627
2.04057
2.04057
2.15859
2.32895
2.18794
2.00917
2.09044
2.01588
2.04899
2.07289
2.01848
2.05544
2.07808
2.11024
2.04057
2.07179
2.03683
2.03652
2.02831
2.00962
2.04488
2.00122
1.98989
2.04376
2.03594
2.07093
2.07093
2.04422
2.07085
2.04424
2.06813
2.13123
2.12004
2.06415
1.92709
1.92666
1.90284
2.00788
1.98989
1.9802
2.29831
2.56523
0.74933
1.3763
2.26772
2.39481
2.5522
2.65622
0.743671
0.778175
2.36023
2.58441
0.757073
2.30695
2.52981
0.738831
2.23328
2.49365
0.732468
2.22957
2.40174
0.708124
2.23321
2.17033
2.49364
2.41212
0.732405
0.707107
2.30766
2.57736
0.755571
2.30695
2.52981
0.738831
2.1901
2.44344
0.712903
2.26771
2.55219
0.743668
2.26771
2.55219
0.743668
2.2477
2.36021
2.49585
2.5844
0.728773
0.757072
2.25744
2.39537
0.701209
2.24258
2.47871
0.731696
2.22791
2.07002
2.39994
2.24582
0.707485
0.655904
2.27467
2.55189
0.747524
2.46426
0.635434
2.25072
2.38363
0.695834
1.96656
2.11992
0.612181
1.96656
2.11992
0.612181
2.30696
2.52982
0.738832
2.2079
2.45799
0.717017
2.28326
2.54705
0.749945
2.30695
2.52981
0.738831
2.36023
2.58441
0.757073
2.21385
2.47342
0.717139
2.35073
2.62025
0.76557
2.35073
2.62025
0.76557
2.35069
2.62021
0.765563
2.24265
2.52174
0.737058
2.31259
2.54596
0.750658
2.25712
2.56392
0.756986
2.39464
2.64406
0.772689
2.23328
2.49365
0.732468
2.30099
2.56861
0.751636
2.27391
2.52806
0.735848
2.28345
2.54726
0.748219
2.07451
2.25129
0.65776
)
;
    }
    procBoundary4to5throughfront
    {
        type            processorCyclic;
        value           nonuniform List<scalar> 
177
(
2.04424
1.99343
1.91742
1.83762
2.07085
2.02809
2.00102
1.98977
1.95605
1.88511
1.81026
2.08338
2.11218
2.12874
2.07499
2.04509
2.00964
2.00773
1.98
1.99117
1.92148
1.84907
1.77416
2.00544
2.03172
2.11514
2.0999
2.14458
2.13636
2.15819
2.0268
2.04132
2.05578
2.06833
2.04879
2.02408
1.98779
1.99531
1.95465
1.92633
1.87532
1.80417
1.73231
1.70602
1.77807
1.84811
1.91713
1.94879
1.99597
1.99121
1.99868
2.24311
2.24257
2.47872
0.731718
0.712911
0.738822
0.716981
0.73707
0.772633
0.756849
0.750585
0.717138
0.765552
0.749867
0.757013
0.728609
0.748109
0.735753
0.743629
0.778159
0.751492
0.755471
0.749198
0.747398
0.732238
0.706769
0.707485
2.22791
2.24293
2.13959
2.20448
2.23448
2.28458
2.30395
2.33211
2.07752
2.07861
2.11056
2.12023
2.13118
2.06415
2.03325
2.02016
2.01883
2.01579
2.01302
1.95889
1.92697
1.90262
1.94766
2.00832
1.98597
2.00705
2.05061
2.13814
2.19012
2.44344
2.52979
2.45783
2.52164
2.64387
2.56318
2.5456
2.47337
2.62014
2.54672
2.58413
2.49504
2.54647
2.5274
2.55192
2.65601
2.56773
2.57669
2.56461
2.55148
2.49291
2.41125
2.39994
2.1689
2.23212
2.27409
2.29764
2.30697
2.3
2.3948
2.34
2.19609
2.2684
2.2867
2.31709
2.17362
2.05966
2.02152
2.07419
2.11312
2.04949
2.07273
2.2579
2.08472
2.04854
2.07961
2.25546
2.03741
2.29292
2.30696
2.20771
2.24255
2.39448
2.25629
2.31226
2.21385
2.35069
2.28284
2.36007
2.24673
2.28266
2.27325
2.26752
2.35703
2.27494
2.29082
2.14273
2.32143
2.37218
2.19748
)
;
    }
}


// ************************************************************************* //
