/*--------------------------------*- C++ -*----------------------------------*\
  =========                 |
  \\      /  F ield         | OpenFOAM: The Open Source CFD Toolbox
   \\    /   O peration     | Website:  https://openfoam.org
    \\  /    A nd           | Version:  10
     \\/     M anipulation  |
\*---------------------------------------------------------------------------*/
FoamFile
{
    format      ascii;
    class       volScalarField;
    location    "2000";
    object      omega;
}
// * * * * * * * * * * * * * * * * * * * * * * * * * * * * * * * * * * * * * //

dimensions      [0 0 -1 0 0 0 0];

internalField   nonuniform List<scalar> 
8643
(
5.08682
3.85134
2.41879
1.49642
1.70816
1.15542
10.6951
1.02213
0.829142
0.718048
0.568432
0.621131
0.508311
2.65094
1.02972
0.554553
0.467643
0.418825
0.395512
0.374092
0.361772
1.32426
1.11976
0.807788
0.538901
0.419863
0.363457
0.328562
0.308267
0.292421
0.28334
0.561661
0.535199
0.478705
0.392046
0.335818
0.299084
0.273182
0.255757
0.242654
0.234947
5.08525
3.85408
2.42534
1.49947
1.71203
1.15629
7.24181
1.0242
0.83053
0.719385
0.56902
0.621961
0.508578
2.72471
0.786621
0.556007
0.467997
0.419201
0.395723
0.374307
0.36189
1.2018
1.07305
0.691578
0.530976
0.420287
0.363579
0.328678
0.308361
0.292499
0.283402
0.559234
0.52959
0.471727
0.389248
0.335743
0.299105
0.273239
0.255806
0.242696
0.234983
5.08472
3.85477
2.42688
1.50051
1.71336
1.15675
6.00977
1.02541
0.83146
0.720277
0.569347
0.622472
0.508768
2.7155
0.784743
0.556722
0.468256
0.419429
0.395894
0.374452
0.362001
1.18868
1.06122
0.688501
0.52976
0.42058
0.363716
0.328789
0.308453
0.292578
0.283468
0.558701
0.528123
0.470709
0.389769
0.33582
0.299173
0.273303
0.255861
0.242743
0.235025
5.08475
3.85476
2.42714
1.50085
1.7138
1.15692
5.51018
1.02591
0.831829
0.720639
0.569493
0.622737
0.508878
2.70111
0.782435
0.557177
0.468413
0.419537
0.396
0.374538
0.362077
1.17694
1.05525
0.685413
0.528439
0.420797
0.363817
0.328868
0.308521
0.292638
0.28352
0.558063
0.526857
0.469585
0.390138
0.335918
0.299228
0.273352
0.255906
0.242783
0.23506
5.0853
3.85475
2.42713
1.50098
1.71397
1.15698
5.28719
1.02612
0.831977
0.720776
0.569562
0.622859
0.508935
2.68943
0.779774
0.557447
0.468507
0.419584
0.396061
0.374589
0.362125
1.1668
1.04947
0.682394
0.527059
0.420926
0.363883
0.328916
0.308563
0.292677
0.283555
0.557311
0.525656
0.468439
0.390343
0.335998
0.299264
0.273385
0.255936
0.24281
0.235086
5.08561
3.85483
2.42709
1.50105
1.71402
1.157
5.1762
1.02614
0.832043
0.720833
0.569596
0.622915
0.508969
0.776998
0.557586
0.468562
0.419603
0.396094
0.374615
0.362154
1.0442
0.679505
0.525673
0.420984
0.363922
0.328944
0.308589
0.292701
0.283577
0.556507
0.5245
0.467293
0.39042
0.33606
0.299287
0.273405
0.255955
0.242827
0.235102
5.08553
3.8549
2.42705
1.50107
1.71404
1.157
5.10986
1.02604
0.832074
0.720858
0.569614
0.622939
0.508986
0.774311
0.557628
0.468597
0.41961
0.396112
0.374628
0.362171
0.524312
0.42099
0.363948
0.328958
0.308603
0.292716
0.28359
0.390397
0.336107
0.299302
0.273416
0.255966
0.242838
0.235112
5.0852
3.85494
2.42702
5.06312
1.02586
0.832088
0.720863
0.771862
0.557597
0.468619
0.41961
0.522997
0.420958
0.363964
0.328966
0.390297
0.336143
0.299312
0.273422
5.08476
5.02609
0.975442
0.554807
0.735819
0.535121
0.419453
0.570416
0.531354
0.471082
0.391108
0.335833
6.70188
7.40697
2.16721
1.9267
1.86338
1.77987
4.09563
1.7693
1.31848
4.43
1.70795
1.32769
7.00909
6.12403
6.06506
5.82412
5.80932
5.75538
5.75289
5.72805
6.56823
4.36218
3.22808
4.76177
2.67523
5.69447
6.04568
5.84958
7.30579
5.08232
10.5439
5.04428
11.7999
5.97801
4.72972
4.66485
2.49876
4.51899
2.36219
4.24072
1.66628
1.26449
3.96874
1.62768
1.25212
4.50751
2.32594
4.42517
2.24839
3.94688
1.62761
1.25163
3.83698
1.61982
1.24615
4.41948
2.21507
4.38642
2.15535
3.82323
1.61773
1.24465
3.77815
1.60635
1.23765
4.38572
2.13059
4.37141
2.09528
3.77221
1.60403
1.23592
3.76161
1.59374
1.22898
2.07823
2.06173
1.5921
1.22746
2.04973
2.04452
2.03522
2.86359
4.30941
2.78927
2.19302
1.94447
4.01795
1.75991
1.25123
16.7398
7.67751
16.8705
7.70344
14.9503
10.7586
4.92131
5.14445
6.39383
6.23872
5.90884
7.14936
9.98951
6.42741
9.16478
6.33969
8.9085
9.01095
8.87652
5.9273
8.89714
5.89455
9.04191
8.95931
9.12211
5.77723
9.18785
5.77127
9.26376
9.23513
9.27641
5.74159
9.27653
5.73954
9.25153
9.26699
7.19102
12.3396
7.12445
12.6052
16.5912
9.77226
12.0375
13.0208
7.90877
2.01716
1.26133
1.10428
2.79904
1.8268
1.24386
1.04887
1.21151
0.850544
0.833836
1.21463
1.18173
0.82975
0.817445
1.74459
1.20728
1.02184
2.71759
1.70672
1.20692
1.01481
1.67408
1.20656
1.00909
2.7048
1.6434
1.20564
1.00381
1.615
1.20392
0.997508
2.69172
1.58995
1.20206
0.992039
1.56798
1.19977
0.985805
2.68453
1.54954
1.19765
0.980677
1.53397
1.19544
0.975013
1.52141
0.97065
1.51101
0.965831
1.50293
0.962394
1.49628
0.958493
1.87214
1.0888
2.60528
1.82113
1.20604
1.05262
14.0613
11.0992
7.27178
15.6019
13.8158
7.59665
16.6801
12.5441
17.4785
12.7239
2.93525
2.74796
3.3622
3.69954
2.27259
2.01861
3.20415
2.10526
3.94265
3.22603
3.08028
2.12152
1.86237
2.9572
1.99884
3.47509
3.39539
7.04417
2.42793
4.53737
7.25385
2.46009
3.38879
3.37988
4.54541
6.9129
2.46018
6.90733
2.47037
3.38745
14.664
10.5143
6.70781
13.3179
9.42606
6.18963
11.1451
8.01546
11.3246
8.01059
11.0257
7.82425
6.01244
10.9169
7.88728
5.8437
10.7095
7.88739
10.7329
7.74652
10.7141
7.78454
5.79596
10.6961
7.92869
5.76083
10.6639
8.01723
10.6816
7.88406
10.6681
7.89998
5.74814
10.6485
8.02812
5.73291
10.5876
8.0178
10.6106
7.9009
6.69069
13.5954
10.631
14.5021
11.4417
4.77846
4.08064
6.08624
4.84865
6.6049
7.65292
9.47938
5.88768
6.93694
9.86691
6.76854
7.06579
7.10282
6.91165
8.32504
13.7951
13.769
7.18955
16.5225
8.12994
7.08063
4.56108
6.07643
5.74374
4.55578
5.36346
5.51812
5.82621
2.28784
4.03926
3.02015
5.35991
2.89898
2.2516
4.02038
4.88964
5.08788
2.84583
2.24055
2.24633
2.80711
4.46529
5.25688
5.1853
4.45562
5.10611
5.13721
4.73658
3.89464
4.61723
2.73868
2.23352
2.77218
2.22559
3.87571
4.46217
4.52738
2.7075
2.20909
2.21751
2.67879
4.4005
5.0851
5.07103
4.39782
5.05362
5.06077
4.41717
3.79941
4.38796
2.63042
2.20089
2.6531
2.19297
3.79029
4.36165
4.3707
2.61106
2.17935
2.18586
2.59458
4.3779
5.04742
5.04234
4.37777
5.03232
5.03709
4.358
3.76718
4.35755
2.56973
2.17374
2.58095
2.16892
3.76293
4.36064
4.35883
2.56086
2.16192
2.16512
2.55372
4.53843
6.51849
4.47078
4.17714
5.35004
5.07722
5.54917
6.23726
7.33979
6.92016
6.6934
6.75517
7.78394
6.30285
6.10991
4.32855
6.53176
2.42391
9.7305
5.19985
10.8555
4.01158
4.31674
5.98303
4.28862
6.2908
2.26907
6.42974
3.0255
3.33341
2.39598
12.9323
26.2961
17.1183
7.67125
17.2386
14.253
16.9634
14.7073
7.64503
17.7978
13.7744
17.5973
13.0961
6.52611
6.33656
4.78671
4.63965
6.7277
4.54919
5.42792
8.04324
6.70726
9.15815
7.00835
10.16
6.48772
7.73395
6.53662
12.1118
8.63503
12.6071
8.84194
6.26133
11.7981
8.32686
11.5226
8.26003
5.96703
10.794
7.84485
10.8567
7.74012
5.86624
10.7725
7.72457
10.7363
7.85344
5.78652
10.6865
7.96682
10.703
7.82444
5.76452
10.6931
7.85865
10.6765
7.99688
5.74605
10.6297
8.03082
10.6512
7.90716
5.735
10.6315
7.90696
10.6092
8.02682
7.25471
17.2817
13.0302
17.51
13.6137
6.91744
17.0612
12.6302
16.0633
12.9841
11.7801
13.4454
13.1747
1.79396
0.990116
9.50495
1.36236
1.63378
1.00267
7.98259
10.4826
3.05651
5.26384
3.44286
5.77948
4.43356
12.2677
12.5104
9.64588
9.44865
8.67921
7.35324
7.47867
8.65609
12.1174
10.1535
7.35381
6.94469
7.4283
11.8736
8.30095
1.36458
1.81131
1.00108
8.05889
1.35799
1.68272
0.999072
1.69573
8.19563
9.00854
6.15748
3.4793
3.18472
6.11339
5.84795
9.94661
4.12873
4.48551
2.06597
3.16989
3.15603
2.06481
10.6644
8.82589
10.2951
11.3476
10.2745
7.75589
7.92866
8.11595
17.0104
19.5177
7.59073
5.31182
5.3161
4.27535
3.53726
4.27999
3.5411
2.93041
2.51786
2.93312
2.5203
2.81603
2.2668
2.81674
2.26717
2.04485
1.6715
2.0452
1.67333
1.70105
1.69701
3.86521
1.47726
1.30725
5.08593
3.86788
1.47835
1.30851
2.8067
1.2275
1.12392
3.8537
2.8105
1.22868
1.12508
1.98013
1.01559
0.947968
2.42412
1.98349
1.01716
0.949981
1.39658
0.924921
0.882262
1.49817
1.3979
0.926193
0.883454
1.32513
0.85918
0.830964
1.71133
1.32613
0.860342
0.831494
4.57549
10.5145
4.53878
3.24741
2.08688
2.06576
3.23954
5.31659
5.31653
4.28081
3.54225
4.28142
3.54284
2.93349
2.52049
2.93433
2.52162
2.81702
2.2684
2.81772
2.26798
2.0462
1.67189
2.04591
1.6736
1.70174
1.69963
3.86799
1.47941
1.30954
5.08514
3.86904
1.48011
1.31024
2.81148
1.22962
1.12612
3.855
2.81278
1.23027
1.12685
1.98561
1.01836
0.951404
2.42675
1.98578
1.01903
0.952102
1.39896
0.927189
0.884246
1.50017
1.39957
0.927944
0.884831
1.32684
0.861181
0.831984
1.71323
1.32726
0.86172
0.832369
1.35773
1.62673
0.997489
6.21176
1.3599
1.61581
0.995925
1.83702
1.75666
1.80311
1.72889
9.43767
5.13702
4.25723
8.40243
3.98145
4.89386
5.31635
5.31605
4.28141
3.54321
4.28125
3.54288
2.93419
2.52127
2.93448
2.5218
2.81786
2.2688
2.81823
2.26814
2.04652
1.67202
2.04601
1.67364
1.70453
1.70184
3.8685
1.48053
1.31062
5.08495
3.86895
1.4808
1.31086
2.81299
1.23065
1.12727
3.8551
2.81334
1.23087
1.12753
1.98697
1.01935
0.952373
2.42712
1.98615
1.01951
0.952455
1.39986
0.92833
0.8851
1.50075
1.40005
0.92854
0.885279
1.32745
0.861956
0.832591
1.7138
1.32759
0.862107
0.832751
1.36169
1.60835
0.99522
5.59891
1.36269
1.5986
0.993521
1.79324
1.7251
1.76716
1.71026
7.17789
6.95964
3.53195
4.52173
3.60739
4.45212
5.31595
5.31597
4.2812
3.54316
4.28106
3.54275
2.93427
2.52137
2.93446
2.52183
2.81828
2.26886
2.81847
2.26817
2.04652
1.672
2.04601
1.67361
1.70639
1.70293
3.86833
1.48097
1.31098
5.08545
3.86886
1.48109
1.31108
2.81337
1.23099
1.12766
3.85508
2.8135
1.23106
1.12774
1.98725
1.01958
0.952452
2.42715
1.98632
1.01961
0.95241
1.40012
0.928627
0.885317
1.50095
1.40021
0.92867
0.88537
1.32764
0.862126
0.832825
1.71402
1.3277
0.862166
0.832895
1.36331
1.58857
0.992564
5.32766
1.36338
1.57832
0.990852
1.7587
1.70607
1.73846
1.69237
6.58056
6.51469
3.33584
4.3137
3.37252
4.28398
5.31595
5.31614
4.28102
3.54302
4.28097
3.54265
2.93423
2.52138
2.9344
2.52184
2.81848
2.26887
2.81857
2.26818
2.04649
1.67196
2.04599
1.67357
1.70722
1.70315
3.86828
1.48117
1.31113
5.08587
3.86894
1.48123
1.31117
2.81348
1.23109
1.12778
3.85514
2.81355
1.23112
1.12781
1.98739
1.01961
0.952357
2.42711
1.98642
1.0196
0.952308
1.40021
0.928677
0.885347
1.50105
1.40027
0.928678
0.88537
1.3277
0.862129
0.832915
1.71409
1.32774
0.862144
0.832954
1.36325
1.56923
0.989905
5.19767
1.36275
1.56081
0.988271
1.73202
1.68911
1.71806
1.6789
6.40316
6.38064
3.24381
4.22634
3.26076
4.21375
5.31614
5.31633
4.28095
3.54293
4.28094
3.54258
2.93416
2.52139
2.93434
2.52185
2.81856
2.26885
2.81861
2.26816
2.04647
1.67192
2.04597
1.67354
1.70726
1.70274
3.86837
1.48126
1.31117
5.08588
3.86902
1.48127
1.31119
2.81352
1.23113
1.12782
3.85522
2.81358
1.23114
1.12784
1.98748
1.01959
0.952259
2.42707
1.98648
1.01958
0.952218
1.40026
0.928665
0.885334
1.50109
1.4003
0.928656
0.885352
1.32773
0.862096
0.832955
1.71411
1.32776
0.862108
0.832981
1.36221
1.55389
0.987403
5.12354
1.36145
1.54782
0.985904
1.67686
4.1876
5.31632
5.31647
4.28093
3.54288
4.28092
3.54255
2.93411
2.5214
2.9343
2.81859
2.26884
2.04644
1.70674
1.70193
3.86844
1.48126
1.31118
5.0856
3.86905
1.48123
1.31119
2.81354
1.23114
1.12784
3.85527
2.81359
1.23115
1.12785
1.98753
1.01956
0.952181
2.42704
1.98651
1.01955
0.952151
1.40028
0.928639
0.885315
1.5011
0.928629
0.885331
1.32774
0.862059
0.832973
1.36074
1.5431
0.985171
5.07316
1.3599
1.53903
0.983835
5.31645
5.31655
4.28091
3.54285
1.70586
1.70093
3.86846
1.48118
1.31117
5.08517
3.86903
1.48112
1.31116
2.81356
1.23114
1.12784
3.85529
2.8136
1.23115
1.12785
1.98756
1.01953
0.952123
1.35918
1.536
0.983259
5.03425
1.35837
1.53335
0.982092
1.70484
1.48104
1.3577
0.832811
0.821812
1.28653
1.23306
0.86643
0.848055
5.23215
4.97416
5.2862
4.98088
5.71858
5.17179
5.48041
5.32462
3.12246
1.91511
2.8649
1.93672
2.98771
1.99345
2.98606
4.90208
12.1644
5.49392
12.0291
5.7406
4.72992
10.7577
15.2146
10.6965
2.96243
4.76985
5.4371
5.61216
6.76951
8.49304
8.90408
7.95741
7.05364
4.31539
4.76082
2.43105
7.52216
4.06472
4.37845
6.91641
7.34817
6.75227
2.38347
3.77447
3.93486
3.89746
4.12397
6.55334
7.47094
7.86774
3.81413
4.61003
4.73676
3.69824
6.60289
6.36762
6.35479
3.66869
3.77843
2.3047
6.42561
3.58298
3.65299
6.06366
6.19217
6.3251
2.2687
3.4489
3.46532
3.50771
3.54745
6.329
6.67071
6.79402
3.4692
4.35046
4.39607
3.41643
5.97127
5.90648
6.38371
3.39788
3.39677
2.19779
6.35034
3.36023
3.34611
5.83114
5.86148
6.41696
2.16864
3.30527
3.27508
3.32753
3.30382
6.45093
6.43072
6.46664
3.30594
4.24155
4.26054
3.2811
5.80936
5.79442
6.50015
3.28512
3.25018
2.12136
6.47708
3.27295
3.23539
5.77326
5.7825
6.51428
2.10079
3.25492
3.21524
3.26087
3.22149
6.52503
6.34561
6.36212
3.23018
4.19493
4.2036
3.21866
5.76429
5.75598
6.52809
3.2474
3.20751
2.07581
6.52756
3.24479
3.20578
5.73816
5.74709
6.5225
2.06164
3.23871
3.20184
3.23968
3.20132
6.51638
5.72833
5.71827
6.49467
3.23452
3.19872
2.05167
6.50519
3.23404
3.20001
5.69632
5.70733
6.48017
2.04125
3.22955
3.19859
3.23008
3.19724
6.46723
5.6843
5.67236
6.43688
3.2253
3.19569
2.03936
6.45093
3.2244
3.19667
11.5427
5.10699
5.70407
3.09225
15.5108
5.79902
5.43747
12.5496
13.1272
9.51753
9.40589
13.9737
13.6576
9.75197
10.5569
10.3829
19.4125
11.3406
12.7115
9.10998
7.64066
8.51287
8.77028
13.86
14.3606
14.0782
13.1139
14.448
14.6979
14.6357
12.3555
13.1431
12.6309
12.4279
13.0792
12.2904
12.4066
12.1864
11.9321
12.0147
12.0654
11.6488
11.59
12.1968
12.1296
11.6824
11.8038
11.9718
11.9398
11.5755
11.6051
11.8956
11.9144
11.6128
11.5922
11.8601
11.8668
11.6637
11.6379
11.8834
11.8727
11.6161
11.6377
11.8571
11.8522
11.6543
11.6852
11.8457
11.8503
11.7002
11.6634
11.8315
11.8364
11.7093
11.6652
11.8435
11.8391
11.6667
11.7075
11.8281
11.8228
11.6601
11.7066
11.8137
11.8192
11.7006
11.6522
11.7944
11.7999
11.6822
11.6315
11.8096
11.8042
11.6426
11.6922
13.978
14.3287
14.6641
14.1687
13.4403
12.9703
9.97616
10.5236
8.68119
8.03469
8.73478
7.7299
8.8509
8.38497
9.30031
22.8738
10.1801
25.2337
9.32129
3.72669
4.09433
2.02393
3.07422
3.15989
1.97936
3.7133
5.14509
5.92581
6.09566
1.6993
2.5451
2.54271
2.35293
3.79289
20.2799
14.0773
9.97785
34.9166
24.9385
10.2688
8.55744
10.6596
17.3635
7.81079
9.60444
21.1916
5.23649
5.23634
2.74317
2.31042
4.03117
5.08765
4.03279
2.74403
2.30651
2.08032
3.75004
2.16432
3.85207
3.75038
2.16574
2.08117
1.07585
0.780596
0.748219
1.15591
1.0762
0.781108
0.748756
5.23682
5.2367
2.31313
4.03366
2.74487
5.08541
2.30904
4.03525
2.74571
2.08371
3.75323
2.16788
3.8546
2.08465
3.75318
2.16916
1.07641
0.78149
0.748777
1.15661
1.07672
0.781875
0.749284
3.51736
6.80219
3.42242
3.0199
1.9582
1.94664
2.99414
4.8002
4.8445
4.76265
4.68992
1.16678
0.826379
0.811165
1.19506
1.16053
0.825996
0.810081
5.23687
5.23677
2.31406
4.0343
2.746
5.08486
2.31014
4.03562
2.74648
2.08466
3.75395
2.16865
3.85505
2.08584
3.75365
2.16978
1.0768
0.782016
0.749159
1.15689
1.07699
0.782189
0.749548
3.30785
5.84367
3.27277
1.94029
2.95193
1.94562
2.93484
4.61941
4.5001
4.64124
4.46408
1.15611
0.82546
0.809696
1.18265
1.15188
0.824703
0.809133
5.23685
5.23675
2.31427
4.03414
2.74592
5.08512
2.31041
4.03542
2.74627
2.08489
3.75399
2.16864
3.85504
2.08605
3.75369
2.1698
1.07697
0.782188
0.749309
1.15699
1.07711
0.782276
0.749648
3.18551
5.43659
3.1601
1.9266
2.88801
1.93365
2.87213
4.57256
4.39944
4.58004
4.38805
1.14769
0.823602
0.808369
1.17166
1.14375
0.82241
0.807473
5.23685
5.23673
2.31424
4.03398
2.74559
5.08566
2.3104
4.03529
2.74597
2.08493
3.75403
2.16857
3.85507
2.0861
3.75375
2.16976
1.07705
0.782227
0.74936
1.15703
1.07716
0.78229
0.749683
3.10698
5.25218
3.09245
1.91104
2.83485
1.91802
2.82295
4.55617
4.36965
4.55903
4.36641
1.13998
0.821041
0.806486
1.16245
1.13663
0.819697
0.805433
5.23685
5.23674
2.31416
4.03388
2.74536
5.08588
2.31032
4.03518
2.74575
2.08494
3.75412
2.16853
3.85515
2.0861
3.75384
2.16974
1.07709
0.782227
0.749375
1.15704
1.07719
0.782283
0.749695
3.06463
5.1563
3.05631
1.89746
2.79669
1.90379
2.78805
1.13356
0.818285
0.804369
0.816989
0.803304
2.31407
4.03374
2.74514
5.08573
2.31023
4.03502
2.74552
2.08493
3.7542
2.16852
3.85521
2.08608
3.75392
2.16974
0.782215
0.749376
3.0412
5.09636
3.03567
1.88666
2.76977
1.8923
2.76331
2.31394
4.03353
2.74484
5.08535
2.31011
4.0348
2.7452
2.08493
3.75426
2.16852
3.85524
2.08608
3.75397
2.16974
3.02582
5.05266
3.02136
1.87827
2.75019
1.88334
2.74509
2.31378
4.03328
2.74446
5.0849
2.30995
4.03455
2.74481
2.73524
5.31339
5.31503
3.93723
4.27686
3.93858
3.75315
3.53825
3.75451
4.27869
3.94163
3.94042
3.54013
3.75764
3.75644
5.59895
5.58063
2.86643
2.93132
5.58109
2.86862
5.59897
5.22986
4.4209
2.65207
2.5188
4.42143
2.65444
5.22918
5.59902
2.93215
5.58189
2.86965
5.58142
2.86741
5.59911
5.23007
2.51943
4.42247
2.65558
4.42193
2.65311
5.23084
5.27207
3.12028
2.81613
5.2721
3.12095
5.1889
4.03413
2.67299
2.26611
4.03405
2.67333
5.18877
2.8164
5.27239
3.12265
5.27224
3.12196
5.18952
2.2677
4.03478
2.67465
4.03475
2.67426
5.18975
4.26496
5.13127
4.26484
5.13124
2.79445
3.59642
1.75642
2.04428
3.59641
1.75723
2.79424
2.45163
2.70121
1.6552
1.67304
1.65629
2.45133
2.70155
5.23653
5.23675
4.26498
5.13127
4.26515
5.13126
2.7945
2.04561
3.59696
1.75777
3.59687
1.75689
2.79478
2.45153
1.67172
2.70171
1.65671
1.6555
2.4519
2.70134
3.7155
5.1474
5.12789
3.71407
6.21023
6.121
2.56107
2.35596
1.69709
2.55238
3.79201
3.76127
2.35412
5.09428
3.70625
3.7107
5.06095
5.58467
5.84363
1.7013
2.51839
2.53688
3.71595
2.35089
2.35417
3.67366
2.24271
3.87447
2.17255
3.86623
3.87597
2.17448
2.23893
2.30776
5.0865
4.03429
2.74474
4.03248
2.74384
2.31201
2.24005
3.86674
3.87742
2.17648
3.87578
2.17427
2.24393
1.97971
3.51535
1.73362
2.80769
3.5159
1.73479
1.98031
2.08277
3.85287
3.75225
2.16798
3.75185
2.16632
2.08226
1.98329
2.80924
3.51821
1.73796
3.51758
1.73674
1.98277
5.31668
5.31666
3.94258
4.28116
3.94295
3.75871
3.54239
3.759
4.28139
3.94334
3.94335
3.54303
3.75944
3.75949
5.5994
5.58191
2.86789
2.93396
5.59926
5.58214
2.87009
5.2312
4.42264
2.65378
2.52123
5.23071
4.42288
2.65626
5.59955
2.93401
5.58226
2.8702
5.58204
2.86799
5.59967
5.2309
2.52107
4.42308
2.65652
4.42288
2.65408
5.23137
5.27258
3.12324
2.81728
5.27272
3.12344
5.19006
4.03527
2.67526
2.2677
5.1901
4.0351
2.67528
2.8175
5.27293
3.12378
5.27285
3.12375
5.19031
2.26869
4.03531
2.67558
4.03548
2.67566
5.19024
4.26517
5.1313
4.26508
5.13131
2.79496
3.59726
1.75725
2.04566
2.79475
3.59719
1.75806
2.45203
2.70142
1.6558
1.67345
2.45173
1.65694
2.70177
5.23674
5.23692
4.26513
5.13136
4.26528
5.13134
2.79489
2.04644
3.59735
1.75825
3.59741
1.75743
2.79511
2.45184
1.672
2.70188
1.65714
1.65596
2.45217
2.70151
5.03206
3.70347
5.04069
3.70131
5.42503
5.29149
2.51538
3.65898
2.35114
1.69809
3.65806
2.34914
2.5157
5.02868
3.69868
3.70012
5.02859
5.1028
5.1871
3.66805
1.70318
2.34888
2.5203
2.35032
2.52035
3.679
2.24468
3.87687
2.17568
3.86874
2.24083
3.87824
2.17755
2.30978
5.08507
4.03564
2.74634
4.03419
2.74566
2.31377
2.24114
3.86843
3.87858
2.17803
3.87736
2.17625
2.24501
1.98431
3.51935
1.73909
2.81203
1.98546
3.51942
1.73961
2.0855
3.85459
3.75358
2.16966
3.75378
2.16847
2.0844
1.98624
2.81251
3.51993
1.74025
3.52008
1.74001
1.9849
6.47114
3.3396
3.37704
1.94802
2.96552
2.98073
1.94371
4.93089
5.08147
4.76349
4.92458
2.79278
1.9074
2.90487
2.84961
1.82391
2.7434
1.89257
4.70776
4.54686
4.60769
4.6697
4.58776
4.65815
4.81854
4.75039
2.80762
1.81248
2.67206
1.8678
2.70485
1.87886
2.77319
5.31621
5.31609
3.9435
4.28132
3.94333
3.75969
3.54287
3.75949
4.28132
3.94331
3.94347
3.54322
3.7595
3.75971
5.59984
5.58203
2.86789
2.9344
5.59978
5.58221
2.87011
5.23136
4.42297
2.65414
2.52171
5.23098
4.42307
2.65659
5.59991
2.93426
5.58223
2.87005
5.58203
2.8678
5.59995
5.231
2.52134
4.42314
2.6566
4.42298
2.65416
5.23143
5.273
3.12392
2.81799
5.27302
3.12384
5.19022
4.03556
2.6758
2.26804
5.19037
4.03533
2.67563
2.8181
5.27303
3.12392
5.27303
3.12398
5.19039
2.26884
4.03542
2.67571
4.0356
2.67586
5.1903
4.26524
5.13139
4.26516
5.1314
2.79515
3.59748
1.7575
2.04594
2.79497
3.59736
1.75829
2.45219
2.70153
1.65604
1.67357
2.45191
1.65718
2.70187
5.23676
5.23692
4.26517
5.13143
4.2653
5.13142
2.79502
2.04653
3.59743
1.75836
3.5975
1.75754
2.79522
2.45195
1.67203
2.70193
1.65726
1.65608
2.45226
2.70157
5.02887
3.69791
5.02903
3.69681
5.03425
4.97416
3.69552
2.35032
2.52168
1.70086
3.68857
2.34911
2.51877
5.02907
3.69569
3.69644
5.02861
4.88032
4.92434
3.70161
1.7056
2.34966
2.51405
2.35072
2.51839
3.70534
2.24507
3.87743
2.17642
3.86899
2.24118
3.87852
2.17816
2.31034
5.08462
4.03557
2.74647
4.03426
2.74605
2.31426
2.24117
3.86842
3.87842
2.17824
3.87733
2.17646
2.24509
1.98501
3.52033
1.74028
2.81311
1.98642
3.52006
1.74044
2.08598
3.85478
3.75372
2.16985
3.75399
2.16867
2.08485
1.98641
2.81323
3.52012
1.74054
3.5204
1.74035
1.98507
5.70953
3.21101
3.24234
1.94064
2.90242
2.91972
1.9341
4.54067
4.50708
4.66794
4.70264
2.71819
2.64291
1.85668
1.78435
2.74359
2.61759
1.84644
4.60264
4.41509
4.43625
4.58986
4.46317
4.48214
4.64221
4.62325
2.69624
1.77517
2.5754
1.82731
2.59501
1.83629
2.67761
5.3159
5.31591
3.9434
4.28109
3.94319
3.75966
3.54277
3.75939
4.28109
3.94317
3.94331
3.54309
3.75936
3.75958
5.60001
5.58199
2.86766
2.93443
5.6
5.58215
2.86992
5.23135
4.42299
2.65411
2.52177
5.23099
4.42307
2.65656
5.60003
2.93425
5.58215
2.86986
5.58194
2.86758
5.60004
5.23098
2.52138
4.42314
2.65654
4.42298
2.65409
5.23143
5.27301
3.124
2.81835
5.27299
3.12388
5.19022
4.03563
2.67588
2.26812
5.19039
4.0354
2.67568
2.8184
5.27295
3.12391
5.27297
3.12399
5.19039
2.26886
4.03547
2.67572
4.03566
2.67588
5.19027
4.26525
5.13146
4.26518
5.13146
2.79521
3.59753
1.75755
2.04597
2.79505
3.5974
1.75834
2.45224
2.70155
1.65609
1.67356
2.45197
1.65723
2.70189
5.23673
5.2369
4.26517
5.13149
4.2653
5.13148
2.79506
2.04651
3.59745
1.75838
3.59753
1.75755
2.79525
2.45199
1.67199
2.70193
1.65729
1.65609
2.45229
2.70158
5.0274
3.6956
5.02828
3.69505
4.84464
4.81302
3.70959
2.35128
2.51267
1.70251
3.70834
2.35019
2.50778
5.02667
3.69481
3.69518
5.02551
4.76506
4.78784
3.71059
1.70692
2.35068
2.50131
2.35181
2.50619
3.71022
2.24503
3.87718
2.17644
3.86884
2.2411
3.87825
2.17821
2.31042
5.08503
4.03538
2.74615
4.03404
2.74574
2.31431
2.24107
3.86828
3.87821
2.17825
3.87707
2.17643
2.24502
1.985
3.52038
1.74036
2.81341
1.98635
3.52006
1.74053
2.08608
3.85474
3.75375
2.16982
3.754
2.1686
2.08496
1.98629
2.81344
3.52007
1.74056
3.52035
1.74035
1.98499
5.37746
3.12115
3.14058
1.92586
2.84557
2.85946
1.91868
4.44896
4.43821
4.59881
4.60921
2.64749
2.55817
1.81816
1.75166
2.66137
2.54337
1.81048
4.56686
4.37393
4.37986
4.56248
4.42407
4.43028
4.59096
4.58493
2.63551
1.7443
2.51978
1.79647
2.53054
1.80269
2.62541
5.31599
5.31603
3.94325
4.28095
3.94307
3.7595
3.54265
3.75925
4.28098
3.94307
3.9432
3.54297
3.75924
3.75944
5.60003
5.58189
2.86746
2.93439
5.60005
5.58206
2.86974
5.23137
4.42298
2.65403
2.52178
5.23098
4.42308
2.65649
5.60003
2.93419
5.58209
2.8697
5.58186
2.8674
5.60002
5.23101
2.52138
4.42314
2.65648
4.42299
2.65402
5.23146
5.27293
3.12398
2.81851
5.27291
3.12386
5.19019
4.03566
2.67588
2.26813
5.19036
4.03543
2.67568
2.81852
5.27288
3.12389
5.27289
3.12397
5.19034
2.26886
4.03549
2.67571
4.03567
2.67587
5.19024
4.26525
5.13151
4.26517
5.13151
2.79522
3.59753
1.75754
2.04595
2.79507
3.5974
1.75834
2.45225
2.70155
1.65609
1.67352
2.45199
1.65724
2.70188
5.23672
5.23691
4.26516
5.13153
4.2653
5.13153
2.79506
2.04648
3.59744
1.75838
3.59752
1.75754
2.79525
2.45199
1.67195
2.70191
1.65729
1.65609
2.45229
2.70156
5.0232
3.69498
5.02453
3.69462
4.74709
4.73022
3.70854
2.3522
2.4998
1.70313
3.70994
2.35097
2.49514
5.02211
3.69451
3.69485
5.02069
4.70404
4.71703
3.70754
1.70733
2.35111
2.48953
2.35241
2.49389
3.70557
2.24497
3.87702
2.17642
3.86885
2.24101
3.87816
2.17822
2.31036
5.08551
4.03528
2.7459
4.03394
2.74547
2.31424
2.241
3.86832
3.87821
2.17826
3.87703
2.17642
2.24497
1.98491
3.52032
1.74033
2.8135
1.98624
3.52001
1.74052
2.08609
3.85478
3.75384
2.16978
3.75407
2.16854
2.08498
1.9862
2.8135
3.52006
1.74054
3.52031
1.74032
1.98492
5.22341
3.07162
3.08248
1.9106
2.80398
2.81409
1.90389
4.41911
4.41491
4.57603
4.58009
2.6092
2.51029
1.7898
1.72719
2.61659
2.50241
1.78477
4.55371
4.36181
4.36391
4.55142
4.40802
4.41135
4.57245
4.56912
2.60281
1.72181
2.49008
1.77544
2.49563
1.7793
2.5975
5.31618
5.31625
3.94316
4.2809
3.943
3.7594
3.54257
3.75917
4.28094
3.94302
3.94314
3.5429
3.75919
3.75937
5.6
5.58184
2.86731
2.93432
5.60003
5.58202
2.8696
5.23141
4.423
2.65398
2.52179
5.23104
4.4231
2.65645
5.6
2.93413
5.58205
2.86957
5.58183
2.86727
5.59998
5.23105
2.52139
4.42317
2.65645
4.42301
2.65398
5.2315
5.27288
3.12395
2.81857
5.27288
3.12383
5.19017
4.03568
2.67585
2.26812
5.19032
4.03545
2.67565
2.81857
5.27288
3.12387
5.27287
3.12394
5.1903
2.26885
4.03549
2.67568
4.03568
2.67584
5.19021
4.26523
5.13156
4.26516
5.13155
2.79521
3.59752
1.75753
2.04593
2.79506
3.59739
1.75833
2.45225
2.70152
1.65608
1.67349
2.45199
1.65723
2.70186
5.23673
4.26515
5.13156
2.79505
2.04645
3.59743
1.75837
3.59751
1.75753
2.79524
2.45198
1.67191
2.70189
1.65729
1.65608
2.45229
2.70153
5.01816
3.69468
5.01957
3.69428
4.69398
4.68352
3.70191
2.35243
2.48853
1.70301
3.70417
2.35101
2.48443
5.0171
3.69403
3.69444
5.01577
4.66689
4.67559
3.70039
1.70706
2.3508
2.47992
2.35227
2.48373
3.69806
2.24494
3.87704
2.17642
3.86895
2.24096
3.8782
2.17822
2.31028
5.08562
4.03516
2.74568
4.03382
2.74526
2.31415
2.24096
3.86841
3.87825
2.17826
3.87707
2.17642
2.24494
1.98486
3.52032
1.74031
2.81353
1.98617
3.52003
1.7405
2.08608
3.85486
3.75393
2.16977
3.75416
2.16852
2.08497
1.98614
2.81353
3.52009
1.74052
3.52034
1.74029
1.98488
5.13957
3.0448
3.0514
1.8977
2.77468
2.7821
1.8917
4.40484
4.56595
5.31636
5.3164
3.94312
4.28088
3.94296
3.75935
3.54252
3.75913
4.28093
3.94299
3.94311
3.54286
3.75917
3.75935
5.59996
5.58181
2.86719
2.93427
5.59998
5.58199
2.86949
5.23144
4.42303
2.65394
2.5218
5.23107
4.42312
2.65642
5.59995
2.93408
5.58203
2.86947
5.58181
2.86716
5.59993
5.27289
3.12394
2.8186
5.2729
3.12382
5.19014
4.03568
2.67583
2.26811
5.19029
4.03545
2.67562
2.7952
3.59751
1.75752
2.04591
2.79505
3.59739
1.75832
5.01358
3.69412
5.0148
3.69365
4.66036
4.65283
3.69423
2.35197
2.47941
1.70237
3.69653
2.35041
2.47582
5.01276
3.69328
3.69375
5.01167
4.64074
4.64737
3.69284
1.70633
2.34998
2.47219
2.35156
2.47555
3.69066
2.24491
3.87707
2.17642
3.869
2.24093
3.87822
2.17822
2.31017
5.08539
4.03496
2.7454
4.03364
2.745
2.31404
2.24093
3.86845
3.87825
2.17826
3.87708
2.17642
2.24491
1.98483
3.52036
1.74028
2.81355
1.98612
3.52007
1.74048
2.08608
3.85492
3.75399
2.16977
3.75424
2.16852
2.08496
1.98611
2.81355
3.52013
1.74049
3.52038
1.74026
1.98486
5.08486
3.02809
3.03293
1.88754
2.75358
2.75926
1.88218
5.31648
5.3165
3.9431
4.28086
3.94294
3.75935
3.54249
3.75913
5.01001
3.69333
5.01097
3.69283
4.63602
4.63
3.68738
2.35106
2.47208
1.70144
3.68941
2.34943
2.46888
5.00947
3.69242
3.69291
5.00862
4.62036
4.62588
3.68633
1.70536
2.34889
2.46595
2.35052
2.46896
3.68448
2.24488
3.87706
2.17641
3.869
2.2409
3.87819
2.17822
2.31004
5.08499
4.03472
2.74505
4.03341
2.74466
2.3139
2.24089
3.86845
3.8782
2.17824
3.87704
2.1764
2.24487
1.98482
3.52039
1.74025
2.81357
1.9861
3.5201
1.74045
2.08608
3.85494
3.75402
2.16978
3.75428
2.16852
2.08496
1.9861
2.81356
3.52016
1.74047
3.52041
1.74024
1.98485
5.04375
3.01518
3.0194
1.87962
2.73766
2.74226
1.87474
5.00746
3.69247
5.00819
3.69196
4.61666
3.68193
2.34995
2.46615
1.7004
3.68361
2.3483
2.46327
1.49531
2.20432
1.61636
2.42041
2.20559
1.61806
1.49495
1.24796
1.76277
1.26161
1.70917
1.76332
1.2629
1.2482
0.893851
0.79521
0.691296
1.02317
0.894617
0.79703
0.691776
0.769296
0.642135
0.595314
0.829777
0.769927
0.642588
0.595655
1.91458
2.76824
1.97449
2.77276
3.10284
1.98444
1.81167
0.785375
0.814295
0.71606
0.991903
0.77359
0.767679
0.68728
1.00794
0.800737
0.738473
1.11204
1.00672
0.794013
0.736534
1.49963
2.21019
1.6236
2.42596
1.49998
2.21054
1.62416
1.25032
1.76578
1.26632
1.71255
1.25085
1.76598
1.26698
0.895442
0.799052
0.692689
1.02482
0.895976
0.799342
0.692973
0.770651
0.643574
0.596347
0.831051
0.771155
0.643853
0.596604
1.90682
2.71599
2.91982
2.8495
1.89935
1.81898
1.84381
0.966954
0.767821
0.712109
1.0647
0.960056
0.764473
0.709812
1.50128
2.21173
1.62482
2.42698
1.50229
2.21154
1.62492
1.25103
1.76703
1.26735
1.71355
1.25189
1.76684
1.26768
0.896385
0.800354
0.693552
1.02564
0.89656
0.799964
0.69354
0.771544
0.644483
0.597119
0.831647
0.771728
0.644391
0.597099
2.71222
2.71523
1.90257
2.68157
1.9013
1.76739
1.7798
0.956875
0.764676
0.709817
1.05823
0.954169
0.764789
0.709714
1.50188
2.21212
1.62474
2.42711
1.50303
2.21187
1.62484
1.25139
1.76738
1.2672
1.71389
1.25234
1.76713
1.26756
0.896734
0.800535
0.693902
1.02597
0.896783
0.799945
0.693784
0.771903
0.644761
0.597414
0.831879
0.771953
0.644533
0.597276
2.69756
2.60737
1.89622
2.58967
1.89376
1.72861
1.7379
0.951535
0.764643
0.709473
1.05235
0.948948
0.764229
0.70901
1.50211
2.2123
1.62457
2.4271
1.5033
2.21202
1.62471
1.25158
1.76754
1.26702
1.71402
1.25257
1.76727
1.26741
0.896885
0.800377
0.694065
1.0261
0.896886
0.799709
0.69391
0.772044
0.644817
0.597509
0.831978
0.772049
0.644556
0.59734
2.68744
2.55256
1.8873
2.54394
1.88505
1.70189
1.70812
0.946377
0.763619
0.708403
1.04677
0.943894
0.762837
0.707641
1.50219
2.21238
1.62445
2.42705
1.5034
2.21208
1.62461
1.25166
1.76763
1.2669
1.71406
1.25267
1.76735
1.26731
0.896945
0.800055
0.694153
1.02605
0.896923
0.799354
0.693977
0.772109
0.644816
0.597539
0.832027
0.772095
0.644555
0.59736
0.941506
0.761999
0.706833
0.761083
0.705938
1.50222
2.21241
1.62438
2.42702
1.50343
2.21211
1.62454
1.2517
1.76768
1.26682
1.71407
1.25272
1.76739
1.26724
0.896965
0.799671
0.6942
1.02591
0.896931
0.798956
0.694013
0.772142
0.644801
0.597549
0.832048
0.772119
0.644542
0.597364
1.50221
2.21242
1.62432
2.42699
1.50343
2.21211
1.6245
0.896971
0.799264
0.694228
1.02571
0.896919
0.798552
0.694022
0.77216
0.64479
0.59755
0.832057
0.772132
0.644532
0.597367
0.793368
0.691286
1.02142
0.893457
0.794073
0.6909
2.7155
3.08453
1.95023
1.90243
0.779212
0.808443
0.751337
0.98975
0.780437
0.782699
0.722571
0.796904
0.733656
1.10114
0.967222
0.790693
0.716425
3.04466
1.81307
2.76912
1.87022
2.84839
1.91384
2.9348
5.72365
4.35881
6.81839
4.31857
2.97441
3.11516
3.81661
2.63885
2.78853
1.67964
1.75769
2.79504
1.70182
2.56718
4.50851
6.21706
6.34078
4.32555
3.2295
3.27737
4.30215
2.60864
1.73556
2.67431
1.68221
2.7376
1.69802
2.56224
6.7801
4.49611
7.00591
5.74006
3.86602
3.91002
5.71467
4.83686
7.4601
7.58184
7.18198
4.3617
4.47905
7.00331
6.94174
6.17257
5.09431
4.79306
7.48916
4.88704
5.46235
7.29573
4.59601
7.1656
6.77559
4.30507
4.23354
6.89555
4.53436
6.87608
6.91636
6.77434
4.13178
4.15995
6.63974
5.56679
4.11566
5.23499
3.60784
3.05255
2.96619
3.78198
2.58211
1.5799
2.37211
2.27708
1.6392
2.51683
1.53302
3.98522
4.78225
4.81525
3.49068
2.92362
2.92099
3.49647
2.22867
1.63129
2.4543
1.50869
2.47941
1.51707
2.19758
6.84007
4.49132
6.80559
6.60099
4.13241
4.10529
6.72993
4.43547
6.68135
6.69472
6.67599
4.05429
4.07474
6.55876
4.71844
3.93042
4.68982
3.45694
2.91201
2.91334
3.45547
2.14962
2.43411
1.50517
1.62484
2.17275
2.41557
1.49955
3.84692
4.52825
4.52991
3.34561
2.87569
2.87483
3.35104
2.12878
1.62372
2.38342
1.48996
2.39912
1.49598
2.10893
6.67171
4.41117
6.66258
6.55777
4.06422
4.04532
6.67389
4.39105
6.63505
6.63874
6.67566
4.03273
4.049
6.55884
4.50258
3.81581
4.5077
3.32746
2.86278
2.86421
3.31917
2.07446
2.36942
1.48596
1.61323
2.09117
2.35628
1.47979
3.77981
4.49924
4.484
3.27571
2.8386
2.83478
3.29159
2.05997
1.61089
2.33462
1.46997
2.34505
1.47585
2.0465
6.63294
4.38172
6.62967
6.55757
4.047
4.03108
6.67501
4.37475
6.61409
6.61746
6.66506
4.02844
4.04416
6.54599
4.4887
3.77172
4.50484
3.28838
2.82852
2.83305
3.27081
2.0241
2.32581
1.46628
1.59966
2.03486
2.31764
1.4608
3.76032
4.52391
4.50854
3.27192
2.82366
2.81735
3.29245
2.01512
1.59767
2.3048
1.45272
2.31101
1.45762
2.00681
1.9934
2.29977
1.45005
1.58857
1.99989
2.29502
1.44573
4.31716
6.7139
6.74481
5.92763
3.86662
3.89438
5.78662
2.97704
2.98064
3.66996
2.30685
3.90945
3.87212
2.16967
3.63276
2.27823
3.08967
2.15364
3.54306
3.39678
1.89864
2.98626
2.08769
11.3349
7.5499
7.41801
10.5794
4.06667
5.50994
5.72553
3.81608
2.92608
2.96558
3.69979
2.72779
1.57805
2.295
2.39671
1.75737
2.71145
1.63542
6.98379
6.70304
5.87385
6.21054
6.84511
5.85517
6.7661
2.18305
2.01636
2.58478
1.75954
1.62495
1.59459
1.6601
2.83998
1.96683
2.00054
3.03998
3.27847
2.01161
1.89285
2.71779
2.75342
1.9026
2.79723
1.90187
1.80494
1.79105
2.70863
2.62812
1.89809
2.65287
1.90008
1.75737
1.74659
2.69447
2.56275
1.88925
2.5751
1.89173
1.72148
1.71388
2.68583
2.5309
1.88157
2.5369
1.88343
1.69752
1.69265
2.653
1.86276
2.76408
2.86931
1.90444
1.80749
1.7777
1.88034
1.96043
1.94725
1.72453
1.59807
1.76997
1.61115
3.70264
3.72069
3.7757
3.36525
3.48773
3.32867
3.51699
3.99071
3.92411
3.95341
3.53554
3.7205
3.54844
3.71965
6.44238
10.1343
5.06033
6.06622
8.10174
5.38804
4.84531
4.52144
6.64139
6.74625
4.34121
3.24288
3.20647
4.38392
4.52816
6.53902
6.43741
4.37652
3.26925
3.28145
4.35543
4.65073
7.49447
7.27268
5.90272
4.39337
4.01245
7.13811
5.50328
4.28737
4.0951
5.08761
4.24928
5.27862
5.41276
5.96353
5.11702
11.3204
4.35767
4.36022
6.17066
8.26326
4.87037
7.59114
7.62914
7.38265
4.46038
4.6002
7.21959
4.57313
7.04117
7.08927
6.86327
4.19357
4.2252
6.7409
4.54382
6.99997
6.95636
6.69112
4.18935
4.16168
6.82651
4.05949
4.98908
5.0638
3.51683
2.93303
2.92891
3.54002
4.00615
4.91686
4.88567
3.52728
2.92568
2.93036
3.51158
4.48006
6.74977
6.77648
6.70016
4.08356
4.10844
6.57672
4.44316
6.72849
6.70926
6.56398
4.0892
4.0668
6.68348
3.90946
4.6168
4.6363
3.41564
2.901
2.90035
3.41692
3.86331
4.57363
4.56349
3.38109
2.88757
2.88813
3.37806
4.40721
6.65004
6.65642
6.67427
4.03917
4.05687
6.55831
4.39249
6.64603
6.64147
6.55895
4.05196
4.03533
6.67517
3.80454
4.49815
4.48813
3.29899
2.85407
2.8519
3.31008
3.78712
4.48298
4.4963
3.2985
2.84255
2.84554
3.28478
4.38143
6.62452
6.62777
6.67299
4.02995
4.04574
6.55487
4.37454
6.62263
6.61943
6.55101
4.04479
4.02926
6.6696
3.7668
4.51137
4.49515
3.26905
2.8288
2.82356
3.28793
3.76396
4.50202
4.51787
3.28953
2.8199
2.82571
3.26967
4.5942
7.18133
7.26628
7.12965
4.16759
4.24044
6.92329
4.38098
7.03832
6.86089
6.15081
4.02865
3.94713
6.49468
5.61543
4.40762
4.37508
5.1352
4.61942
5.32084
5.46991
5.83635
5.53732
6.03669
4.74284
4.96624
6.15398
5.61601
6.07406
4.8607
5.33091
5.31983
5.27687
5.14941
5.79332
8.78039
6.88466
6.42147
7.8605
6.74938
7.08563
6.98933
6.93071
4.36343
6.52566
6.67722
4.37512
3.17223
3.18193
4.36466
5.95829
4.995
5.3937
5.55398
5.49449
5.90039
5.41019
4.19313
6.39435
6.25373
4.20364
3.15143
3.07591
4.27945
6.053
6.34503
4.96312
6.20309
5.32379
5.34722
4.87714
1.77554
1.96665
1.94462
1.75092
1.56685
1.7168
1.71647
4.94351
4.4123
5.43947
5.92997
4.80184
5.83208
4.63621
3.56064
4.65458
4.7533
4.91517
3.44322
3.65415
4.76758
5.2505
3.89129
4.98032
5.34062
4.76481
5.43466
4.29892
14.0714
14.9722
9.92601
22.1281
23.6722
3.71303
4.79767
5.44283
3.48676
4.90759
5.7094
3.86556
11.4635
4.17798
6.68454
5.88123
4.19015
6.27883
3.97865
1.43631
2.09101
1.37307
1.98061
2.09208
1.37133
1.43624
1.49763
2.42255
2.20875
1.6222
2.20744
1.62061
1.49814
1.439
1.98299
2.09485
1.37345
2.09364
1.37499
1.43918
1.24962
1.71032
1.7649
1.26549
1.76418
1.26426
1.24952
1.44043
2.09641
1.37674
1.98515
1.44112
2.09666
1.37448
1.5014
2.42648
2.21124
1.62483
2.2113
1.62462
1.50063
1.44225
1.98663
2.09744
1.37516
2.09765
1.37779
1.44116
1.25147
1.71291
1.76658
1.26761
1.76665
1.2672
1.25075
2.70299
1.84741
2.86357
1.74085
2.65502
2.81291
1.83673
1.73443
2.59666
2.62212
2.7727
1.8212
1.82765
2.73964
1.44166
2.09813
1.37843
1.98599
1.44295
2.09776
1.37562
1.50277
2.42709
2.21177
1.62494
2.21197
1.62482
1.50169
1.4434
1.98714
2.09801
1.37597
2.09839
1.37884
1.44206
1.25214
1.71364
1.76704
1.26769
1.76724
1.26732
1.25126
2.57523
1.71987
2.55622
2.68759
1.81305
2.71154
1.80624
1.71563
2.52483
2.53968
2.66663
1.79169
1.79816
2.64861
1.44232
2.09857
1.37916
1.98622
1.44375
2.09814
1.3762
1.5032
2.42714
2.21199
1.6248
2.21223
1.62465
1.50205
1.44397
1.98733
2.09829
1.3764
2.09871
1.37936
1.44254
1.25246
1.7139
1.76724
1.26753
1.76747
1.26713
1.25152
2.51204
1.70085
2.50067
2.61927
1.78399
2.63261
1.77813
1.69704
2.48297
2.49127
2.60743
1.76641
1.7713
2.59786
1.44267
2.09881
1.37952
1.98634
1.44416
2.09835
1.3765
1.50336
2.42711
2.21209
1.62469
2.21235
1.62451
1.50219
1.44427
1.98744
2.09845
1.3766
2.09889
1.3796
1.44278
1.25261
1.714
1.76735
1.2674
1.7676
1.26698
1.25165
2.47614
1.68496
2.47008
2.58214
1.76045
2.58906
1.75655
1.68232
2.46098
2.46528
2.57576
1.74865
1.7516
2.57091
1.44284
2.09895
1.37969
1.98642
1.44436
2.09847
1.37664
1.50342
2.42707
2.21213
1.62461
2.2124
1.62441
1.50224
1.44441
1.98751
2.09854
1.37669
2.09899
1.37972
1.4429
1.25268
1.71403
1.76741
1.26732
1.76766
1.26688
1.25171
2.45753
1.67393
2.45438
2.56254
1.74448
2.56609
1.74237
1.44291
2.09902
1.37976
1.98647
1.44446
2.09854
1.3767
1.50343
2.42704
2.21214
1.62455
2.21242
1.62435
1.50225
1.44446
1.98755
2.09859
1.37673
2.09905
1.37977
1.44294
1.44294
2.09907
1.37979
1.98649
1.44449
2.09858
1.37672
0.682425
0.563774
0.539408
0.718664
0.68302
0.56414
0.539503
0.608256
0.501781
0.485444
0.621584
0.608543
0.502226
0.485568
1.33258
1.32238
1.3375
1.17779
1.24423
1.1734
1.247
0.766105
0.658537
0.64
0.809305
0.749557
0.647576
0.618088
0.683673
0.564841
0.54014
0.719874
0.684114
0.565105
0.540183
0.608892
0.502543
0.485911
0.622268
0.609148
0.502903
0.486015
0.684532
0.565725
0.540748
0.720455
0.684657
0.565655
0.540551
0.609366
0.503001
0.486339
0.622657
0.609477
0.503278
0.486299
0.68487
0.566037
0.541094
0.720679
0.684865
0.565823
0.540765
0.609588
0.503218
0.486567
0.622841
0.609626
0.503407
0.486446
0.685002
0.566114
0.541289
0.720768
0.684953
0.565865
0.540906
0.60969
0.503277
0.486654
0.622925
0.609699
0.503439
0.486505
0.685058
0.566122
0.541383
0.720804
0.684991
0.565864
0.540976
0.609742
0.503285
0.48669
0.622964
0.609738
0.503441
0.48653
0.685083
0.566114
0.541431
0.720816
0.685007
0.565851
0.541013
0.609771
0.503276
0.4867
0.622979
0.60976
0.503433
0.486537
0.685093
0.566098
0.541456
0.736776
0.671428
0.669701
0.745377
0.729247
0.64596
0.635302
2.19648
1.73895
1.55531
1.33134
1.75567
1.56017
2.20247
2.18824
1.33348
1.74897
1.56231
1.75647
1.56286
2.18137
1.65483
1.43253
1.9945
1.93321
1.25292
1.63509
1.39708
1.90932
1.25325
1.6253
1.3885
1.63012
1.39108
1.89413
1.86923
1.6206
1.38872
1.24963
1.88161
1.61554
1.38622
1.85763
1.24852
1.606
1.38161
1.61091
1.38527
1.84597
1.82436
1.6014
1.37965
1.242
1.83511
1.59663
1.37525
1.81468
1.24037
1.58793
1.3682
1.59232
1.37283
1.80535
1.78923
1.584
1.36561
1.23318
1.79709
1.58008
1.36098
1.78255
1.23154
1.57348
1.35426
1.57676
1.35856
1.7763
1.76629
1.57079
1.35212
1.22508
1.77113
1.56817
1.34818
1.63019
1.41632
1.96087
2.10608
1.29845
1.69934
1.51577
8.13871
15.4424
28.2909
8.36563
16.2787
28.9622
18.809
8.13079
15.4261
28.2585
8.3662
16.2796
28.962
13.9502
27.1072
8.12708
15.4171
28.2505
8.36572
16.2783
28.9631
9.65564
16.4562
27.4265
8.12623
15.4188
28.252
8.36539
16.2787
28.9634
9.29366
16.6724
27.8496
8.12675
15.4204
28.2552
8.36563
16.2796
28.9636
9.11513
16.4752
28.1548
8.127
15.4205
28.2584
8.36591
16.2799
28.964
9.00834
16.3236
28.2553
8.12683
15.4203
28.2609
8.36601
16.2797
28.9645
8.94891
16.2471
28.3258
8.12645
15.4202
28.2621
8.366
16.2795
28.9648
8.91498
16.2084
28.4057
8.12605
15.4203
28.2621
8.89329
16.1876
28.4903
13.4731
30.0184
56.1779
18.5204
37.649
62.0696
29.1737
47.4441
31.4332
35.5421
51.6351
13.6677
30.1958
57.4187
27.8618
14.4474
26.8052
35.7801
15.5834
21.6723
40.2952
14.4562
30.0125
35.6886
14.9622
30.5074
41.2498
14.8627
30.9861
39.5612
14.9871
29.9652
42.4623
14.9648
29.4823
43.3096
14.8657
28.7935
44.3625
14.9195
29.0918
43.9147
14.8126
28.5708
44.7017
14.7642
28.4061
44.9704
14.686
28.2018
45.387
14.7225
28.2884
45.1939
34.2569
59.5567
28.2498
59.2871
29.7706
56.9307
28.1259
44.6342
45.0846
98.5845
54.401
34.3167
79.6063
37.3376
30.3768
62.8001
19.1082
34.8285
57.9508
17.2467
36.383
45.1233
19.0421
35.0369
57.4784
17.2763
37.7314
48.046
18.9105
35.014
57.2524
18.358
36.7576
54.343
18.9482
35.0864
57.1842
18.9414
35.0164
57.2622
18.1742
36.3923
56.4709
18.9036
34.9465
57.3412
18.878
34.8095
57.7044
18.178
35.2484
57.155
18.9063
34.8351
57.7454
17.998
35.1307
58.7357
18.8446
34.7704
58.1617
18.0247
34.8213
58.2336
18.8816
34.8073
58.0908
30.512
61.0446
27.8014
51.2738
34.6093
76.4204
27.3881
18.4525
38.225
62.9916
18.4207
37.6849
61.657
18.7406
38.4307
63.5571
18.3802
37.5586
62.8289
18.0606
37.4736
62.0815
35.414
21.422
45.3465
15.1526
30.2578
43.2124
15.2558
30.4024
44.4351
15.4082
29.6604
46.7261
15.4078
29.4613
47.1082
15.3951
29.1542
47.8209
15.3915
29.1051
47.9877
15.3846
29.037
48.3912
18.3387
35.8982
60.0512
15.3424
27.4399
45.0239
15.8799
28.1751
46.9129
19.3718
35.497
57.1101
14.4623
25.8388
42.9484
32.6839
47.9405
46.7664
44.9669
88.3382
46.309
48.9853
95.3193
43.0492
50.0318
100.54
21.3511
34.4157
65.0554
19.1678
25.1705
50.2503
20.2526
34.3875
61.77
17.293
27.2554
46.8939
19.6323
34.4676
59.8911
18.9254
35.1277
57.2183
18.1745
38.1037
50.7059
18.9545
35.149
57.154
18.0784
37.7318
53.5814
18.8954
34.8884
57.4534
18.2827
35.7756
56.1663
18.9237
34.9011
57.4909
18.0916
35.5663
57.9084
18.8868
34.8433
57.5771
18.8594
34.7739
57.947
18.0907
34.9698
57.7798
18.8889
34.8092
57.9828
17.9207
34.8975
59.2893
50.046
100.521
59.455
48.1494
97.4738
51.2286
42.5758
93.0108
31.5776
55.2031
55.9725
21.8489
18.7088
34.4334
61.3544
22.7602
36.0659
66.6137
14.6022
30.1732
21.6296
37.3931
67.4086
38.9827
69.8158
8.50364
16.4778
29.5136
8.5043
16.4784
29.5139
8.46501
16.4309
28.8843
8.46048
16.1576
28.6154
8.4655
16.4315
28.8846
8.46086
16.1584
28.6144
19.5995
8.50439
16.4787
29.5141
8.50435
16.4788
29.515
8.46558
16.4317
28.8847
8.46116
16.1593
28.6145
8.46558
16.4321
28.8853
8.46152
16.1604
28.6168
8.50424
16.4787
29.5151
8.50392
16.4787
29.5152
8.46552
16.432
28.8855
8.4617
16.1606
28.6176
8.46523
16.4318
28.8855
8.4615
16.1604
28.6195
8.50384
16.4788
29.5151
8.50378
16.4792
29.5147
8.46517
16.4318
28.8853
8.46157
16.1605
28.6198
8.46504
16.432
28.8849
8.46127
16.1602
28.6204
11.3898
21.5691
33.2728
8.5038
16.4793
29.5146
8.50389
16.4795
29.5143
8.46504
16.4321
28.8847
8.46136
16.1604
28.6203
8.46506
16.4322
28.8845
8.46115
16.1603
28.6203
11.291
21.1385
34.5003
11.2668
21.06
34.628
8.50392
16.4795
29.5142
8.504
16.4795
29.5141
8.46508
16.4323
28.8845
8.46126
16.1606
28.6201
8.4651
16.4323
28.8846
8.4611
16.1604
28.62
8.50401
16.4795
29.514
8.50404
16.4793
29.514
8.46511
16.4323
28.8846
8.46121
16.1606
28.6198
8.4651
16.4322
28.8848
8.46104
16.1604
28.6196
8.50404
16.4793
29.5139
8.50404
16.4792
29.5139
8.46509
16.4322
28.8849
8.46116
16.1605
28.6194
11.1104
24.1709
42.8614
11.3276
24.3178
43.0916
10.7318
18.3402
27.1844
10.5179
18.9691
27.089
10.4145
19.6854
28.471
10.317
19.0331
30.2291
10.1591
18.4805
31.005
10.113
18.3812
31.2807
10.104
18.3664
31.3437
18.7028
35.1717
59.251
19.3315
36.2736
61.2022
28.4879
59.3577
20.2963
38.6862
63.3774
17.2626
33.7032
55.7605
17.543
34.2384
55.0453
17.3801
33.6369
57.2106
17.3804
33.4441
57.6388
17.5808
33.6633
56.6575
17.3542
33.2593
58.2466
17.5539
33.5461
57.1974
19.8167
34.523
64.3036
29.9175
52.1139
102.349
57.0362
31.6562
47.6761
36.1227
8.41202
16.0741
28.8076
8.09486
15.7212
28.1489
8.13841
15.4423
28.2925
8.0954
15.7221
28.147
8.38947
16.3065
29.084
8.36579
16.279
28.9621
8.38952
16.3065
29.0842
8.41212
16.0743
28.8076
8.09545
15.72
28.1429
8.12966
15.4223
28.2522
8.09544
15.7185
28.142
8.38978
16.3074
29.0838
8.36619
16.2794
28.9621
8.3897
16.3073
29.0848
11.2702
14.8303
29.7706
9.67107
19.2783
31.3377
8.41213
16.0744
28.8077
8.09386
15.7151
28.1447
8.1266
15.4171
28.2504
8.09387
15.7152
28.1432
8.38939
16.307
29.0865
8.36565
16.2784
28.9632
8.38925
16.3069
29.0872
9.46662
18.4909
30.3901
8.41208
16.0743
28.8077
8.09339
15.716
28.1438
8.12632
15.4194
28.2526
8.0937
15.7168
28.1424
8.38922
16.3074
29.0871
8.36549
16.2791
28.9633
8.38924
16.3076
29.0873
9.24058
16.632
27.9577
9.43087
18.3785
30.4663
8.41204
16.0743
28.8077
8.09375
15.7174
28.1443
8.12687
15.4205
28.2559
8.09409
15.7178
28.1434
8.38953
16.3083
29.0868
8.36579
16.2799
28.9636
8.38959
16.3084
29.087
9.42028
18.2985
30.6491
8.41201
16.0743
28.8077
8.09393
15.7175
28.1463
8.12699
15.4204
28.259
8.09417
15.7177
28.1456
8.38985
16.3087
29.0867
8.36603
16.2801
28.9641
8.38986
16.3086
29.087
8.98998
16.299
28.2727
8.0938
15.7171
28.1486
8.12675
15.4202
28.2611
8.09401
15.7173
28.1478
8.38998
16.3086
29.0868
8.36609
16.2798
28.9645
8.38996
16.3085
29.087
8.0936
15.7169
28.1504
8.12635
15.4203
28.2621
8.0938
15.7171
28.1494
8.39
16.3084
29.0869
8.36607
16.2796
28.9647
8.38996
16.3083
29.0871
8.90867
16.2017
28.4269
8.09338
15.7167
28.1516
8.12594
15.4203
28.2618
8.09358
15.717
28.1504
8.50386
16.4778
29.5139
8.50408
16.4781
29.5138
8.43091
16.2176
28.7274
8.46514
16.431
28.8845
8.35105
16.2082
28.9884
8.46042
16.1574
28.615
8.46533
16.4312
28.8845
8.4314
16.2183
28.7268
8.46066
16.1579
28.6145
8.35143
16.209
28.9879
8.2961
16.1551
29.0041
8.40733
16.3352
29.0932
8.40755
16.3356
29.0922
8.29919
15.9858
28.3278
8.41201
16.0741
28.8077
8.29913
15.9858
28.328
15.1599
29.1059
15.3221
30.3218
14.0652
29.7796
8.50446
16.4788
29.5143
8.50443
16.4788
29.5146
8.43154
16.2189
28.727
8.46565
16.432
28.8849
8.35163
16.2098
28.9879
8.46129
16.1597
28.6152
8.46564
16.4321
28.8851
8.43171
16.2199
28.7296
8.46154
16.1603
28.6158
8.35191
16.2108
28.991
8.29617
16.1552
29.0044
8.29639
16.1554
29.0042
8.4077
16.3361
29.0922
8.40805
16.3372
29.0943
8.29922
15.986
28.3277
8.4121
16.0743
28.8077
8.29919
15.9859
28.3279
8.13131
15.36
28.277
10.7545
14.544
32.8349
9.69895
19.2998
30.7999
9.58584
18.9063
30.7373
9.60128
18.906
30.0558
8.50413
16.4787
29.5152
8.50401
16.4787
29.5152
8.43173
16.22
28.7301
8.46542
16.4319
28.8856
8.35201
16.211
28.9914
8.46157
16.1605
28.6184
8.46534
16.4319
28.8855
8.43147
16.22
28.7316
8.46168
16.1606
28.6189
8.35175
16.2108
28.9935
8.2966
16.1554
29.0044
8.29676
16.1554
29.0047
8.40813
16.3374
29.0948
8.38347
16.1232
29.1355
8.40811
16.3374
29.0966
8.29927
15.986
28.3276
8.41208
16.0743
28.8078
8.29922
15.986
28.3279
9.51699
18.4826
29.8023
9.45007
18.4469
30.3844
9.5091
18.4376
29.8589
8.5038
16.4789
29.515
8.50378
16.479
29.5148
8.43144
16.2199
28.7315
8.4651
16.4318
28.8852
8.35177
16.2109
28.9933
8.46138
16.1603
28.6202
8.46508
16.4319
28.885
8.43122
16.2199
28.7317
8.46145
16.1604
28.6202
8.35146
16.2107
28.9939
8.2969
16.1556
29.0046
8.29687
16.1554
29.0051
8.29694
16.1555
29.0055
8.29698
16.1557
29.005
8.40811
16.3375
29.0968
8.40794
16.3373
29.0974
8.29926
15.986
28.3276
8.41203
16.0742
28.8078
8.29921
15.9859
28.3278
8.07125
15.2702
28.173
8.47123
15.4722
27.6461
9.50241
18.3496
30.0868
9.42835
18.3594
30.5103
9.50043
18.3231
30.1641
8.50383
16.4794
29.5145
8.50386
16.4795
29.5144
8.43123
16.22
28.7313
8.46504
16.4321
28.8847
8.3515
16.2109
28.9934
8.4612
16.1603
28.6204
8.46506
16.4322
28.8846
8.43113
16.2201
28.7312
8.4613
16.1605
28.6203
8.35133
16.2108
28.9934
8.29707
16.1557
29.0062
8.40794
16.3374
29.0972
8.38324
16.1232
29.1353
8.40782
16.3373
29.0973
8.29925
15.986
28.3276
8.41199
16.0742
28.8077
8.2992
15.9859
28.3278
9.4896
18.2461
30.3691
9.41684
18.2794
30.6932
9.48471
18.2234
30.4272
8.50395
16.4796
29.5142
8.50398
16.4795
29.5141
8.43117
16.2201
28.7308
8.46509
16.4323
28.8845
8.35141
16.211
28.9929
8.46113
16.1604
28.6202
8.46511
16.4323
28.8845
8.43109
16.2201
28.7307
8.46124
16.1606
28.62
8.35129
16.2109
28.9929
8.29713
16.156
29.0058
8.29712
16.1558
29.0064
8.40783
16.3374
29.0971
8.38322
16.1233
29.1349
8.40775
16.3374
29.097
8.29925
15.986
28.3276
8.41196
16.0742
28.8077
8.29919
15.986
28.3278
8.05931
15.2645
28.1625
8.42269
15.4577
27.6367
8.40672
15.4521
27.6428
8.50403
16.4794
29.514
8.50404
16.4794
29.514
8.43114
16.2201
28.7304
8.46511
16.4323
28.8847
8.35138
16.211
28.9923
8.46107
16.1604
28.6198
8.46511
16.4322
28.8848
8.43106
16.22
28.7304
8.46119
16.1606
28.6196
8.35127
16.2108
28.9923
8.38322
16.1233
29.1349
8.40778
16.3374
29.0967
8.05579
15.2643
28.1487
8.3931
15.4497
27.6604
8.50405
16.4793
29.5139
8.50405
16.4792
29.5139
8.43111
16.2199
28.7301
8.46508
16.4321
28.8849
8.35136
16.211
28.9918
8.46102
16.1603
28.6194
8.39069
15.4496
27.6653
8.05409
15.2646
28.1391
8.38412
15.4502
27.6865
8.05311
15.2646
28.1335
8.38247
15.4506
27.6929
28.53
46.9079
17.7723
36.4834
60.3326
17.3692
36.0489
60.9286
16.4956
31.9916
59.4043
38.6469
57.4428
40.0294
59.4389
54.4816
8.25934
15.9443
28.801
8.25935
15.9444
28.8007
8.25946
15.9445
28.8003
8.25945
15.9445
28.8006
8.2595
15.9446
28.8002
8.25954
15.9446
28.8002
8.2593
15.9442
28.801
8.25934
15.9444
28.8005
8.25938
15.9444
28.8007
8.25948
15.9446
28.8002
8.25952
15.9446
28.8002
8.2595
15.9445
28.8007
20.7149
37.9413
69.2932
9.75291
19.7138
32.5331
20.1002
16.2422
32.9257
9.41756
18.4394
30.2663
11.595
20.3949
30.946
10.3931
18.1398
32.0789
9.37091
18.2998
30.3551
9.92125
18.7261
30.9665
9.36557
18.2144
30.6025
9.91465
18.8109
31.1317
9.90599
18.7471
31.3846
10.1177
21.0719
35.8502
11.0946
23.1781
38.7275
19.4288
37.4389
22.69
13.6598
30.1845
56.86
25.0549
50.2685
16.7149
34.1304
9.87041
16.2026
27.5342
10.9508
17.6283
32.9472
11.4055
21.5953
32.6695
9.94554
18.6462
31.0415
10.4069
19.6228
28.9742
9.15196
16.5266
28.1077
10.3456
19.18
30.0142
11.3173
21.2371
34.3265
9.91386
18.816
31.0623
10.2352
18.7036
30.6562
9.9097
18.7647
31.328
10.2125
18.6297
30.7565
10.1454
18.4476
31.0784
8.92189
16.2158
28.3851
19.6959
36.5127
58.2653
21.1994
36.4738
67.1359
21.4331
32.3067
65.4536
14.5798
32.1041
58.611
20.3963
42.4843
14.6785
31.0779
37.5012
22.098
37.9219
66.5572
30.3484
48.7574
20.2494
38.1023
68.159
30.7257
56.9254
32.5749
63.3585
32.6147
49.3685
99.5305
45.3447
18.3094
38.0554
61.9498
18.7693
38.3737
63.1256
18.2482
40.5124
64.8711
18.9836
38.8547
65.503
19.3533
39.114
62.6931
17.5479
40.5834
74.767
24.2776
51.3847
19.3196
34.6884
58.5576
16.6466
33.7202
45.3742
18.959
35.0681
57.3623
17.8128
38.1954
47.9566
18.171
37.018
55.2897
18.3314
36.1954
55.4082
18.9145
34.8632
57.6188
18.0432
35.3139
58.3702
18.8685
34.7854
57.829
18.1317
35.0875
57.497
17.8892
34.8246
59.5104
29.4822
54.7596
25.0178
39.0783
20.2266
36.1766
62.1349
22.8967
41.1642
70.0927
18.9571
36.4611
55.1727
22.6505
41.2053
72.899
36.0159
39.4233
28.4289
53.0417
26.2566
56.8125
18.6793
37.9186
62.3388
18.5871
37.9972
62.095
18.9274
38.7032
67.2309
16.3731
26.4046
45.429
17.9762
31.2509
57.0803
17.748
32.6981
54.9748
19.4618
42.728
19.5585
28.9907
56.4415
18.0991
33.4033
56.8467
15.2401
29.1962
42.8239
17.4909
33.832
54.3205
17.4975
34.1999
54.5802
15.3425
30.1864
45.4775
11.9948
24.461
33.1129
17.3428
33.8517
56.5796
17.5762
34.1499
55.4639
15.3892
29.9093
46.214
12.1726
24.5777
34.1928
17.5907
34.0283
55.8002
12.3159
24.4649
35.1229
17.9645
33.3723
56.4149
17.937
33.322
56.4802
15.4047
29.3231
47.3945
17.5942
33.8078
56.2928
17.3831
33.5324
57.44
17.9248
33.2921
56.5468
15.4001
29.2259
47.628
17.3676
33.3239
57.9735
17.5731
33.6165
56.8114
17.9139
33.2782
56.6437
15.388
29.0708
48.1353
12.4994
23.2164
37.7493
12.5073
23.3595
37.518
17.5659
33.5813
56.9516
17.9053
33.2775
56.7473
15.3863
29.0503
48.2694
12.4759
23.0115
38.1256
17.3431
33.2328
58.4809
17.5491
33.5395
57.3073
12.4636
22.9401
38.2859
12.4059
22.744
38.9148
12.3954
22.7244
39.0168
12.3857
22.7094
39.1092
34.5696
25.7911
57.328
27.9927
52.3038
31.5745
52.0308
22.9745
42.0227
71.9307
45.5456
19.0026
33.1752
57.4871
15.6359
28.1706
46.5854
22.4987
44.0245
41.9753
38.9075
76.4705
45.8339
53.049
18.0819
39.8808
64.9384
19.3574
39.2935
63.5453
17.3762
39.8396
76.2702
23.7561
34.09
70.2899
22.726
47.6498
17.011
30.9449
45.0787
18.9727
35.1728
57.1948
17.8068
38.2511
51.1667
18.9161
35.0809
57.2043
18.3264
37.4483
52.8237
18.933
34.9527
57.3687
18.1391
35.9151
57.3011
18.2292
35.4699
56.7259
18.8973
34.8174
57.8671
17.9572
34.9967
59.0353
18.8515
34.7693
58.0584
18.0553
34.884
58.0217
50.6462
97.0591
48.2038
56.3156
20.0861
36.3709
63.3644
51.3614
80.9132
144.934
28.3993
50.8144
32.1149
55.5261
28.5051
49.1498
43.2642
27.6747
47.9868
20.7271
37.6974
66.9686
18.2597
34.2579
59.2849
20.4322
36.8957
64.3231
22.1618
31.3434
68.3989
8.11679
15.2576
27.4072
14.6649
29.6806
77.596
29.0605
47.82
74.9492
68.8786
30.6502
65.1257
44.1751
8.27521
16.2254
28.9109
8.27631
16.2267
28.9088
8.3661
16.2796
28.9619
8.12342
15.2663
27.4027
8.13241
15.4318
28.2713
8.07949
15.2082
27.3213
13.5405
27.7592
8.27643
16.2264
28.909
8.27571
16.2244
28.9103
8.36596
16.2787
28.9628
8.25931
15.9443
28.8008
8.25939
15.9445
28.8003
8.07095
15.1813
27.2579
8.12777
15.4177
28.2502
8.06372
15.15
27.227
8.94774
15.3264
28.6741
10.3217
21.1493
34.7791
9.45482
18.5447
30.3385
9.66506
18.9653
30.2929
16.8064
34.5699
15.4818
29.5612
8.27526
16.2238
28.9112
8.27477
16.2239
28.9109
8.36548
16.2786
28.9633
8.25937
15.9444
28.8007
8.25944
15.9445
28.8002
8.06198
15.1473
27.228
8.79155
15.3536
28.2507
8.12621
15.4181
28.2512
8.05938
15.1467
27.2319
9.35519
16.6919
27.7228
8.57001
15.4378
27.7413
9.62112
18.7665
30.1124
9.37464
18.3218
30.3053
9.56521
18.5034
30.2154
11.4626
21.1179
31.2679
10.1293
18.3807
31.5534
8.27463
16.2242
28.9113
8.12661
15.4202
28.2543
8.27496
16.2253
28.9108
8.36562
16.2796
28.9634
8.25942
15.9444
28.8006
8.0595
15.1479
27.2319
8.53447
15.4555
27.6917
8.05976
15.1497
27.2354
9.55812
18.4564
30.2906
9.36716
18.2353
30.5417
9.54444
18.3498
30.5106
11.3692
21.4717
33.7401
9.91329
18.7777
30.9633
8.27496
16.2254
28.9113
8.12698
15.4205
28.2575
8.27537
16.2259
28.9112
8.36593
16.28
28.9638
8.06006
15.1502
27.2352
8.4581
15.4705
27.6419
8.05993
15.15
27.2374
9.02959
16.3529
28.237
8.42945
15.4607
27.6376
9.53986
18.3211
30.5765
9.35747
18.1582
30.7658
9.52458
18.2504
30.748
9.91417
18.7983
31.2008
8.27532
16.2258
28.9119
8.27549
16.2257
28.9119
8.36608
16.28
28.9643
8.2595
15.9445
28.8006
8.05999
15.1501
27.2367
8.1269
15.4203
28.2602
8.0593
15.1494
27.2371
8.96062
16.2613
28.3075
9.51898
18.2313
30.7966
8.27538
16.2255
28.9126
8.27543
16.2254
28.9125
8.36608
16.2797
28.9647
8.05926
15.1495
27.2358
8.40283
15.4511
27.6451
8.12655
15.4202
28.2618
8.05849
15.149
27.2347
8.2753
16.2252
28.9131
8.12614
15.4203
28.2621
8.27532
16.225
28.9129
8.36604
16.2795
28.9648
8.05846
15.1491
27.2329
8.05774
15.1486
27.2307
8.89792
16.1914
28.4693
8.05772
15.1487
27.2287
22.7136
11.1102
23.9681
42.8778
10.1796
21.3427
36.0694
12.2416
26.3708
45.9845
10.3478
21.4835
35.8807
25.7155
21.6351
42.5308
12.0022
19.4064
31.6358
13.2117
18.163
35.0353
11.2275
20.9537
34.8096
53.0071
19.9116
32.7405
12.7161
16.7088
32.5468
13.9559
18.9966
38.3491
12.2657
20.9463
33.1887
11.2935
17.5465
28.3789
11.8067
22.7114
31.985
12.2075
16.2446
34.8654
10.4442
19.4194
27.4194
9.52357
16.6031
27.4754
11.8247
23.863
32.2505
10.4213
19.6375
27.9309
9.42876
16.6731
27.5899
11.4215
21.4736
31.9601
10.0037
18.5344
31.2234
10.3928
19.4957
29.4025
12.4707
23.987
36.4474
12.4131
24.2423
35.87
12.4991
23.7461
36.8925
10.3718
19.3407
29.7476
9.19362
16.5805
28.0432
12.5088
23.5341
37.2386
11.3442
21.352
34.0824
9.91256
18.8062
31.0019
10.288
18.9034
30.4007
9.08262
16.4284
28.1896
10.2606
18.7947
30.5402
12.4888
23.1029
37.9499
11.2457
20.9995
34.7271
9.91249
18.7823
31.2666
10.1923
18.5691
30.8459
12.4512
22.8825
38.4316
12.4392
22.8356
38.5672
10.1746
18.5201
30.9282
8.97423
16.2786
28.2898
12.4276
22.7982
38.6908
10.1334
18.421
31.1482
8.93868
16.2349
28.345
12.4164
22.7679
38.8077
10.1225
18.3988
31.2159
8.9298
16.2247
28.3646
10.0962
18.3549
31.404
12.3673
22.6877
39.2777
12.3762
22.697
39.1976
21.0567
37.3598
63.8709
22.0994
39.395
67.143
23.7655
42.8795
72.3487
24.2482
43.8607
74.5489
21.0344
38.2197
68.5997
18.7551
34.0262
58.2907
18.4989
33.7093
57.4656
18.3036
33.5209
57.1874
18.062
33.4113
56.6817
17.9683
33.3733
56.5731
17.9464
33.3585
56.472
17.9791
33.3906
56.4747
17.953
33.3691
56.5035
17.954
33.3371
56.4392
17.9309
33.3049
56.5078
17.9423
33.3119
56.5138
17.9321
33.3012
56.6126
17.9093
33.2763
56.6956
23.4432
43.1678
73.9818
18.2842
34.4001
58.5329
19.8478
37.8597
63.622
30.0774
56.3308
34.0025
62.6444
19.8406
37.0839
62.5825
21.5911
45.2316
58.3744
23.779
43.2852
75.3229
24.4633
46.5402
26.0888
59.3401
19.8507
35.9669
63.444
23.0476
47.2077
19.1941
34.7261
59.8716
18.1971
33.4681
56.9233
17.3208
33.029
55.8091
18.0077
33.3779
56.6736
17.3008
33.8828
56.1583
18.003
33.3999
56.55
17.9692
33.3848
56.4306
17.5956
33.9095
56.07
17.3685
33.7507
56.929
17.9419
33.3413
56.4668
17.9595
33.3547
56.4191
17.5882
33.7257
56.486
17.9481
33.3227
56.4717
17.3744
33.3756
57.8151
17.9191
33.2834
56.593
17.3607
33.2858
58.1172
17.937
33.3049
56.5616
17.5594
33.5592
57.0791
17.9278
33.3008
56.6641
17.3483
33.2424
58.3677
23.7957
44.0137
74.3469
21.9238
40.0341
70.1452
22.1916
32.9624
66.5713
32.1341
72.6286
40.4152
89.556
70.7795
8.34957
15.7912
29.1087
14.6592
28.5155
9.24072
16.2272
29.1728
47.7214
74.7876
34.3783
54.6592
8.29616
16.1547
29.0053
8.2963
16.1547
29.0059
8.38301
16.1221
29.1333
8.383
16.122
29.1331
8.41201
16.0741
28.8076
8.44187
16.0692
28.3521
8.44181
16.0691
28.3521
8.35756
15.8033
29.1284
8.29629
16.1555
29.0036
8.38322
16.1226
29.1332
8.3833
16.1228
29.1336
8.41208
16.0742
28.8076
8.44188
16.0695
28.352
8.44187
16.0695
28.3521
9.82486
19.9737
32.7925
9.59651
19.0714
31.0927
8.29668
16.1556
29.0039
8.38349
16.1232
29.1348
8.41211
16.0743
28.8077
8.4419
16.0697
28.3524
8.44188
16.0696
28.3525
8.08857
15.2829
28.1724
9.49205
18.564
30.4252
9.39418
18.3819
30.2506
8.38344
16.1232
29.1357
8.3834
16.1232
29.1358
8.41206
16.0743
28.8077
8.44188
16.0696
28.3526
8.44184
16.0695
28.3526
9.43431
18.3982
30.4277
9.36938
18.2785
30.4153
8.29704
16.1558
29.0053
8.41211
16.1619
29.1409
8.29702
16.1556
29.0058
8.41207
16.1619
29.141
8.38329
16.1232
29.1357
8.41201
16.0742
28.8077
8.44185
16.0695
28.3526
8.44183
16.0695
28.3527
8.06385
15.2664
28.1711
8.06547
15.2673
28.1722
9.42333
18.3186
30.6036
9.36331
18.1944
30.6599
8.41203
16.162
29.1409
8.38323
16.1233
29.1353
8.41198
16.0742
28.8077
8.44185
16.0695
28.3527
8.44183
16.0695
28.3528
8.29715
16.1561
29.0061
8.29716
16.1559
29.0067
8.44186
16.0696
28.3528
8.44184
16.0695
28.3529
8.0562
15.264
28.1515
8.05426
15.2643
28.1414
8.16384
15.9819
28.6293
8.27563
16.226
28.9098
8.16438
15.9827
28.627
8.09564
15.7215
28.1429
8.09535
15.7221
28.1464
8.27599
16.2264
28.9095
8.16513
15.9834
28.6251
8.16459
15.9831
28.627
8.46799
16.3071
28.9905
8.46794
16.307
28.9905
8.36596
16.2793
28.962
8.38974
16.3071
29.0838
8.38964
16.3069
29.0834
8.46823
16.3078
28.9897
8.46806
16.3074
28.9895
8.431
16.2175
28.7274
8.35106
16.208
28.9885
8.41155
16.1607
29.1393
8.4115
16.1606
29.1394
8.4312
16.2178
28.7265
8.35125
16.2085
28.9875
8.41171
16.1611
29.139
8.4116
16.1609
29.1392
8.46124
16.4599
29.273
8.49709
16.2671
28.4408
8.49709
16.267
28.441
8.46122
16.4598
29.2729
8.2961
16.1547
29.0053
8.49718
16.2673
28.4409
8.49712
16.2671
28.441
8.46133
16.4602
29.2729
8.4612
16.4599
29.2731
8.42683
16.2726
28.728
8.42674
16.2726
28.7283
8.4073
16.3351
29.0929
8.61398
16.5676
29.4851
8.61402
16.5677
29.485
8.3831
16.1224
29.133
8.42683
16.2727
28.7278
8.42681
16.2726
28.7278
8.61411
16.5678
29.4851
8.38305
16.1222
29.1331
8.4074
16.3353
29.0922
8.61402
16.5677
29.4851
8.29917
15.9858
28.3279
8.41208
16.0742
28.8076
8.44185
16.0693
28.352
8.44183
16.0692
28.352
8.2992
15.9859
28.3277
8.37706
15.8237
29.0919
8.11745
15.2609
27.4014
9.36339
16.3022
29.151
9.30297
16.2614
29.2773
8.28177
15.6809
29.0533
8.20244
15.521
28.7672
8.09668
15.2396
27.3758
8.13531
15.438
28.2871
9.03657
15.9609
29.0843
8.80713
15.6235
28.328
8.16514
15.9828
28.6258
8.27634
16.2258
28.9092
8.16533
15.9823
28.6248
8.12868
15.4194
28.2508
8.09453
15.7158
28.1434
8.09476
15.7168
28.1442
8.27595
16.225
28.9103
8.16478
15.9806
28.6258
8.16482
15.9813
28.6267
8.4684
16.3084
28.9895
8.46851
16.3086
28.9903
8.36603
16.279
28.9625
8.38949
16.307
29.0862
8.38965
16.3073
29.0852
8.46854
16.3087
28.9918
8.4686
16.3088
28.9907
8.43166
16.2194
28.7279
8.35175
16.2102
28.9891
8.4119
16.1614
29.1388
8.41201
16.1616
29.139
8.43174
16.2197
28.7285
8.35192
16.2107
28.9896
8.4122
16.1618
29.1394
8.46147
16.4605
29.2725
8.49726
16.2675
28.4407
8.46134
16.4603
29.2728
8.49729
16.2676
28.4406
8.41214
16.1618
29.1391
8.2965
16.1556
29.0036
8.46145
16.4605
29.2726
8.49736
16.2678
28.4405
8.49733
16.2677
28.4406
8.46158
16.4607
29.2724
8.61421
16.568
29.485
8.4269
16.2727
28.7275
8.61416
16.5679
29.485
8.42687
16.2728
28.7277
8.40784
16.3366
29.0929
8.38345
16.1231
29.1344
8.38339
16.123
29.134
8.42689
16.2729
28.7276
8.42693
16.2728
28.7274
8.40797
16.3369
29.0934
8.61426
16.568
29.485
8.61428
16.5681
29.4851
8.29917
15.9859
28.3279
8.25936
15.9445
28.8004
8.41215
16.0744
28.8077
8.44189
16.0696
28.3523
8.44189
16.0696
28.3522
8.25933
15.9444
28.8008
8.29926
15.986
28.3276
8.15421
15.4163
28.4548
8.06799
15.1659
27.2327
9.68512
15.1331
30.7592
8.52804
15.2168
27.2206
8.63198
15.3878
27.6614
8.11732
15.3263
28.1975
8.1057
15.305
28.1789
8.06598
15.156
27.2259
10.285
15.7394
28.1314
9.19939
15.2808
29.4016
8.45337
15.1022
27.0048
8.3956
15.0319
26.8811
9.90544
20.0621
32.4335
9.91112
19.9557
32.2989
9.51049
18.7342
30.5361
9.52967
18.6901
30.517
9.74118
19.3064
30.9082
9.55537
18.6844
29.817
8.16412
15.9799
28.6276
8.27508
16.2237
28.9109
8.16408
15.9798
28.6266
8.12632
15.4175
28.2509
8.09363
15.7158
28.1427
8.09344
15.7151
28.1442
8.27477
16.2236
28.9114
8.16365
15.9801
28.6269
8.16353
15.9796
28.6281
8.46855
16.3088
28.9922
8.46842
16.3087
28.9931
8.36547
16.2782
28.9633
8.38916
16.3072
29.0874
8.38922
16.307
29.0871
8.46826
16.3087
28.9939
8.46838
16.3087
28.9933
8.43162
16.22
28.7309
8.35189
16.2109
28.9926
8.41227
16.1619
29.1396
8.41228
16.1618
29.1399
8.4316
16.22
28.7311
8.35192
16.211
28.9927
8.41226
16.1618
29.1403
8.41228
16.1618
29.1401
8.49737
16.2678
28.4405
8.46154
16.4605
29.2724
8.49739
16.2678
28.4405
8.46165
16.4607
29.2723
8.29681
16.1556
29.0042
8.46159
16.4605
29.2724
8.49739
16.2678
28.4406
8.49738
16.2678
28.4406
8.46167
16.4606
29.2723
8.42694
16.2729
28.7274
8.61432
16.5681
29.4852
8.42689
16.2729
28.7277
8.3835
16.1232
29.1351
8.40812
16.3374
29.0957
8.61432
16.5681
29.4852
8.3835
16.1232
29.1354
8.61434
16.5681
29.4853
8.4269
16.2729
28.7276
8.42694
16.2729
28.7275
8.40815
16.3375
29.0961
8.61433
16.5681
29.4854
8.29922
15.986
28.3278
8.25942
15.9445
28.8003
8.41212
16.0743
28.8077
8.44187
16.0696
28.3526
8.44188
16.0696
28.3525
8.29928
15.986
28.3276
8.09649
15.2917
28.1738
8.06056
15.1459
27.23
8.68949
15.3836
27.9894
8.31642
14.9812
26.7062
8.35033
14.9958
26.7832
8.08279
15.2777
28.172
8.07782
15.274
28.1723
8.05989
15.1463
27.2303
8.61932
15.4125
27.832
8.29271
14.9802
26.6479
8.27624
14.9865
26.6066
9.59321
18.6433
30.0989
9.5307
18.5572
29.7741
9.38096
18.3469
30.2678
9.44007
18.4193
30.3987
9.57612
18.5626
30.1457
9.5057
18.4057
29.9293
8.16328
15.9801
28.6285
8.27477
16.2246
28.9108
8.16355
15.9808
28.6273
8.12647
15.4198
28.2535
8.0939
15.7174
28.1427
8.09355
15.7169
28.1438
8.27474
16.2249
28.9113
8.16369
15.9815
28.6278
8.16332
15.9808
28.6289
8.46826
16.3088
28.9938
8.46818
16.3089
28.9943
8.36547
16.2792
28.9634
8.3894
16.308
29.0872
8.38935
16.3079
29.087
8.46819
16.3091
28.9945
8.46822
16.3091
28.9941
8.43132
16.2199
28.7318
8.35159
16.2107
28.9939
8.41224
16.1618
29.1405
8.41219
16.1618
29.1407
8.43131
16.2199
28.7315
8.35161
16.2108
28.9935
8.41213
16.1618
29.1409
8.41216
16.1618
29.1408
8.49738
16.2678
28.4407
8.4616
16.4605
29.2724
8.49738
16.2678
28.4407
8.46168
16.4606
29.2724
8.46161
16.4605
29.2726
8.4974
16.2678
28.4408
8.49738
16.2678
28.4408
8.46169
16.4607
29.2725
8.42695
16.2728
28.7274
8.61435
16.5681
29.4855
8.42691
16.2729
28.7277
8.40803
16.3374
29.0972
8.61432
16.568
29.4856
8.38332
16.1232
29.1357
8.61432
16.568
29.4856
8.42694
16.2729
28.7277
8.42697
16.2728
28.7275
8.6143
16.5681
29.4857
8.38336
16.1232
29.1358
8.40802
16.3374
29.0972
8.29923
15.986
28.3278
8.41207
16.0743
28.8077
8.44184
16.0695
28.3526
8.44185
16.0695
28.3526
8.25942
15.9444
28.8006
8.29927
15.986
28.3275
8.07437
15.272
28.1725
8.05943
15.1485
27.2336
8.50793
15.4669
27.6657
8.25836
15.0056
26.5608
8.26553
14.9959
26.5787
8.06909
15.2692
28.1731
8.06692
15.2679
28.173
8.05977
15.1495
27.2336
8.48757
15.4715
27.6528
8.2538
15.0145
26.5494
8.25051
15.0216
26.5424
9.55294
18.4165
30.3667
9.50384
18.3771
30.0074
9.36826
18.2567
30.4794
9.42595
18.3388
30.5569
9.54861
18.3815
30.4403
9.49772
18.2964
30.2375
8.16352
15.9814
28.6294
8.27519
16.2257
28.9109
8.16391
15.9819
28.6283
8.12694
15.4205
28.2569
8.09416
15.7179
28.1445
8.0939
15.7176
28.1451
8.27518
16.2258
28.9116
8.16409
15.982
28.6289
8.16373
15.9817
28.6299
8.46828
16.3094
28.9943
8.46828
16.3094
28.9946
8.36579
16.2799
28.9638
8.38974
16.3086
29.087
8.38971
16.3086
29.0867
8.46838
16.3096
28.9946
8.46838
16.3096
28.9943
8.43116
16.22
28.7314
8.35138
16.2108
28.9937
8.43119
16.22
28.7311
8.35144
16.2109
28.9931
8.41206
16.1619
29.1409
8.4617
16.4607
29.2726
8.4974
16.2679
28.4408
8.46162
16.4605
29.2727
8.49742
16.2679
28.4408
8.41204
16.1619
29.1409
8.29709
16.1559
29.0056
8.46163
16.4606
29.2728
8.49745
16.2679
28.4408
8.49742
16.2679
28.4409
8.46172
16.4608
29.2727
8.61427
16.5681
29.4858
8.42699
16.2729
28.7276
8.42696
16.2729
28.7278
8.38327
16.1232
29.1356
8.40787
16.3373
29.0974
8.6143
16.5681
29.4858
8.38325
16.1232
29.1355
8.42699
16.2729
28.7279
8.42701
16.2729
28.7277
8.40787
16.3373
29.0972
8.61427
16.5681
29.4859
8.61425
16.5681
29.4859
8.29922
15.986
28.3278
8.41203
16.0743
28.8077
8.44183
16.0695
28.3527
8.44184
16.0695
28.3527
8.25946
15.9444
28.8006
8.29926
15.986
28.3275
8.05998
15.1501
27.2366
8.44691
15.4673
27.6394
8.24632
15.0315
26.5343
8.24829
15.0275
26.5375
8.06273
15.266
28.1693
8.06136
15.2652
28.1674
8.06016
15.1504
27.2362
8.43764
15.4639
27.6374
9.05429
16.3878
28.2158
8.24469
15.0346
26.5314
8.243
15.0365
26.5291
9.53506
18.2951
30.6382
9.49404
18.2709
30.3059
9.36055
18.1756
30.7148
9.41291
18.2614
30.7353
9.52997
18.2716
30.6951
9.47931
18.2024
30.4803
8.16388
15.9818
28.6306
8.27547
16.2259
28.9115
8.1642
15.982
28.6295
8.0941
15.7175
28.1468
8.09389
15.7173
28.1475
8.27538
16.2257
28.9122
8.16424
15.9819
28.6301
8.16396
15.9817
28.6312
8.46849
16.3097
28.9943
8.46848
16.3096
28.9947
8.36599
16.2799
28.9643
8.38992
16.3085
29.087
8.38994
16.3087
29.0867
8.46854
16.3096
28.9947
8.46856
16.3097
28.9944
8.43111
16.2201
28.731
8.35131
16.2109
28.9932
8.41201
16.162
29.1409
8.43115
16.2201
28.7306
8.35139
16.211
28.9926
8.41198
16.162
29.1407
8.41201
16.162
29.1408
8.49746
16.268
28.4408
8.49747
16.268
28.4408
8.46173
16.4608
29.2728
8.46165
16.4606
29.2728
8.29714
16.1559
29.0066
8.29715
16.1561
29.006
8.4975
16.268
28.4407
8.49748
16.268
28.4408
8.46174
16.4608
29.2728
8.46165
16.4606
29.2729
8.42704
16.2729
28.7277
8.427
16.273
28.728
8.38322
16.1233
29.1352
8.40777
16.3373
29.0972
8.61422
16.5681
29.486
8.61425
16.5681
29.486
8.42703
16.273
28.728
8.42705
16.273
28.7279
8.6142
16.5681
29.4861
8.38322
16.1233
29.1351
8.40779
16.3374
29.0969
8.61422
16.5681
29.486
8.29921
15.986
28.3278
8.44184
16.0695
28.3528
8.44185
16.0695
28.3528
8.06046
15.2651
28.165
8.05969
15.1497
27.2375
8.41654
15.4554
27.6385
8.24001
15.0392
26.5247
8.24157
15.0382
26.5267
8.05858
15.2645
28.1597
8.05967
15.1498
27.2365
8.12696
15.4204
28.2598
8.05757
15.2641
28.1571
8.41145
15.4535
27.6392
8.23865
15.0402
26.5226
8.23717
15.0407
26.5211
9.47368
18.1832
30.5292
8.16398
15.9815
28.6318
8.27548
16.2255
28.9122
8.16425
15.9817
28.6307
8.12666
15.4202
28.2616
8.0939
15.7172
28.1487
8.09371
15.717
28.1496
8.27535
16.2253
28.9129
8.16423
15.9816
28.6312
8.16397
15.9814
28.6323
8.46861
16.3097
28.9944
8.46858
16.3096
28.9947
8.36602
16.2796
28.9646
8.38996
16.3084
29.0871
8.39
16.3085
29.0868
8.46859
16.3095
28.9948
8.46864
16.3097
28.9944
8.43108
16.22
28.7306
8.35128
16.2109
28.9926
8.41198
16.162
29.1406
8.41195
16.162
29.1406
8.43112
16.22
28.7302
8.35137
16.211
28.992
8.41193
16.162
29.1404
8.41196
16.162
29.1404
8.49749
16.268
28.4407
8.46166
16.4606
29.2729
8.4975
16.2679
28.4406
8.46172
16.4608
29.2728
8.29715
16.1559
29.0068
8.29714
16.1561
29.0062
8.42707
16.273
28.7279
8.6142
16.5682
29.486
8.42703
16.273
28.7281
8.38322
16.1233
29.1348
8.40773
16.3374
29.0968
8.61417
16.5681
29.4861
8.05702
15.2642
28.1542
8.0589
15.1491
27.2361
8.39913
15.4504
27.6501
8.2347
15.0419
26.5184
8.23598
15.0415
26.5195
8.05508
15.2641
28.1463
8.05886
15.1493
27.2345
8.39609
15.4499
27.654
8.23365
15.0426
26.5173
8.2325
15.0429
26.5169
8.16394
15.9812
28.6327
8.27539
16.2252
28.9127
8.1642
15.9815
28.6316
8.12625
15.4203
28.2622
8.09369
15.717
28.15
8.0935
15.7168
28.151
8.27525
16.225
28.9133
8.16415
15.9814
28.6319
8.16391
15.9811
28.6331
8.46865
16.3096
28.9944
8.46861
16.3095
28.9948
8.36598
16.2794
28.9648
8.38994
16.3082
29.0872
8.38999
16.3083
29.0869
8.4686
16.3094
28.9947
8.46865
16.3096
28.9944
8.43105
16.2199
28.7303
8.35126
16.2108
28.9921
8.05482
15.2644
28.1437
8.05812
15.1488
27.2328
8.38823
15.4498
27.6726
8.23067
15.0439
26.5164
8.23164
15.0436
26.5164
8.0581
15.1489
27.2309
8.05358
15.2645
28.1372
8.38623
15.4499
27.6784
8.90315
16.1964
28.4479
8.22993
15.0445
26.5164
8.22905
15.0446
26.517
8.05351
15.2648
28.1352
8.0574
15.1485
27.2284
8.2277
15.0454
26.5184
8.22845
15.0452
26.5175
17.6542
36.9552
60.1002
16.749
34.1863
58.008
17.8652
37.1269
61.4531
17.0442
34.4382
59.5375
23.2926
34.1248
66.0401
16.8842
33.5014
58.8295
16.3592
32.9306
59.376
58.2807
)
;

boundaryField
{
    front
    {
        type            cyclic;
    }
    Back
    {
        type            cyclic;
    }
    inlet
    {
        type            fixedValue;
        value           nonuniform List<scalar> 0();
    }
    outlet
    {
        type            inletOutlet;
        inletValue      uniform 1.78;
        value           nonuniform List<scalar> 
170
(
1.07585
0.508311
0.361772
0.28334
0.234947
1.07641
0.508578
0.36189
0.283402
0.234983
1.0768
0.508768
0.362001
0.283468
0.235025
1.07697
0.508878
0.362077
0.28352
0.23506
1.07705
0.508935
0.362125
0.283555
0.235086
1.07709
0.508969
0.362154
0.283577
0.235102
0.508986
0.362171
0.28359
0.235112
1.6715
1.67333
1.67189
1.6736
1.67202
1.67364
1.672
1.67361
1.67196
1.67357
1.67192
1.67354
0.748219
0.748756
1.0762
0.748777
0.749284
1.07672
0.749159
0.749548
1.07699
0.749309
0.749648
1.07711
0.74936
0.749683
1.07716
0.749375
0.749695
1.07719
0.749376
1.67304
2.70155
2.70121
2.70171
2.70134
1.67172
1.67345
2.70177
2.70142
2.70188
2.70151
1.672
1.67357
2.70187
2.70153
2.70193
2.70157
1.67203
1.67356
2.70189
2.70155
2.70193
2.70158
1.67199
1.67352
2.70188
2.70155
2.70191
2.70156
1.67195
1.67349
2.70186
2.70152
2.70189
2.70153
1.67191
8.25934
15.9443
28.801
8.25935
15.9444
28.8007
8.25946
15.9445
28.8003
8.25945
15.9445
28.8006
8.2595
15.9446
28.8002
8.25954
15.9446
28.8002
8.2593
15.9442
28.801
8.25934
15.9444
28.8005
8.25938
15.9444
28.8007
8.25948
15.9446
28.8002
8.25952
15.9446
28.8002
8.2595
15.9445
28.8007
8.25931
15.9443
28.8008
8.25939
15.9445
28.8003
8.25937
15.9444
28.8007
8.25944
15.9445
28.8002
8.25942
15.9444
28.8006
8.2595
15.9445
28.8006
8.25936
15.9445
28.8004
8.25933
15.9444
28.8008
8.25942
15.9445
28.8003
8.25942
15.9444
28.8006
8.25946
15.9444
28.8006
)
;
    }
    upperPatch
    {
        type            slip;
    }
    ground
    {
        beta1           0.075;
        blended         0;
        type            omegaWallFunction;
        value           nonuniform List<scalar> 
1366
(
14.9503
16.5912
10.4826
16.8705
10.7586
9.00854
10.6965
11.5427
12.3396
10.7586
10.7586
12.3396
12.3396
28.2909
28.9622
18.809
28.2585
28.962
27.1072
28.2505
28.9631
27.4265
28.252
28.9634
27.8496
28.2552
28.9636
28.1548
28.2584
28.964
28.2553
28.2609
28.9645
28.3258
28.2621
28.9648
28.4057
28.2621
28.4903
56.1779
62.0696
47.4441
31.4332
51.6351
57.4187
27.8618
35.7801
40.2952
35.6886
41.2498
39.5612
42.4623
43.3096
44.3625
43.9147
44.7017
44.9704
45.387
45.1939
59.5567
59.2871
56.9307
44.6342
98.5845
54.401
79.6063
37.3376
62.8001
57.9508
45.1233
57.4784
48.046
57.2524
54.343
57.1842
57.2622
56.4709
57.3412
57.7044
57.155
57.7454
58.7357
58.1617
58.2336
58.0908
61.0446
51.2738
76.4204
27.3881
62.9916
61.657
63.5571
62.8289
62.0815
35.414
45.3465
43.2124
44.4351
46.7261
47.1082
47.8209
47.9877
48.3912
60.0512
45.0239
46.9129
57.1101
42.9484
47.9405
46.7664
88.3382
46.309
95.3193
43.0492
100.54
65.0554
50.2503
61.77
46.8939
59.8911
57.2183
50.7059
57.154
53.5814
57.4534
56.1663
57.4909
57.9084
57.5771
57.947
57.7798
57.9828
59.2893
100.521
59.455
97.4738
51.2286
93.0108
55.2031
55.9725
21.8489
61.3544
66.6137
30.1732
21.6296
67.4086
69.8158
29.5136
29.5139
28.8843
28.6154
28.8846
28.6144
19.5995
29.5141
29.515
28.8847
28.6145
28.8853
28.6168
29.5151
29.5152
28.8855
28.6176
28.8855
28.6195
29.5151
29.5147
28.8853
28.6198
28.8849
28.6204
33.2728
29.5146
29.5143
28.8847
28.6203
28.8845
28.6203
34.5003
34.628
29.5142
29.5141
28.8845
28.6201
28.8846
28.62
29.514
29.514
28.8846
28.6198
28.8848
28.6196
29.5139
29.5139
28.8849
28.6194
42.8614
43.0916
27.1844
27.089
28.471
30.2291
31.005
31.2807
31.3437
59.251
61.2022
59.3577
63.3774
55.7605
55.0453
57.2106
57.6388
56.6575
58.2466
57.1974
64.3036
52.1139
102.349
57.0362
47.6761
36.1227
28.8076
28.1489
28.2925
28.147
29.084
28.9621
29.0842
28.8076
28.1429
28.2522
28.142
29.0838
28.9621
29.0848
29.7706
31.3377
28.8077
28.1447
28.2504
28.1432
29.0865
28.9632
29.0872
30.3901
28.8077
28.1438
28.2526
28.1424
29.0871
28.9633
29.0873
27.9577
30.4663
28.8077
28.1443
28.2559
28.1434
29.0868
28.9636
29.087
30.6491
28.8077
28.1463
28.259
28.1456
29.0867
28.9641
29.087
28.2727
28.1486
28.2611
28.1478
29.0868
28.9645
29.087
28.1504
28.2621
28.1494
29.0869
28.9647
29.0871
28.4269
28.1516
28.2618
28.1504
29.5139
29.5138
28.7274
28.8845
28.9884
28.615
28.8845
28.7268
28.6145
28.9879
29.0041
29.0932
29.0922
28.3278
28.8077
28.328
29.1059
30.3218
29.7796
29.5143
29.5146
28.727
28.8849
28.9879
28.6152
28.8851
28.7296
28.6158
28.991
29.0044
29.0042
29.0922
29.0943
28.3277
28.8077
28.3279
28.277
32.8349
30.7999
30.7373
30.0558
29.5152
29.5152
28.7301
28.8856
28.9914
28.6184
28.8855
28.7316
28.6189
28.9935
29.0044
29.0047
29.0948
29.1355
29.0966
28.3276
28.8078
28.3279
29.8023
30.3844
29.8589
29.515
29.5148
28.7315
28.8852
28.9933
28.6202
28.885
28.7317
28.6202
28.9939
29.0046
29.0051
29.0055
29.005
29.0968
29.0974
28.3276
28.8078
28.3278
28.173
27.6461
30.0868
30.5103
30.1641
29.5145
29.5144
28.7313
28.8847
28.9934
28.6204
28.8846
28.7312
28.6203
28.9934
29.0062
29.0972
29.1353
29.0973
28.3276
28.8077
28.3278
30.3691
30.6932
30.4272
29.5142
29.5141
28.7308
28.8845
28.9929
28.6202
28.8845
28.7307
28.62
28.9929
29.0058
29.0064
29.0971
29.1349
29.097
28.3276
28.8077
28.3278
28.1625
27.6367
27.6428
29.514
29.514
28.7304
28.8847
28.9923
28.6198
28.8848
28.7304
28.6196
28.9923
29.1349
29.0967
28.1487
27.6604
29.5139
29.5139
28.7301
28.8849
28.9918
28.6194
27.6653
28.1391
27.6865
28.1335
27.6929
46.9079
60.3326
60.9286
59.4043
57.4428
59.4389
54.4816
28.801
28.8007
28.8003
28.8006
28.8002
28.8002
28.801
28.8005
28.8007
28.8002
28.8002
28.8007
69.2932
32.5331
20.1002
32.9257
30.2663
30.946
32.0789
30.3551
30.9665
30.6025
31.1317
31.3846
35.8502
38.7275
37.4389
22.69
56.86
50.2685
34.1304
27.5342
32.9472
32.6695
31.0415
28.9742
28.1077
30.0142
34.3265
31.0623
30.6562
31.328
30.7565
31.0784
28.3851
58.2653
67.1359
65.4536
58.611
42.4843
37.5012
66.5572
48.7574
68.159
56.9254
63.3585
32.6147
99.5305
45.3447
61.9498
63.1256
64.8711
65.503
62.6931
74.767
51.3847
58.5576
45.3742
57.3623
47.9566
55.2897
55.4082
57.6188
58.3702
57.829
57.497
59.5104
54.7596
25.0178
39.0783
62.1349
70.0927
55.1727
72.899
36.0159
39.4233
53.0417
56.8125
62.3388
62.095
67.2309
45.429
57.0803
54.9748
42.728
56.4415
56.8467
42.8239
54.3205
54.5802
45.4775
33.1129
56.5796
55.4639
46.214
34.1928
55.8002
35.1229
56.4149
56.4802
47.3945
56.2928
57.44
56.5468
47.628
57.9735
56.8114
56.6437
48.1353
37.7493
37.518
56.9516
56.7473
48.2694
38.1256
58.4809
57.3073
38.2859
38.9148
39.0168
39.1092
34.5696
57.328
52.3038
52.0308
71.9307
45.5456
57.4871
46.5854
44.0245
41.9753
76.4705
45.8339
53.049
64.9384
63.5453
76.2702
70.2899
47.6498
45.0787
57.1948
51.1667
57.2043
52.8237
57.3687
57.3011
56.7259
57.8671
59.0353
58.0584
58.0217
97.0591
48.2038
56.3156
63.3644
51.3614
80.9132
144.934
50.8144
55.5261
49.1498
43.2642
47.9868
66.9686
59.2849
64.3231
68.3989
27.4072
29.6806
77.596
47.82
74.9492
68.8786
65.1257
44.1751
28.9109
28.9088
28.9619
27.4027
28.2713
27.3213
27.7592
28.909
28.9103
28.9628
28.8008
28.8003
27.2579
28.2502
27.227
28.6741
34.7791
30.3385
30.2929
34.5699
29.5612
28.9112
28.9109
28.9633
28.8007
28.8002
27.228
28.2507
28.2512
27.2319
27.7228
27.7413
30.1124
30.3053
30.2154
31.2679
31.5534
28.9113
28.2543
28.9108
28.9634
28.8006
27.2319
27.6917
27.2354
30.2906
30.5417
30.5106
33.7401
30.9633
28.9113
28.2575
28.9112
28.9638
27.2352
27.6419
27.2374
28.237
27.6376
30.5765
30.7658
30.748
31.2008
28.9119
28.9119
28.9643
28.8006
27.2367
28.2602
27.2371
28.3075
30.7966
28.9126
28.9125
28.9647
27.2358
27.6451
28.2618
27.2347
28.9131
28.2621
28.9129
28.9648
27.2329
27.2307
28.4693
27.2287
22.7136
42.8778
36.0694
45.9845
35.8807
25.7155
42.5308
31.6358
35.0353
34.8096
53.0071
19.9116
32.7405
32.5468
38.3491
33.1887
28.3789
31.985
34.8654
27.4194
27.4754
32.2505
27.9309
27.5899
31.9601
31.2234
29.4025
36.4474
35.87
36.8925
29.7476
28.0432
37.2386
34.0824
31.0019
30.4007
28.1896
30.5402
37.9499
34.7271
31.2666
30.8459
38.4316
38.5672
30.9282
28.2898
38.6908
31.1482
28.345
38.8077
31.2159
28.3646
31.404
39.2777
39.1976
63.8709
67.143
72.3487
74.5489
68.5997
58.2907
57.4656
57.1874
56.6817
56.5731
56.472
56.4747
56.5035
56.4392
56.5078
56.5138
56.6126
56.6956
73.9818
58.5329
63.622
56.3308
62.6444
62.5825
58.3744
75.3229
46.5402
59.3401
63.444
47.2077
59.8716
56.9233
55.8091
56.6736
56.1583
56.55
56.4306
56.07
56.929
56.4668
56.4191
56.486
56.4717
57.8151
56.593
58.1172
56.5616
57.0791
56.6641
58.3677
74.3469
70.1452
66.5713
72.6286
89.556
70.7795
29.1087
28.5155
29.1728
74.7876
54.6592
29.0053
29.0059
29.1333
29.1331
28.8076
28.3521
28.3521
29.1284
29.0036
29.1332
29.1336
28.8076
28.352
28.3521
32.7925
31.0927
29.0039
29.1348
28.8077
28.3524
28.3525
28.1724
30.4252
30.2506
29.1357
29.1358
28.8077
28.3526
28.3526
30.4277
30.4153
29.0053
29.1409
29.0058
29.141
29.1357
28.8077
28.3526
28.3527
28.1711
28.1722
30.6036
30.6599
29.1409
29.1353
28.8077
28.3527
28.3528
29.0061
29.0067
28.3528
28.3529
28.1515
28.1414
28.6293
28.9098
28.627
28.1429
28.1464
28.9095
28.6251
28.627
28.9905
28.9905
28.962
29.0838
29.0834
28.9897
28.9895
28.7274
28.9885
29.1393
29.1394
28.7265
28.9875
29.139
29.1392
29.273
28.4408
28.441
29.2729
29.0053
28.4409
28.441
29.2729
29.2731
28.728
28.7283
29.0929
29.4851
29.485
29.133
28.7278
28.7278
29.4851
29.1331
29.0922
29.4851
28.3279
28.8076
28.352
28.352
28.3277
29.0919
27.4014
29.151
29.2773
29.0533
28.7672
27.3758
28.2871
29.0843
28.328
28.6258
28.9092
28.6248
28.2508
28.1434
28.1442
28.9103
28.6258
28.6267
28.9895
28.9903
28.9625
29.0862
29.0852
28.9918
28.9907
28.7279
28.9891
29.1388
29.139
28.7285
28.9896
29.1394
29.2725
28.4407
29.2728
28.4406
29.1391
29.0036
29.2726
28.4405
28.4406
29.2724
29.485
28.7275
29.485
28.7277
29.0929
29.1344
29.134
28.7276
28.7274
29.0934
29.485
29.4851
28.3279
28.8004
28.8077
28.3523
28.3522
28.8008
28.3276
28.4548
27.2327
30.7592
27.2206
27.6614
28.1975
28.1789
27.2259
28.1314
29.4016
27.0048
26.8811
32.4335
32.2989
30.5361
30.517
30.9082
29.817
28.6276
28.9109
28.6266
28.2509
28.1427
28.1442
28.9114
28.6269
28.6281
28.9922
28.9931
28.9633
29.0874
29.0871
28.9939
28.9933
28.7309
28.9926
29.1396
29.1399
28.7311
28.9927
29.1403
29.1401
28.4405
29.2724
28.4405
29.2723
29.0042
29.2724
28.4406
28.4406
29.2723
28.7274
29.4852
28.7277
29.1351
29.0957
29.4852
29.1354
29.4853
28.7276
28.7275
29.0961
29.4854
28.3278
28.8003
28.8077
28.3526
28.3525
28.3276
28.1738
27.23
27.9894
26.7062
26.7832
28.172
28.1723
27.2303
27.832
26.6479
26.6066
30.0989
29.7741
30.2678
30.3987
30.1457
29.9293
28.6285
28.9108
28.6273
28.2535
28.1427
28.1438
28.9113
28.6278
28.6289
28.9938
28.9943
28.9634
29.0872
29.087
28.9945
28.9941
28.7318
28.9939
29.1405
29.1407
28.7315
28.9935
29.1409
29.1408
28.4407
29.2724
28.4407
29.2724
29.2726
28.4408
28.4408
29.2725
28.7274
29.4855
28.7277
29.0972
29.4856
29.1357
29.4856
28.7277
28.7275
29.4857
29.1358
29.0972
28.3278
28.8077
28.3526
28.3526
28.8006
28.3275
28.1725
27.2336
27.6657
26.5608
26.5787
28.1731
28.173
27.2336
27.6528
26.5494
26.5424
30.3667
30.0074
30.4794
30.5569
30.4403
30.2375
28.6294
28.9109
28.6283
28.2569
28.1445
28.1451
28.9116
28.6289
28.6299
28.9943
28.9946
28.9638
29.087
29.0867
28.9946
28.9943
28.7314
28.9937
28.7311
28.9931
29.1409
29.2726
28.4408
29.2727
28.4408
29.1409
29.0056
29.2728
28.4408
28.4409
29.2727
29.4858
28.7276
28.7278
29.1356
29.0974
29.4858
29.1355
28.7279
28.7277
29.0972
29.4859
29.4859
28.3278
28.8077
28.3527
28.3527
28.8006
28.3275
27.2366
27.6394
26.5343
26.5375
28.1693
28.1674
27.2362
27.6374
28.2158
26.5314
26.5291
30.6382
30.3059
30.7148
30.7353
30.6951
30.4803
28.6306
28.9115
28.6295
28.1468
28.1475
28.9122
28.6301
28.6312
28.9943
28.9947
28.9643
29.087
29.0867
28.9947
28.9944
28.731
28.9932
29.1409
28.7306
28.9926
29.1407
29.1408
28.4408
28.4408
29.2728
29.2728
29.0066
29.006
28.4407
28.4408
29.2728
29.2729
28.7277
28.728
29.1352
29.0972
29.486
29.486
28.728
28.7279
29.4861
29.1351
29.0969
29.486
28.3278
28.3528
28.3528
28.165
27.2375
27.6385
26.5247
26.5267
28.1597
27.2365
28.2598
28.1571
27.6392
26.5226
26.5211
30.5292
28.6318
28.9122
28.6307
28.2616
28.1487
28.1496
28.9129
28.6312
28.6323
28.9944
28.9947
28.9646
29.0871
29.0868
28.9948
28.9944
28.7306
28.9926
29.1406
29.1406
28.7302
28.992
29.1404
29.1404
28.4407
29.2729
28.4406
29.2728
29.0068
29.0062
28.7279
29.486
28.7281
29.1348
29.0968
29.4861
28.1542
27.2361
27.6501
26.5184
26.5195
28.1463
27.2345
27.654
26.5173
26.5169
28.6327
28.9127
28.6316
28.2622
28.15
28.151
28.9133
28.6319
28.6331
28.9944
28.9948
28.9648
29.0872
29.0869
28.9947
28.9944
28.7303
28.9921
28.1437
27.2328
27.6726
26.5164
26.5164
27.2309
28.1372
27.6784
28.4479
26.5164
26.517
28.1352
27.2284
26.5184
26.5175
60.1002
58.008
61.4531
59.5375
66.0401
58.8295
59.376
58.2807
)
;
    }
    procBoundary4to0
    {
        type            processor;
        value           nonuniform List<scalar> 
76
(
0.409834
0.390976
0.35833
0.315665
0.281237
0.255221
0.235215
0.220251
0.208857
0.201933
0.408539
0.389166
0.355574
0.31256
0.279959
0.255196
0.235247
0.22028
0.208882
0.201956
0.408385
0.389254
0.355756
0.31282
0.280109
0.255222
0.235285
0.220314
0.208912
0.201982
0.408209
0.389309
0.355821
0.313052
0.280253
0.255249
0.235317
0.220344
0.208938
0.202006
0.407979
0.389303
0.355816
0.31324
0.280369
0.255267
0.235339
0.220364
0.208957
0.202024
0.407715
0.389229
0.355748
0.313388
0.280462
0.255278
0.235352
0.220378
0.208969
0.202036
0.313501
0.280538
0.255288
0.23536
0.220386
0.208978
0.202044
0.313584
0.280602
0.255294
0.235364
0.414369
0.391481
0.356424
0.31526
0.281194
)
;
    }
    procBoundary4to1
    {
        type            processor;
        value           nonuniform List<scalar> 
183
(
1.14903
0.539037
1.11169
0.537771
1.10499
0.537564
1.09883
0.537254
1.09292
0.536854
0.549072
1.93414
1.93414
1.70909
1.94321
1.94321
4.13735
4.71692
13.289
1.14903
1.14903
1.14903
0.820258
1.11884
0.800968
11.7562
10.5305
2.32556
2.44312
1.82605
1.82605
2.60108
4.2793
4.2793
4.2793
4.2793
4.3608
4.65353
15.7438
5.35769
4.09204
4.01937
4.346
1.69343
1.68327
1.6791
1.66589
1.6607
1.64751
1.64302
0.811714
1.17161
0.839054
4.4558
4.71692
1.74594
2.51764
2.60108
4.30352
4.20023
0.798903
1.10815
0.799683
4.01687
3.98379
0.800144
1.10192
0.800346
3.9304
3.9222
0.800141
1.09584
0.79979
3.91185
3.91099
0.799181
0.79852
4.06146
4.12106
2.47051
1.6891
2.44105
1.68593
2.39939
2.41888
3.94244
3.95972
2.38103
1.67519
2.36428
1.67023
2.33539
2.34892
3.91365
3.9169
2.32316
1.65634
2.3127
1.6514
2.2958
2.30351
2.28894
1.63962
2.28336
2.5872
9.94856
9.04673
2.4508
2.47599
1.93341
1.93341
19.299
38.4171
63.9299
15.7438
27.7251
46.574
17.9892
35.2446
59.3371
9.47061
19.3711
32.1554
9.26926
18.1307
29.8514
9.25616
17.9403
29.9481
9.26595
17.8429
30.1829
9.75613
20.6685
35.6262
13.289
29.7512
57.9604
13.289
29.7512
57.9604
19.1971
38.301
63.4476
15.7438
27.7251
46.574
9.28856
18.2427
29.9216
9.25437
17.971
29.8973
9.26436
17.865
30.1238
10.6668
23.4748
43.244
9.36946
18.7584
30.6896
9.25877
18.0581
29.8387
9.25904
17.913
30.0042
9.267
17.822
30.239
9.3197
18.4317
30.1334
9.25452
18.0087
29.8589
9.26179
17.8887
30.0639
18.8436
37.6302
61.4637
)
;
    }
    procBoundary4to2
    {
        type            processor;
        value           nonuniform List<scalar> 
40
(
1.15855
1.15855
1.15855
0.536401
1.63305
1.71346
1.09022
4.35999
4.54923
4.54923
0.797712
1.15516
0.796938
3.91084
3.91075
1.63576
2.48503
2.27467
1.77082
2.27848
2.59272
2.58876
1.77082
2.59272
1.76787
9.35384
18.1419
30.8147
9.26659
17.7847
30.3435
9.40883
9.40883
18.245
18.245
30.7756
30.7756
9.26707
17.8026
30.2932
)
;
    }
    procBoundary4to3
    {
        type            processor;
        value           nonuniform List<scalar> 
352
(
2.68343
1.04191
0.676813
1.19366
0.939303
0.555698
0.523388
0.466165
0.676813
0.676813
0.676813
0.466165
0.769726
1.49127
0.955987
0.674365
0.674365
0.52175
0.465072
0.390137
3.01335
5.01725
0.771928
0.771928
0.771928
0.771928
0.678681
0.678681
0.678681
0.678681
0.520594
0.552837
0.529821
0.464614
0.391234
2.73432
1.19067
1.19067
1.10327
1.10327
1.26087
0.991222
5.72571
4.37164
3.75828
2.03546
2.27488
9.23175
20.0815
2.52591
2.52158
1.68546
1.68933
1.19366
1.88034
1.87889
1.68546
1.68933
2.51501
2.5181
1.68318
1.68027
1.19366
2.5124
2.50999
1.67635
1.67866
1.1919
2.50618
2.50805
1.67544
1.67378
1.19066
1.49127
2.50457
2.50295
1.67188
1.67323
1.18949
0.955987
1.5744
0.985095
3.15852
1.92173
1.26087
1.26087
1.26087
1.26087
10.5888
7.89029
7.25216
17.0277
14.2509
5.02671
4.36208
2.15956
2.54823
5.02671
5.02145
5.01015
5.01562
2.54389
2.15956
2.54823
2.15775
5.00391
4.99813
4.98634
4.99196
4.98011
4.9745
6.8519
6.8519
5.37388
5.25162
5.31271
5.33981
6.89536
3.3991
11.9023
3.3991
3.3991
2.42644
1.71399
11.9023
4.44967
5.83794
1.57513
0.977268
6.33072
3.20064
3.20902
4.18097
3.20902
3.20902
4.18097
1.53141
2.03077
3.21849
3.21979
0.981669
0.981669
1.35697
1.87162
1.87629
2.73101
1.16494
1.16494
0.80931
0.803759
5.65965
6.42012
2.03077
3.21979
3.19336
5.64723
5.65965
3.76359
3.87629
9.35607
35.2477
2.94564
1.86763
2.86508
1.91219
11.79
11.6709
14.5309
15.409
1.13096
1.13096
0.815678
0.802279
3.01335
1.87629
2.73101
1.87629
4.40164
4.40164
4.56277
4.56277
4.6115
4.6115
3.68128
2.46363
2.52591
1.88034
1.68933
0.939303
1.04191
0.939303
0.760186
0.705052
0.789718
0.733641
3.15852
1.97093
1.92173
0.991222
0.991222
6.612
4.04331
6.65952
4.51424
2.81564
3.2751
1.98828
1.58743
2.29134
1.44367
4.61659
7.2905
7.32327
4.32718
2.856
1.79899
2.75637
1.86241
4.37516
6.83297
4.45127
3.17889
2.42885
1.73752
2.69953
1.64356
1.67244
2.45196
2.559
1.73898
1.76253
1.22384
1.56617
1.34653
2.12661
1.30865
1.71399
1.52164
10.0753
8.88885
18.3325
16.184
31.5727
28.5114
14.6558
28.1391
45.5582
18.8753
34.8107
58.1906
17.8617
34.771
59.7059
47.8377
91.4466
15.3844
29.0315
48.5031
15.3844
29.0315
48.5031
15.3845
29.034
48.7832
15.3854
29.0397
48.8615
15.3873
29.0591
49.0586
15.3884
29.0672
49.1143
28.8171
11.607
21.2984
36.2733
11.8636
21.6303
36.947
11.7002
21.5166
36.3152
11.2126
11.2126
20.9197
20.9197
34.8824
34.8824
9.46792
18.1661
30.574
8.38065
15.4511
27.7014
9.90164
18.7305
31.4369
10.0819
18.3382
31.5185
55.1159
24.7736
17.9241
33.3031
56.715
17.3386
33.2288
58.5854
15.3839
29.029
48.6047
15.3845
29.0312
48.698
15.3857
29.045
48.933
15.3868
29.0525
48.9986
15.3889
29.0742
49.1654
26.4149
51.4181
12.7643
23.5266
39.4797
19.5626
37.9247
9.51331
18.2143
30.8417
10.0885
18.3452
31.4626
12.3587
22.6804
39.3543
10.0885
18.3452
31.4626
23.5539
43.3234
72.1861
8.38065
15.4511
27.7014
8.22718
15.046
26.5193
)
;
    }
    procBoundary4to5
    {
        type            processor;
        value           nonuniform List<scalar> 
338
(
1.07711
1.15704
0.569623
0.508997
0.782271
0.749696
0.396122
0.374635
0.36218
0.308611
0.292723
0.283598
0.255972
0.242845
0.235118
1.50108
1.50108
1.50108
1.50108
1.50108
0.720818
0.569623
0.569623
0.622947
0.557515
0.468633
0.396122
0.419609
0.565838
0.541032
0.420893
0.363973
0.308611
0.328969
0.336164
0.299318
0.255972
0.273425
3.85495
1.02564
1.02564
1.02564
0.832092
0.555338
0.419292
0.33582
1.02132
1.02132
0.467514
0.363392
0.299065
1.35843
1.35843
3.79987
4.60275
2.0339
1.95101
16.2608
1.47656
9.31357
4.60275
2.0339
3.10144
1.67189
2.93407
1.40031
1.40031
1.40031
0.928612
0.862072
0.885295
1.32776
0.862072
0.832994
0.862072
0.832994
4.2809
5.31652
2.93407
3.86843
1.31114
2.42702
2.81356
1.23114
1.01952
1.12784
1.01952
0.9521
0.928612
1.31114
1.48096
1.47656
1.47656
1.47656
1.30658
11.3116
16.2608
6.0123
1.69449
2.52647
5.17525
3.71445
2.74287
2.35346
3.8331
3.8331
2.35346
1.07711
5.23685
5.23674
1.07711
0.782271
0.749696
2.24482
2.30986
3.877
5.08454
2.24084
3.87812
4.03315
2.74426
3.75428
2.16852
2.08608
5.23691
5.23691
4.26528
5.13157
5.13157
4.26528
2.70149
1.65608
2.45198
5.23107
2.5214
4.42303
2.65395
5.5818
2.65642
2.86709
2.65395
5.59993
2.81859
5.27291
3.12393
5.19029
2.26883
4.03568
2.67581
2.45224
2.79504
1.65608
2.04643
2.45198
3.5975
1.65723
1.75751
4.28091
4.28091
3.9431
3.54284
2.93424
3.75935
3.877
2.17639
2.24084
2.42701
3.52041
1.74023
1.62451
1.62431
1.9861
5.00717
3.69205
1.70431
2.34938
1.25271
1.71404
1.76769
1.26681
1.50343
2.42701
2.21242
1.62431
0.896951
0.798862
0.694227
0.772169
0.720818
0.644778
0.59755
0.565838
0.793681
0.691749
0.893728
0.893728
0.641962
0.828834
0.641542
1.44449
1.98757
2.09908
1.37978
0.609787
0.503265
0.486703
0.685013
0.565838
0.541032
8.36595
16.2793
28.9649
20.993
8.46506
8.50404
16.432
16.4791
28.885
29.5139
8.41194
16.162
29.1402
8.41199
16.0742
28.8076
8.16386
15.981
28.6334
8.12586
15.4203
28.2617
8.16411
8.09327
15.9813
15.7167
28.6322
28.1519
8.38997
16.3082
29.0869
8.41201
16.0743
28.8076
8.29926
15.986
28.3275
8.46508
16.4321
28.885
8.46508
16.4321
28.885
8.46114
8.41191
16.1605
16.1619
28.6192
29.1402
8.05309
15.2649
28.1318
8.25956
15.9446
28.8002
8.137
8.1176
15.4399
15.2482
28.2925
27.3921
8.27519
16.2249
28.9135
13.5323
26.4548
8.35688
15.765
29.0347
9.2192
16.2017
28.9652
9.2192
16.2017
28.9652
8.41196
16.0742
28.8077
8.44185
16.0695
28.3529
8.29714
16.1559
29.0069
8.41201
16.0743
28.8076
8.41194
16.162
29.1402
8.49749
16.2679
28.4406
8.46163
16.4606
29.2729
8.46163
16.4606
29.2729
8.4617
16.4607
29.2728
8.42707
16.273
28.728
8.38323
16.1233
29.1347
8.40775
16.3374
29.0966
8.61417
16.5682
29.486
8.16386
15.981
28.6334
8.46865
16.3095
28.9944
8.43109
16.2199
28.73
8.35134
16.2109
28.9915
8.05738
15.1485
27.2263
)
;
    }
    procBoundary4to5throughfront
    {
        type            processorCyclic;
        value           nonuniform List<scalar> 
177
(
0.641542
0.467514
0.363392
0.299065
0.828834
0.768994
0.59492
0.563254
0.418702
0.328512
0.273157
1.47656
1.30658
1.22705
1.12343
1.01497
0.717751
0.682118
0.538868
0.568035
0.395406
0.308224
0.255735
2.74287
2.30933
2.24206
2.17317
2.16426
2.0788
1.97754
1.73267
1.61504
1.49322
1.43455
0.947002
0.924259
0.881799
0.858603
0.621041
0.501708
0.374001
0.292387
0.242636
0.234932
0.283313
0.361717
0.508171
0.748343
1.0758
1.67293
2.70153
5.13127
8.2594
15.9444
28.8006
28.3277
28.8075
28.3522
28.7282
29.485
29.094
29.1333
28.4406
29.2726
29.0054
29.1391
28.616
28.9894
28.7281
28.8842
29.5136
28.9916
29.085
28.9623
28.9111
28.6289
28.1491
28.2925
8.137
5.08619
4.03177
3.87506
3.86518
3.8511
3.74917
3.51444
2.80628
2.41798
2.20332
2.08989
1.97844
1.37008
1.49534
1.39581
1.26099
1.24719
1.32462
0.830756
0.608123
0.485171
0.780421
1.15523
1.75692
1.65609
2.45154
4.26493
8.29923
15.9859
16.0742
16.0692
16.2727
16.5678
16.3355
16.1222
16.2672
16.4601
16.155
16.1609
16.1578
16.2084
16.2178
16.4311
16.4778
16.3071
16.3063
16.2786
16.2249
15.9815
15.7203
15.4399
8.09431
8.1637
8.27491
8.36556
8.38935
8.46795
8.50352
5.31081
4.27454
3.93642
3.75226
3.53638
2.93017
2.86795
2.6536
2.51778
2.81621
1.70765
1.76214
3.11985
2.67252
2.26542
2.04372
3.59614
2.79433
5.23645
8.41206
8.44188
8.42681
8.61406
8.40738
8.38304
8.49714
8.46136
8.29645
8.41159
8.46045
8.35098
8.43082
8.46492
5.58052
5.59906
5.22932
4.4208
5.27214
5.18844
4.03369
)
;
    }
}


// ************************************************************************* //
