/*--------------------------------*- C++ -*----------------------------------*\
  =========                 |
  \\      /  F ield         | OpenFOAM: The Open Source CFD Toolbox
   \\    /   O peration     | Website:  https://openfoam.org
    \\  /    A nd           | Version:  10
     \\/     M anipulation  |
\*---------------------------------------------------------------------------*/
FoamFile
{
    format      ascii;
    class       labelList;
    location    "constant/polyMesh";
    object      pointProcAddressing;
}
// * * * * * * * * * * * * * * * * * * * * * * * * * * * * * * * * * * * * * //


11297
(
14
15
16
17
18
19
28
29
30
31
32
33
34
45
46
47
48
49
50
51
52
53
64
65
66
67
68
69
70
71
72
73
74
85
86
87
88
89
90
91
92
93
94
95
106
107
108
109
110
111
112
113
114
115
116
383
384
385
386
387
388
397
398
399
400
401
402
403
414
415
416
417
418
419
420
421
422
433
434
435
436
437
438
439
440
441
442
443
454
455
456
457
458
459
460
461
462
463
464
475
476
477
478
479
480
481
482
483
484
485
752
753
754
755
756
757
766
767
768
769
770
771
772
783
784
785
786
787
788
789
790
791
802
803
804
805
806
807
808
809
810
811
812
823
824
825
826
827
828
829
830
831
832
833
844
845
846
847
848
849
850
851
852
853
854
1121
1122
1123
1124
1125
1126
1135
1136
1137
1138
1139
1140
1141
1152
1153
1154
1155
1156
1157
1158
1159
1160
1171
1172
1173
1174
1175
1176
1177
1178
1179
1180
1181
1192
1193
1194
1195
1196
1197
1198
1199
1200
1201
1202
1213
1214
1215
1216
1217
1218
1219
1220
1221
1222
1223
1490
1491
1492
1493
1494
1495
1504
1505
1506
1507
1508
1509
1510
1521
1522
1523
1524
1525
1526
1527
1528
1529
1540
1541
1542
1543
1544
1545
1546
1547
1548
1549
1550
1561
1562
1563
1564
1565
1566
1567
1568
1569
1570
1571
1582
1583
1584
1585
1586
1587
1588
1589
1590
1591
1592
1859
1860
1861
1862
1863
1864
1873
1874
1875
1876
1877
1878
1879
1890
1891
1892
1893
1894
1895
1896
1897
1898
1909
1910
1911
1912
1913
1914
1915
1916
1917
1918
1919
1930
1931
1932
1933
1934
1935
1936
1937
1938
1939
1940
1951
1952
1953
1954
1955
1956
1957
1958
1959
1960
1961
2228
2229
2230
2231
2232
2233
2242
2243
2244
2245
2246
2247
2248
2260
2261
2262
2263
2264
2265
2266
2267
2280
2281
2282
2283
2284
2285
2286
2287
2288
2299
2300
2301
2302
2303
2304
2305
2306
2307
2308
2309
2320
2321
2322
2323
2324
2325
2326
2327
2328
2329
2330
2597
2598
2599
2611
2612
2613
2614
2615
2616
2617
2629
2630
2631
2632
2633
2634
2635
2636
2650
2651
2652
2653
2654
2655
2656
2657
2671
2672
2673
2674
2675
2676
2677
2678
2692
2693
2694
2695
2696
2697
2698
2699
2966
2967
2980
2981
2982
2998
2999
3000
3001
3002
3019
3020
3021
3022
3023
3040
3041
3042
3043
3044
3061
3062
3063
3064
3065
7057
7058
7059
7077
7078
7079
7080
7096
7097
7098
7099
7100
7101
7117
7118
7119
7120
7121
7122
7408
7409
7425
7426
7427
7428
7444
7445
7446
7447
7448
7449
7465
7466
7467
7468
7469
7470
7486
7487
7488
7489
7490
7491
7754
7755
7776
7777
7778
7779
7780
7783
7784
7785
7786
7787
7801
7802
7803
7804
7805
7807
7808
7809
7810
7811
7812
7813
7814
7815
7844
7857
7858
7859
7860
7862
7863
7880
7882
7885
7886
7887
7888
7889
7890
7891
7892
7893
7894
7909
7911
7912
7918
7919
7931
7932
7933
7934
7935
7936
7955
7956
7962
7963
7964
7965
7993
8002
8003
8004
8005
8006
8007
8008
8020
8022
8023
8024
8025
8026
8027
8029
8030
8031
8032
8033
8034
8035
8036
8037
8038
8039
8040
8041
8042
8043
8044
8045
8046
8047
8048
8049
8050
8051
8052
8053
8054
8055
8056
8057
8058
8059
8060
8061
8062
8063
8064
8065
8066
8067
8068
8069
8070
8071
8072
8073
8075
8076
8077
8078
8079
8081
8087
8091
8093
8099
8103
8249
8259
8264
8265
8269
8271
8272
8291
8298
8299
8300
8301
8302
8303
8323
8326
8328
8329
8330
8331
8332
8333
8334
8335
8376
8377
8378
8379
8380
8381
8382
8383
8384
8385
8386
8387
8388
8389
8390
8391
8392
8393
8394
8395
8396
8397
8398
8399
8400
8401
8402
8403
8404
8461
8462
8463
8479
8480
8481
8482
8483
8484
8514
8515
8516
8517
8528
8529
8530
8531
8532
8533
8534
8535
8536
8537
8538
8539
8540
8541
8542
8543
8544
8545
8546
8547
8548
8549
8550
8551
8552
8553
8554
8555
8556
8557
8558
8559
8560
8561
8562
8563
8564
8565
8566
8567
8568
8569
8570
8571
8572
8573
8574
8575
8576
8577
8580
8581
8582
8586
8587
8596
8597
8734
8735
8736
8737
8739
8741
8742
8743
8744
8745
8746
8761
8762
8763
8764
8765
8766
8767
8768
8769
8770
8783
8784
8785
8798
8799
8800
8807
8808
8810
8811
8812
8813
8814
8815
8816
8817
8832
8840
8841
8842
8843
8844
8845
8846
8847
8848
8849
8850
8851
8852
8853
8854
8884
8898
8899
8902
8903
8904
8905
8906
8907
8908
8909
8910
8911
8912
8913
8914
8915
8916
8917
8918
8919
8920
8985
8986
8988
8989
8990
8991
8992
8999
9000
9001
9003
9004
9005
9006
9007
9008
9009
9010
9011
9012
9041
9042
9043
9094
9095
9096
9097
9098
9099
9103
9104
9106
9107
9108
9109
9110
9111
9112
9113
9116
9117
9118
9128
9129
9130
9131
9132
9133
9134
9137
9138
9139
9140
9142
9143
9144
9145
9146
9147
9148
9149
9150
9151
9152
9153
9154
9155
9156
9157
9158
9159
9160
9161
9162
9163
9164
9165
9166
9167
9168
9169
9170
9171
9172
9173
9174
9176
9177
9178
9185
9186
9187
9194
9195
9196
9203
9319
9322
9323
9364
9365
9366
9367
9368
9369
9372
9373
9375
9376
9377
9378
9379
9381
9384
9385
9386
9415
9416
9417
9418
9419
9420
9421
9422
9423
9424
9425
9426
9427
9428
9429
9430
9433
9434
9435
9437
9438
9439
9440
9441
9442
9443
9444
9445
9446
9447
9448
9449
9450
9451
9452
9453
9454
9455
9456
9457
9458
9459
9460
9461
9462
9463
9464
9465
9466
9467
9468
9469
9470
9471
9570
9571
9572
9573
9574
9575
9576
9604
9605
9606
9607
9608
9609
9610
9611
9612
9613
9614
9616
9620
9621
9622
9623
9624
9639
9640
9641
9642
9643
9654
9655
9656
9657
9658
9688
9693
9694
9695
9696
9697
9698
9699
9700
9701
9702
9703
9704
9705
9706
9707
9708
9709
9710
9711
9712
9713
9714
9715
9717
9721
9783
9786
9787
9788
9789
9791
9792
9814
9815
9817
9819
9820
9821
9822
9823
9824
9825
9826
9827
9828
9829
9830
9831
9832
9861
9862
9920
9921
9922
9923
9924
9925
9926
9927
9928
9929
9930
9931
9932
9933
9934
9935
9936
9937
9938
9939
9940
9941
9942
9943
9944
9945
9946
9947
9948
9949
9950
9951
9952
9953
9954
9955
9956
9957
9958
9959
9960
9961
9962
9963
9964
9965
9966
9967
9968
9969
9970
9971
9972
9973
9974
9975
9976
9977
9978
9979
9980
9981
9982
9983
9984
9985
9986
9987
9988
9989
9990
9991
9992
9993
9994
9995
9996
9997
9998
10000
10002
10005
10006
10007
10020
10021
10022
10215
10217
10218
10221
10229
10230
10251
10252
10253
10254
10255
10256
10257
10258
10259
10260
10261
10269
10270
10271
10307
10308
10309
10310
10311
10312
10313
10314
10315
10316
10317
10318
10319
10320
10321
10322
10323
10324
10325
10326
10327
10328
10329
10330
10331
10332
10333
10334
10335
10336
10337
10338
10339
10340
10341
10342
10343
10344
10345
10346
10417
10418
10419
10420
10421
10435
10436
10437
10438
10439
10440
10481
10482
10483
10484
10485
10486
10487
10488
10489
10491
10495
10496
10497
10498
10499
10500
10501
10502
10503
10504
10505
10506
10507
10508
10509
10510
10511
10512
10513
10514
10515
10516
10517
10518
10519
10520
10521
10522
10523
10524
10525
10526
10527
10528
10529
10530
10531
10533
10534
10535
10541
10542
10543
10549
10550
10642
10669
10670
10671
10672
10673
10674
10675
10676
10677
10705
10706
10707
10708
10709
10710
10711
10712
10713
10715
10717
10718
10719
10720
10721
10722
10723
10724
10725
10726
10727
10728
10729
10730
10731
10732
10733
10734
10735
10736
10737
10738
10739
10740
10741
10742
10743
10744
10745
10746
10747
10748
10749
10750
10751
10752
10753
10754
10755
10756
10757
10758
10759
10760
10761
10762
10763
10764
10765
10766
10767
10768
10769
10770
10771
10772
10902
10903
10904
10905
10906
10940
10941
10942
10943
10944
10945
10953
10954
10955
10956
10957
10958
10959
10960
10961
10962
10963
10964
10965
10966
10967
10968
10969
10970
10971
10972
10973
10974
10975
10976
10977
10978
10979
10980
10981
10982
10983
10984
10985
10986
10987
10988
10989
10990
10991
10992
10993
10994
10995
10996
10997
10998
10999
11000
11001
11002
11003
11004
11005
11006
11007
11008
11009
11010
11011
11012
11013
11016
11019
11026
11029
11039
11221
11222
11223
11224
11225
11226
11229
11230
11231
11232
11233
11234
11235
11236
11237
11238
11239
11240
11241
11242
11243
11261
11262
11263
11264
11267
11268
11269
11270
11271
11272
11273
11274
11275
11276
11277
11278
11279
11280
11281
11282
11283
11326
11327
11328
11329
11347
11362
11363
11364
11365
11366
11367
11368
11369
11374
11375
11376
11377
11378
11379
11398
11413
11414
11415
11416
11417
11418
11419
11420
11425
11426
11427
11428
11429
11430
11442
11451
11470
11471
11472
11493
11494
11495
11496
11497
11498
11512
11513
11514
11515
11537
11538
11539
11540
11541
11542
11543
11545
11575
11576
11578
11579
11580
11605
11606
11607
11608
11609
11610
11616
11617
11618
11619
11655
11656
11657
11658
11659
11734
11735
11736
11758
11764
11765
11794
11810
11811
11812
11813
11814
11841
11842
11843
11844
11845
11846
11873
11891
11892
11893
11894
11895
11896
11897
11900
11905
11906
11907
11928
11933
11934
11935
11956
11959
11960
11961
11962
11963
11964
11965
11966
11967
11973
11974
11975
11978
11979
11980
11981
11982
11983
11984
11985
11986
11987
11990
11991
11992
11993
11994
11995
11996
11997
11998
11999
12000
12001
12002
12003
12004
12005
12006
12007
12008
12009
12010
12011
12012
12013
12014
12015
12016
12017
12022
12023
12026
12027
12028
12029
12030
12031
12032
12033
12034
12035
12036
12037
12038
12039
12040
12041
12042
12043
12044
12114
12115
12116
12117
12118
12119
12120
12121
12128
12130
12131
12132
12133
12134
12135
12137
12140
12141
12148
12150
12151
12152
12153
12154
12155
12157
12160
12161
12169
12171
12172
12173
12174
12175
12176
12178
12181
12182
12190
12192
12193
12194
12195
12196
12197
12199
12202
12203
12211
12213
12214
12215
12216
12217
12218
12220
12223
12224
12232
12234
12235
12236
12237
12238
12239
12241
12255
12256
12257
12258
12262
12276
12277
12283
12515
12527
12528
12529
12530
12539
12541
12542
12543
12544
12545
12546
12547
12548
12549
12550
12551
12552
12553
12554
12556
12557
12559
12601
12624
12625
12626
12627
12628
12629
12630
12631
12632
12633
12634
12635
12636
12637
12638
12639
12640
12641
12642
12643
12644
12645
12703
12704
12705
12711
12712
12717
12718
12719
12720
12731
12732
12733
12734
12735
12736
12737
12738
12739
12740
12741
12742
12743
12744
12745
12746
12747
12748
12749
12750
12751
12752
12753
12754
12755
12756
12757
12758
12759
12760
12761
12762
12763
12794
12795
12796
12811
12812
12813
12814
12815
12816
12817
12818
12819
12820
12821
12822
12823
12824
12825
12826
12827
12828
12832
12833
12834
12835
12836
12837
12838
12839
12840
12841
12842
12843
12844
12855
12856
12857
12858
12859
12860
12861
12864
12865
12866
12867
12887
12888
12889
12903
12904
12905
12906
12907
12908
12909
12910
12911
12912
12913
12914
12915
12916
12917
12918
12919
12920
12925
12926
12927
12928
12929
12930
12931
12932
12933
12934
12935
12936
12937
12938
12947
12948
12949
12950
12951
12952
12953
12954
12959
12960
12981
12982
12983
12999
13000
13001
13002
13003
13004
13005
13006
13007
13008
13009
13010
13011
13012
13013
13014
13015
13016
13021
13022
13023
13024
13025
13026
13027
13028
13029
13030
13031
13032
13033
13034
13043
13044
13045
13046
13047
13048
13049
13050
13055
13056
13081
13082
13083
13100
13101
13102
13103
13104
13105
13106
13107
13108
13109
13110
13111
13112
13113
13114
13115
13116
13117
13122
13123
13124
13125
13126
13127
13128
13129
13130
13131
13132
13133
13134
13135
13144
13145
13146
13147
13148
13149
13150
13151
13156
13157
13177
13178
13179
13196
13197
13198
13199
13200
13201
13202
13203
13204
13205
13206
13207
13208
13209
13210
13211
13212
13213
13218
13219
13220
13221
13222
13223
13224
13225
13226
13227
13228
13229
13230
13231
13240
13241
13242
13243
13244
13245
13246
13247
13252
13273
13274
13275
13292
13293
13294
13295
13296
13297
13298
13299
13300
13301
13302
13303
13304
13305
13306
13307
13308
13314
13315
13316
13317
13318
13319
13320
13321
13322
13323
13324
13325
13326
13327
13338
13339
13340
13341
13342
13343
13388
13389
13390
13391
13392
13393
13394
13395
13396
13397
13398
13400
13410
13411
13412
13413
13414
13415
13416
13417
13418
13419
13420
13421
13434
13435
13436
13437
13438
13439
13484
13485
13486
13487
13490
13506
13507
13508
13509
13510
13511
13530
13531
13532
14568
14586
14587
14588
14589
14593
14594
14595
14596
14601
14612
14613
14614
14615
14625
14655
14656
14658
14659
14660
14661
14662
14663
14664
14665
14666
14667
14668
14684
14686
14687
14688
14689
14690
14691
14692
14693
14694
14695
14696
14698
14726
14729
14730
14746
14747
14748
14749
14750
14751
14752
14753
14754
14755
14756
14757
14758
14759
14760
14761
14762
14763
14764
14765
14766
14767
14768
14769
14770
14771
14772
14773
14774
14775
14776
14777
14778
14779
14780
14781
14782
14783
14784
14785
14786
14787
14788
14789
14790
14791
14792
14793
14794
14795
14796
14797
14802
14803
14804
14805
14806
14807
14812
14813
14814
14948
14949
14950
14970
14971
14973
14974
14975
14976
14977
14992
14993
14994
14995
14996
14997
14998
14999
15000
15001
15002
15003
15034
15046
15047
15048
15049
15050
15051
15052
15053
15054
15055
15056
15057
15058
15059
15060
15061
15062
15063
15064
15065
15066
15067
15125
15126
15158
15159
15160
15161
15162
15163
15164
15165
15166
15167
15174
15186
15187
15188
15189
15202
15203
15204
15205
15206
15207
15208
15209
15210
15211
15212
15215
15216
15217
15218
15222
15223
15228
15229
15230
15231
15256
15257
15258
15259
15260
15261
15262
15263
15264
15265
15266
15267
15268
15269
15270
15271
15272
15273
15274
15275
15276
15277
15278
15279
15280
15281
15282
15283
15284
15285
15286
15332
15333
15334
15335
15336
15337
15338
15339
15340
15346
15347
15348
15349
15350
15351
15352
15353
15354
15355
15356
15357
15358
15359
15360
15361
15362
15363
15372
15373
15374
15375
15376
15377
15378
15379
15385
15390
15391
15392
15393
15394
15395
15396
15397
15398
15399
15427
15428
15429
15430
15431
15432
15433
15434
15435
15439
15440
15441
15442
15443
15444
15445
15446
15447
15448
15449
15450
15451
15452
15453
15454
15455
15456
15463
15464
15465
15466
15467
15468
15469
15474
15477
15478
15479
15480
15481
15482
15483
15516
15517
15518
15519
15520
15521
15522
15523
15524
15528
15529
15530
15531
15532
15533
15534
15535
15536
15537
15538
15539
15540
15541
15542
15543
15544
15545
15552
15553
15554
15555
15556
15557
15558
15563
15566
15567
15568
15569
15570
15571
15572
15601
15602
15603
15604
15605
15606
15607
15608
15609
15613
15614
15615
15616
15617
15618
15619
15620
15621
15622
15623
15624
15625
15626
15627
15628
15629
15630
15637
15638
15639
15640
15641
15642
15643
15648
15651
15652
15653
15654
15655
15656
15657
15684
15685
15686
15687
15688
15689
15690
15691
15692
15696
15697
15698
15699
15700
15701
15702
15703
15704
15705
15706
15707
15708
15709
15710
15711
15712
15713
15720
15721
15722
15723
15724
15725
15726
15734
15735
15738
15739
15767
15768
15769
15770
15771
15772
15773
15774
15779
15780
15781
15782
15783
15784
15785
15786
15787
15788
15789
15790
15791
15792
15793
15794
15795
15803
15804
15805
15806
15807
15808
15809
15850
15851
15852
15862
15863
15864
15865
15866
15867
15868
15869
15870
15871
15872
15886
15887
15888
15889
15890
15891
15892
15933
15945
15946
15949
15969
15972
16840
16884
16887
16888
16902
16916
16917
16918
16954
16955
16956
16957
16958
16959
16960
16961
16962
16983
16984
16985
16986
16987
16988
16989
16990
16993
16994
16995
16996
16997
16998
16999
17000
17001
17002
17003
17004
17005
17006
17007
17008
17009
17010
17011
17012
17013
17014
17015
17016
17017
17018
17019
17020
17021
17022
17023
17024
17025
17026
17027
17028
17029
17031
17032
17033
17035
17036
17038
17040
17041
17042
17044
17045
17047
17049
17050
17152
17169
17171
17172
17173
17178
17216
17217
17218
17219
17220
17221
17222
17223
17224
17225
17226
17227
17228
17229
17230
17231
17232
17233
17234
17235
17236
17237
17238
17239
17240
17241
17242
17243
17244
17245
17246
17247
17248
17249
17250
17251
17252
17337
17338
17339
17340
17341
17342
17343
17355
17356
17357
17358
17359
17367
17368
17369
17370
17371
17372
17373
17374
17392
17393
17394
17395
17396
17397
17398
17399
17404
17405
17427
17428
17429
17430
17431
17432
17447
17448
17449
17458
17459
17460
17461
17463
17464
17473
17474
17475
17476
17478
17479
17488
17489
17490
17491
17493
17494
17503
17504
17505
17506
17508
17509
17518
17519
17520
17521
17524
17533
17534
17535
17536
17548
17549
17551
17563
17566
17723
17724
17725
17726
17727
17728
17729
17730
17731
17732
17733
17734
17735
17736
17737
17738
17739
17740
17741
17742
17743
17744
17745
17746
17747
17748
17749
17750
17781
17782
17783
17784
17785
17786
17787
17788
17789
17790
17791
17792
17793
17794
17795
17796
17797
17798
17802
17803
17804
17805
17806
17807
17808
17809
17810
17811
17816
17822
17823
17824
17825
17826
17857
17858
17859
17860
17861
17862
17863
17864
17865
17866
17867
17868
17869
17870
17871
17872
17873
17874
17878
17879
17880
17881
17882
17883
17884
17885
17886
17887
17892
17898
17899
17900
17901
17902
17933
17934
17935
17936
17937
17938
17939
17940
17941
17942
17943
17944
17945
17946
17947
17948
17949
17950
17954
17955
17956
17957
17958
17959
17960
17961
17962
17963
17968
17974
17975
17976
17977
17978
18015
18016
18017
18018
18019
18020
18021
18022
18023
18024
18025
18026
18027
18028
18029
18030
18031
18032
18036
18037
18038
18039
18040
18041
18042
18043
18044
18045
18050
18056
18057
18058
18059
18060
18097
18098
18099
18100
18101
18102
18103
18104
18105
18106
18107
18108
18109
18110
18111
18112
18113
18114
18118
18119
18120
18121
18122
18123
18124
18125
18126
18127
18132
18138
18179
18180
18181
18182
18183
18184
18185
18187
18188
18192
18200
18201
18202
18203
18204
18205
18206
18207
18208
18209
18214
18261
18262
18282
18283
18284
18285
18286
18287
18288
18289
18290
18291
18296
18364
18365
19233
19234
19235
19236
19237
19238
19239
19240
19241
19242
19243
19244
19245
19246
19247
19248
19249
19250
19251
19252
19253
19254
19255
19256
19257
19258
19259
19260
19261
19268
19269
19270
19271
19272
19273
19274
19275
19276
19277
19278
19279
19280
19281
19282
19283
19284
19285
19286
19287
19288
19289
19290
19291
19292
19293
19294
19295
19296
19297
19298
19299
19300
19302
19303
19304
19305
19306
19307
19310
19311
19312
19349
19350
19351
19352
19353
19354
19355
19356
19357
19358
19359
19360
19361
19362
19363
19364
19365
19366
19367
19368
19369
19370
19371
19372
19373
19374
19375
19376
19377
19378
19379
19380
19381
19386
19387
19388
19389
19390
19391
19392
19402
19403
19404
19405
19406
19407
19408
19409
19410
19411
19448
19449
19450
19451
19452
19453
19454
19455
19456
19457
19458
19459
19460
19461
19462
19463
19464
19465
19466
19467
19468
19469
19470
19471
19472
19473
19474
19475
19476
19477
19478
19479
19480
19485
19486
19487
19488
19489
19490
19491
19501
19502
19503
19504
19505
19506
19507
19508
19509
19510
19550
19551
19552
19553
19554
19555
19556
19557
19558
19559
19560
19561
19562
19563
19564
19565
19566
19567
19568
19569
19570
19571
19572
19573
19574
19575
19576
19577
19578
19579
19580
19581
19582
19587
19588
19589
19590
19591
19592
19593
19603
19604
19605
19606
19607
19608
19609
19610
19611
19612
19658
19659
19660
19661
19662
19663
19664
19665
19666
19667
19668
19669
19670
19671
19672
19673
19674
19675
19676
19677
19678
19679
19680
19681
19682
19683
19684
19685
19686
19687
19688
19689
19690
19695
19696
19697
19698
19699
19700
19701
19711
19712
19713
19714
19715
19717
19718
19719
19720
19766
19767
19768
19769
19770
19771
19772
19773
19774
19775
19776
19777
19778
19779
19780
19781
19782
19783
19784
19785
19786
19787
19788
19789
19790
19791
19792
19793
19794
19795
19796
19797
19803
19804
19805
19806
19807
19808
19809
19820
19825
19826
19874
19875
19876
19877
19878
19879
19880
19881
19882
19883
19884
19885
19886
19887
19888
19889
19890
19891
19911
19912
19913
19914
19915
19916
19982
19983
19984
19985
19986
19987
19989
19990
19991
19993
20019
20020
20021
20022
20023
21208
21209
21215
21221
21222
21223
21224
21225
21226
21227
21228
21229
21230
21231
21232
21233
21234
21235
21237
21238
21240
21287
21288
21289
21290
21291
21292
21293
21294
21295
21296
21297
21299
21351
21352
21353
21354
21356
21357
21362
21363
21366
21377
21378
21379
21380
21381
21382
21383
21384
21385
21386
21387
21388
21389
21390
21391
21392
21393
21394
21395
21396
21397
21398
21399
21400
21428
21429
21430
21431
21432
21433
21434
21435
21436
21437
21438
21439
21444
21445
21446
21447
21448
21449
21450
21451
21452
21453
21454
21455
21456
21457
21463
21464
21472
21473
21474
21475
21509
21510
21511
21512
21513
21514
21515
21516
21517
21518
21519
21520
21526
21527
21528
21529
21530
21531
21532
21533
21534
21535
21536
21537
21538
21539
21546
21547
21548
21558
21559
21560
21561
21562
21597
21598
21599
21600
21601
21602
21603
21604
21605
21606
21607
21608
21614
21615
21616
21617
21618
21619
21620
21621
21622
21623
21624
21625
21626
21627
21634
21635
21636
21646
21647
21648
21649
21650
21690
21691
21692
21693
21694
21695
21696
21697
21698
21699
21700
21701
21707
21708
21709
21710
21711
21712
21713
21714
21715
21716
21717
21718
21719
21720
21727
21728
21729
21739
21740
21741
21742
21743
21783
21784
21785
21786
21787
21788
21789
21790
21791
21792
21793
21794
21800
21801
21802
21803
21804
21805
21806
21807
21808
21809
21810
21811
21812
21813
21820
21821
21822
21832
21835
21876
21877
21878
21879
21880
21881
21882
21884
21885
21893
21894
21895
21896
21897
21898
21899
21900
21901
21902
21903
21904
21905
21906
21913
21914
21915
21969
21986
21987
21988
21989
21990
21991
21992
21993
21994
21995
21996
21997
21998
21999
22006
22007
22008
22079
22080
22081
22083
22084
22085
22099
22100
23053
23054
23055
23056
23057
23058
23059
23060
23061
23062
23063
23064
23065
23066
23067
23068
23069
23070
23071
23072
23073
23074
23075
23076
23077
23078
23079
23080
23081
23082
23083
23084
23085
23086
23087
23088
23089
23090
23091
23092
23093
23094
23095
23096
23097
23098
23115
23116
23117
23118
23119
23120
23121
23122
23123
23124
23125
23126
23133
23134
23135
23136
23137
23138
23139
23140
23141
23142
23143
23144
23145
23146
23147
23148
23149
23150
23151
23152
23153
23154
23155
23156
23157
23158
23159
23160
23161
23162
23163
23164
23165
23166
23167
23168
23169
23170
23171
23172
23173
23174
23175
23176
23177
23178
23179
23180
23181
23184
23185
23191
23192
23193
23250
23251
23252
23253
23254
23255
23256
23257
23258
23259
23260
23261
23275
23276
23277
23278
23279
23280
23281
23282
23283
23284
23285
23286
23287
23288
23289
23290
23291
23292
23293
23294
23295
23296
23297
23298
23299
23300
23301
23302
23303
23304
23305
23306
23307
23308
23309
23310
23311
23312
23313
23314
23315
23316
23317
23318
23319
23320
23321
23322
23323
23334
23335
23336
23337
23338
23339
23356
23357
23359
23360
23361
23362
23363
23364
23365
23366
23423
23424
23425
23426
23427
23428
23429
23430
23431
23432
23433
23434
23448
23449
23450
23451
23452
23453
23454
23455
23456
23457
23458
23459
23460
23461
23462
23463
23464
23465
23466
23467
23468
23469
23470
23471
23472
23473
23474
23475
23476
23477
23478
23479
23480
23481
23482
23483
23484
23485
23486
23487
23488
23489
23490
23491
23492
23493
23494
23495
23496
23507
23508
23509
23510
23511
23512
23529
23530
23532
23533
23534
23535
23536
23537
23538
23539
23606
23607
23608
23609
23610
23611
23612
23613
23614
23615
23616
23617
23631
23632
23633
23634
23635
23636
23637
23638
23639
23640
23641
23642
23643
23644
23645
23646
23647
23648
23649
23650
23651
23652
23653
23654
23655
23656
23657
23658
23659
23660
23661
23662
23663
23664
23665
23666
23667
23668
23669
23670
23671
23672
23673
23674
23675
23676
23677
23678
23679
23690
23691
23692
23693
23694
23695
23712
23713
23715
23716
23717
23718
23719
23720
23721
23722
23793
23794
23795
23796
23797
23798
23799
23800
23801
23802
23803
23804
23818
23819
23820
23821
23822
23823
23824
23825
23826
23827
23828
23829
23830
23831
23832
23833
23834
23835
23836
23837
23838
23839
23840
23841
23842
23843
23844
23845
23846
23847
23848
23849
23850
23851
23852
23853
23854
23855
23856
23857
23858
23859
23860
23861
23862
23863
23864
23865
23866
23877
23878
23879
23880
23881
23882
23899
23900
23902
23905
23906
23907
23980
23981
23982
23983
23985
23986
23987
23988
23989
23990
24005
24006
24007
24008
24009
24010
24011
24012
24013
24014
24015
24016
24017
24018
24019
24020
24021
24022
24023
24024
24025
24026
24027
24028
24029
24030
24031
24032
24033
24034
24035
24036
24037
24038
24039
24040
24041
24042
24043
24044
24045
24046
24047
24048
24049
24050
24051
24064
24065
24066
24067
24068
24069
24167
24192
24193
24194
24195
24196
24197
24198
24199
24200
24201
24202
24203
24204
24205
24206
24207
24208
24209
24210
24211
24212
24213
24214
24215
24216
24217
24218
24219
24220
24221
24222
24224
24225
24251
24252
24253
24254
24255
24256
24379
24380
24381
24382
24383
24384
24385
24386
24387
24388
24389
24391
24392
24393
24401
24402
24438
24439
24440
24441
24442
24443
26422
26423
26424
26425
26426
26427
26428
26429
26430
26431
26432
26433
26434
26435
26436
26437
26438
26439
26440
26441
26442
26443
26444
26473
26474
26475
26489
26490
26491
26492
26493
26494
26495
26496
26497
26498
26499
26500
26501
26502
26503
26504
26505
26506
26507
26508
26509
26510
26514
26515
26516
26517
26525
26526
26527
26528
26529
26530
26531
26532
26533
26534
26569
26570
26571
26586
26587
26588
26589
26590
26591
26592
26593
26594
26595
26596
26597
26598
26599
26600
26601
26602
26603
26604
26605
26606
26607
26611
26612
26613
26614
26615
26624
26625
26626
26627
26628
26629
26630
26631
26632
26633
26634
26670
26671
26672
26687
26688
26689
26690
26691
26692
26693
26694
26695
26696
26697
26698
26699
26700
26701
26702
26703
26704
26705
26706
26707
26708
26712
26713
26714
26715
26716
26725
26726
26727
26728
26729
26730
26731
26732
26733
26734
26735
26773
26774
26775
26790
26791
26792
26793
26794
26795
26796
26797
26798
26799
26800
26801
26802
26803
26804
26805
26806
26807
26808
26809
26810
26811
26815
26816
26817
26818
26819
26828
26829
26830
26831
26832
26833
26834
26835
26836
26837
26838
26876
26877
26878
26893
26894
26895
26896
26897
26898
26899
26900
26901
26902
26903
26904
26905
26906
26907
26908
26909
26910
26911
26912
26913
26914
26918
26919
26920
26921
26922
26931
26933
26936
26937
26938
26939
26979
26981
26996
26997
26998
26999
27000
27001
27002
27003
27004
27005
27006
27007
27008
27009
27010
27011
27012
27014
27021
27022
27023
27024
27025
27099
27100
27101
27102
27103
27104
27105
27106
27107
27108
27109
27110
27111
27112
27124
27125
27126
27127
27128
27202
27203
27204
27205
27206
27207
27208
27227
27228
27229
28302
28303
28304
28305
28306
28307
28308
28309
28310
28311
28312
28313
28314
28315
28316
28317
28318
28319
28320
28321
28322
28323
28324
28325
28326
28327
28328
28329
28330
28331
28332
28333
28334
28335
28336
28337
28338
28339
28340
28341
28342
28343
28344
28345
28346
28347
28348
28349
28350
28351
28352
28353
28354
28355
28356
28357
28358
28359
28360
28361
28362
28363
28364
28365
28366
28367
28368
28369
28370
28371
28372
28373
28374
28375
28376
28377
28378
28379
28380
28381
28382
28383
28384
28385
28386
28472
28473
28474
28475
28476
28477
28478
28479
28480
28481
28482
28483
28484
28485
28486
28487
28488
28489
28490
28491
28492
28493
28494
28495
28496
28497
28498
28499
28500
28501
28502
28503
28504
28505
28506
28507
28508
28509
28510
28511
28512
28513
28514
28515
28516
28517
28518
28519
28520
28521
28522
28523
28524
28525
28526
28527
28528
28529
28538
28539
28540
28541
28542
28543
28544
28545
28546
28547
28548
28549
28550
28551
28552
28553
28554
28555
28556
28557
28558
28559
28560
28561
28562
28563
28564
28565
28583
28584
28593
28597
28599
28600
28601
28602
28603
28604
28605
28606
28607
28608
28609
28695
28696
28697
28698
28699
28700
28701
28702
28703
28704
28705
28706
28707
28708
28709
28710
28711
28712
28713
28714
28715
28716
28717
28718
28719
28720
28721
28722
28723
28724
28725
28726
28727
28728
28729
28730
28731
28732
28733
28734
28735
28736
28737
28738
28739
28740
28741
28742
28743
28744
28745
28746
28747
28748
28749
28750
28751
28752
28761
28762
28763
28764
28765
28766
28767
28768
28769
28770
28771
28772
28773
28774
28775
28776
28777
28778
28779
28780
28781
28782
28783
28784
28785
28786
28787
28788
28806
28807
28816
28820
28822
28823
28824
28825
28826
28827
28828
28829
28830
28831
28832
28920
28921
28922
28923
28924
28925
28926
28927
28928
28929
28930
28931
28932
28933
28934
28935
28936
28937
28938
28939
28940
28941
28942
28943
28944
28945
28946
28947
28948
28949
28950
28951
28952
28953
28954
28955
28956
28957
28958
28959
28960
28961
28962
28963
28964
28965
28966
28967
28968
28969
28970
28971
28972
28973
28974
28975
28976
28977
28986
28987
28988
28989
28990
28991
28992
28993
28994
28995
28996
28997
28998
28999
29000
29001
29002
29003
29004
29005
29006
29007
29008
29009
29010
29011
29012
29013
29031
29032
29041
29045
29047
29048
29049
29050
29051
29052
29053
29054
29055
29056
29057
29160
29161
29162
29163
29164
29165
29166
29167
29168
29169
29170
29171
29172
29173
29174
29175
29176
29177
29178
29179
29180
29181
29182
29183
29184
29185
29186
29187
29188
29189
29190
29191
29192
29193
29194
29195
29196
29197
29198
29199
29200
29201
29202
29203
29204
29205
29206
29207
29208
29209
29210
29211
29212
29213
29214
29215
29216
29217
29226
29227
29228
29229
29230
29231
29232
29233
29234
29235
29236
29237
29238
29239
29240
29241
29242
29243
29244
29245
29246
29247
29248
29249
29250
29251
29252
29253
29271
29272
29281
29285
29287
29288
29289
29290
29291
29292
29293
29294
29295
29296
29297
29400
29401
29402
29403
29404
29405
29406
29407
29408
29409
29410
29411
29412
29413
29414
29415
29416
29417
29418
29419
29420
29421
29422
29423
29424
29425
29426
29427
29428
29429
29430
29431
29432
29433
29434
29435
29436
29437
29438
29439
29440
29441
29442
29443
29444
29445
29446
29447
29448
29449
29450
29451
29452
29453
29455
29456
29457
29466
29467
29468
29469
29470
29471
29472
29473
29474
29475
29476
29477
29478
29479
29480
29481
29482
29483
29484
29485
29486
29487
29488
29489
29490
29491
29492
29493
29511
29512
29528
29530
29640
29641
29642
29643
29644
29645
29646
29647
29648
29649
29650
29651
29652
29653
29654
29655
29656
29657
29658
29659
29660
29661
29662
29663
29664
29665
29667
29668
29669
29673
29674
29675
29676
29677
29678
29688
29689
29706
29707
29708
29709
29710
29711
29712
29713
29714
29715
29716
29717
29718
29719
29720
29721
29722
29723
29724
29725
29726
29727
29728
29729
29730
29731
29732
29733
29751
29752
29880
29881
29882
29883
29884
29885
29886
29887
29888
29889
29890
29891
29892
29946
29947
29948
29949
29950
29951
29952
29953
29954
29955
29956
29957
29958
29959
29960
29961
29962
29963
29964
29965
29966
29967
29968
29969
29970
29971
29972
29973
29991
29992
30186
30187
30188
30189
30190
30191
32695
32696
32697
32698
32699
32700
32701
32702
32703
32704
32705
32706
32707
32708
32753
32754
32755
32756
32757
32758
32759
32773
32774
32775
32776
32777
32778
32779
32780
32781
32782
32783
32784
32822
32823
32824
32825
32828
32829
32830
32838
32839
32840
32841
32844
32847
32855
32856
32857
32858
32861
32864
32871
32872
32873
32874
32877
32880
32888
32889
32890
32891
32894
32897
32905
32906
32907
32908
32914
32922
32923
32924
32925
32939
32941
32942
33145
33149
33150
33153
33158
33159
33160
33161
33162
33164
33165
33168
33169
33170
33171
33172
33173
33174
33175
33176
33177
33178
33179
33180
33181
33182
33183
33184
33185
33186
33187
33188
33189
33190
33191
33192
33196
33285
33287
33289
33290
33293
33294
33295
33303
33306
33307
33308
33309
33310
33311
33335
33336
33337
33338
33339
33340
33341
33343
33344
33345
33346
33348
33349
33350
33351
33352
33353
33354
33355
33356
33357
33358
33359
33360
33361
33362
33363
33429
33430
33431
33432
33434
33435
33436
33437
33438
33439
33440
33452
33453
33454
33455
33460
33461
33462
33465
33466
33467
33468
33469
33470
33471
33472
33476
33477
33478
33479
33480
33481
33485
33486
33490
33491
33492
33493
33497
33498
33500
33501
33502
33503
33507
33508
33510
33511
33512
33513
33517
33520
33521
33522
33530
33669
33670
33683
33684
33687
33688
33689
33690
33691
33692
33693
33694
33695
33701
33702
33703
33704
33706
33707
33715
33716
33729
33730
33732
33733
33734
33735
33736
33737
33738
33742
33743
33744
33745
33746
33747
33748
33752
33753
33761
33762
33775
33776
33779
33780
33781
33782
33783
33784
33790
33791
33792
33793
33794
33795
33800
33801
33809
33810
33822
33823
33826
33827
33828
33829
33830
33831
33837
33838
33839
33840
33841
33842
33847
33848
33856
33857
33870
33871
33874
33875
33876
33877
33878
33879
33885
33886
33887
33888
33889
33890
33895
33896
33904
33905
33918
33919
33922
33923
33924
33925
33926
33927
33933
33934
33935
33936
33937
33938
33943
33944
33952
33953
33966
33967
33972
33973
33974
33975
33986
33991
34000
34014
34015
34020
34021
34022
34023
34062
34063
34068
34069
34590
34596
34597
34599
34611
34612
34613
34618
34619
34648
34653
34654
34655
34656
34657
34658
34665
34666
34667
34668
34669
34671
34673
34689
34690
34691
34692
34693
34694
34695
34696
34699
34700
34701
34702
34703
34704
34708
34709
34710
34711
34712
34713
34714
34715
34716
34745
34746
34761
34762
34763
34764
34765
34766
34767
34769
34770
34771
34774
34778
34785
34786
34795
34796
34797
34798
34799
34800
34816
34824
34825
34835
34836
34837
34838
34839
34840
34841
34842
34843
34848
34849
34850
34851
34852
34853
34854
34855
34856
34857
34858
34859
34860
34861
34862
34863
34864
34865
34866
34867
34868
34869
34870
34871
34872
34873
34874
34875
34876
34877
34878
34879
34880
34881
34882
34883
34884
34885
34886
34887
34888
34889
34890
34891
34892
34893
34894
34895
34896
34897
34898
34899
34900
34903
34904
34905
34906
34907
34908
34909
34922
35082
35087
35088
35089
35090
35100
35101
35102
35112
35122
35123
35124
35125
35126
35127
35128
35129
35130
35131
35139
35152
35153
35154
35155
35156
35157
35158
35159
35160
35161
35162
35163
35164
35179
35191
35192
35193
35194
35195
35196
35197
35198
35199
35200
35201
35204
35205
35206
35207
35208
35209
35210
35211
35212
35213
35214
35215
35216
35217
35218
35219
35220
35221
35222
35223
35226
35230
35280
35281
35282
35283
35284
35285
35286
35287
35288
35289
35298
35300
35301
35302
35303
35304
35305
35306
35307
35308
35309
35310
35311
35312
35313
35314
35315
35341
35342
35343
35344
35345
35346
35347
35348
35349
35350
35351
35352
35356
35357
35360
35361
35362
35363
35364
35365
35366
35367
35368
35369
35370
35371
35372
35373
35374
35375
35376
35377
35378
35379
35380
35381
35382
35383
35384
35385
35386
35387
35388
35389
35390
35391
35524
35525
35528
35529
35530
35531
35533
35534
35535
35536
35537
35538
35539
35549
35550
35551
35552
35553
35554
35555
35556
35560
35561
35562
35563
35564
35565
35566
35567
35568
35569
35570
35571
35572
35573
35574
35575
35576
35577
35578
35579
35580
35581
35582
35583
35584
35586
35587
35589
35702
35703
35704
35705
35706
35707
35708
35711
35712
35713
35714
35715
35716
35717
35718
35719
35720
35721
35722
35723
35724
35725
35726
35727
35728
35729
35730
35731
35732
35733
35734
35735
35736
35737
35738
35739
35740
35741
35742
35827
35828
35829
35830
35831
35832
35845
35846
35847
35848
35849
35850
35851
35852
35863
35864
35865
35869
35870
35871
35890
35891
35892
35904
35905
35906
35907
35908
35922
35923
35924
35925
35926
35927
35931
35932
35940
35945
35947
35948
35949
35950
35963
35964
35965
35966
35967
35968
35969
35970
35971
35972
35973
35974
35975
35976
35977
35978
35979
35980
35983
35984
35985
35986
35987
35988
35989
35990
35991
35997
35998
35999
36000
36001
36002
36003
36004
36005
36009
36010
36011
36012
36013
36014
36015
36016
36017
36021
36022
36023
36024
36025
36026
36027
36028
36029
36033
36034
36035
36036
36037
36038
36039
36040
36045
36046
36047
36048
36200
36201
36202
36203
36204
36205
36206
36207
36208
36209
36210
36211
36212
36213
36214
36215
36216
36217
36218
36219
36222
36223
36224
36225
36226
36227
36228
36229
36230
36231
36232
36241
36242
36243
36244
36245
36246
36247
36248
36249
36250
36251
36264
36265
36266
36267
36268
36269
36270
36271
36272
36273
36274
36287
36288
36289
36290
36291
36292
36293
36294
36295
36296
36297
36310
36311
36312
36313
36314
36315
36316
36317
36318
36319
36320
36333
36334
36335
36336
36337
36338
36340
36653
36654
36655
36656
36657
36658
36659
36660
36661
36662
36663
36664
36665
36666
36675
36676
36677
36678
36679
36680
36681
36682
36683
36684
36685
36686
36687
36690
36691
36692
36693
36694
36715
36716
36717
36718
36719
36720
36721
36722
36723
36724
36725
36726
36727
36728
36729
36730
36739
36740
36741
36742
36743
36744
36745
36746
36755
36756
36757
36758
36759
36780
36781
36782
36783
36784
36785
36786
36787
36788
36789
36790
36791
36792
36793
36794
36795
36804
36805
36806
36807
36808
36809
36810
36811
36820
36821
36822
36823
36824
36845
36846
36847
36848
36849
36850
36851
36852
36853
36854
36855
36856
36857
36858
36859
36860
36869
36870
36871
36872
36873
36874
36875
36876
36885
36886
36887
36888
36889
36910
36911
36912
36913
36914
36915
36916
36917
36918
36919
36920
36921
36922
36923
36924
36925
36934
36935
36936
36937
36938
36939
36940
36941
36950
36951
36952
36953
36954
36975
36976
36977
36978
36979
36980
36981
36982
36983
36984
36985
36986
36987
36988
36989
36990
37001
37002
37003
37015
37016
37017
37018
37040
37041
37042
37043
37044
37045
37046
37047
37048
37049
37050
37051
37052
37053
37054
37055
37067
37105
37106
37107
37108
37109
37115
37116
37117
37118
37119
37120
37132
37832
37852
37863
37892
37893
37906
37907
37908
37909
37910
37911
37912
37913
37914
37922
37923
37925
37938
37939
37940
37941
37942
37943
37944
37945
37946
37947
37948
37949
37950
37951
37952
37953
37954
37959
37960
37961
37962
37963
37964
37965
37972
37973
37974
37975
37976
37977
37978
37979
37980
37981
37982
37983
37984
37985
37986
37987
37988
37989
37990
37991
37992
37993
37994
37995
37996
37997
37998
37999
38000
38001
38002
38003
38004
38005
38006
38007
38008
38009
38010
38011
38012
38013
38014
38015
38016
38017
38018
38019
38020
38021
38022
38023
38024
38025
38026
38027
38028
38029
38030
38031
38032
38033
38034
38035
38036
38037
38038
38039
38040
38041
38042
38043
38044
38045
38046
38047
38048
38049
38050
38051
38052
38053
38054
38064
38065
38066
38365
38367
38368
38369
38370
38371
38373
38377
38380
38381
38382
38386
38387
38388
38389
38390
38391
38393
38396
38397
38398
38399
38400
38401
38402
38403
38419
38420
38425
38426
38427
38428
38429
38430
38431
38432
38433
38434
38435
38436
38437
38438
38439
38440
38441
38442
38443
38444
38445
38446
38447
38448
38449
38453
38532
38533
38534
38535
38536
38537
38538
38539
38540
38541
38542
38543
38544
38545
38546
38547
38548
38549
38550
38551
38552
38553
38554
38558
38559
38560
38561
38562
38563
38564
38567
38568
38569
38570
38571
38572
38573
38574
38575
38576
38577
38578
38579
38580
38581
38582
38583
38584
38585
38586
38587
38588
38589
38590
38591
38592
38593
38594
38595
38596
38597
38598
38740
38741
38742
38743
38744
38745
38746
38750
38751
38752
38753
38754
38755
38756
38757
38758
38759
38760
38761
38762
38763
38764
38765
38766
38791
38792
38793
38794
38795
38796
38797
38805
38806
38807
38808
38809
38810
38813
38814
38815
38816
38817
38818
38819
38820
38821
38822
38823
38824
38825
38826
38827
38828
38829
38830
38831
38832
38838
38839
38840
38841
38842
38843
38844
38845
38846
38847
38848
38849
38850
38851
38857
38858
38859
38860
38866
38867
38868
38869
38870
38871
38872
38873
38874
38875
38881
38882
38883
38884
38886
38887
38888
38889
38890
38891
38892
38893
38894
38895
38901
38902
38903
38904
38906
38907
38908
38909
38910
38911
38912
38913
38914
38915
38921
38922
38926
38927
38928
38929
38930
38931
38932
38946
38947
39198
39200
39201
39203
39204
39207
39208
39218
39219
39225
39226
39227
39228
39229
39230
39231
39232
39237
39238
39239
39240
39257
39260
39261
39271
39272
39278
39279
39280
39281
39282
39283
39284
39285
39290
39291
39292
39293
39360
39361
39363
39364
39365
39366
39367
39368
39370
39371
39372
39373
39374
39375
39376
39377
39378
39404
39405
39406
39410
39411
39412
39413
39414
39415
39416
39417
39418
39447
39456
39457
39458
39459
39460
39461
39462
39463
39464
39465
39466
39467
39468
39470
39471
39472
39473
39474
39475
39476
39477
39478
39479
39480
39481
39482
39483
39484
39485
39486
39487
39488
39489
39490
39491
39492
39493
39494
39495
39496
39497
39499
39500
39501
39502
39503
39504
39505
39506
39507
39508
39509
39510
39511
39512
39513
39514
39515
39516
39517
39518
39519
39520
39521
39522
39523
39524
39525
39526
39527
39528
39529
39530
39531
39532
39533
39534
39535
39536
39537
39538
39539
39540
39541
39542
39543
39547
39548
39549
39550
39551
39552
39562
39702
39703
39704
39705
39715
39716
39717
39718
39719
39720
39723
39724
39725
39726
39727
39728
39737
39738
39739
39740
39741
39742
39743
39744
39745
39746
39773
39774
39777
39778
39782
39783
39784
39787
39788
39789
39790
39791
39792
39793
39797
39798
39799
39800
39801
39802
39803
39804
39805
39806
39807
39808
39809
39810
39811
39812
39813
39814
39815
39816
39817
39819
39820
39821
39822
39823
39824
39825
39826
39827
39828
39829
39830
39831
39832
39833
39834
39835
39836
39837
39838
39839
39840
39841
39842
39843
39844
39845
39846
39847
39848
39931
39937
39938
39939
39940
39941
39942
39943
39944
39952
39953
39954
39955
39956
39957
39958
39959
39960
39961
39962
39963
39964
39965
39966
39967
39968
39969
39970
39971
39972
39973
39974
39975
39976
39977
39978
40060
40063
40064
40070
40071
40072
40073
40074
40080
40081
40082
40099
40100
40101
40102
40103
40104
40105
40106
40107
40108
40109
40110
40111
40112
40113
40114
40115
40116
40117
40118
40119
40120
40121
40122
40123
40124
40125
40126
40127
40128
40129
40130
40167
40168
40169
40170
40171
40172
40173
40174
40175
40176
40177
40178
40179
40180
40181
40182
40183
40184
40185
40186
40187
40188
40189
40190
40191
40192
40193
40194
40195
40196
40197
40198
40199
40200
40201
40238
40239
40240
40241
40242
40243
40244
40245
40246
40247
40248
40249
40250
40251
40252
40253
40254
40255
40256
40257
40258
40259
40260
40261
40262
40263
40264
40265
40266
40267
40268
40269
40270
40271
40272
40273
40310
40311
40312
40313
40314
40315
40316
40317
40318
40319
40320
40321
40322
40323
40324
40325
40326
40327
40328
40329
40330
40331
40332
40333
40334
40335
40336
40337
40338
40339
40340
40341
40342
40343
40344
40345
40382
40383
40384
40385
40386
40387
40388
40389
40390
40391
40392
40393
40394
40395
40396
40397
40398
40399
40400
40401
40402
40403
40404
40405
40406
40407
40408
40409
40410
40411
40412
40413
40414
40415
40416
40417
40454
40455
40456
40457
40458
40459
40460
40461
40462
40463
40464
40465
40466
40467
40468
40469
40470
40471
40472
40473
40474
40475
40476
40477
40478
40479
40480
40481
40482
40483
40484
40485
40486
40487
40488
40489
40526
40527
40528
40529
40530
40531
40532
40533
40534
40535
40536
40537
40538
40539
40540
40541
40542
40543
40544
40545
40546
40547
40548
40549
40550
40551
40552
40553
40554
40555
40556
40557
40558
40559
40560
40561
40598
40599
40600
40601
40602
40603
40604
40605
40606
40607
40608
40609
40610
40611
40612
40613
40614
40615
40616
40617
40618
40619
40620
40621
40622
40623
40624
40625
40626
40627
40628
40629
40630
40631
40632
40633
40670
40671
40672
40673
40674
40675
40676
40677
40678
40679
40680
40681
40682
40683
40684
40685
40686
40687
40694
40695
40696
40697
40698
40699
40700
40701
40702
40703
40704
40705
41755
41756
41757
41758
41759
41760
41761
41762
41763
41764
41765
41766
41767
41768
41769
41770
41771
41772
41773
41774
41775
41776
41777
41778
41779
41780
41781
41782
41783
41784
41785
41786
41787
41788
41789
41790
41791
41792
41793
41794
41795
41796
41797
41798
41799
41800
41891
41892
41893
41894
41895
41896
41897
41898
41899
41900
41901
41902
41903
41904
41905
41906
41907
41908
41909
41910
41911
41912
41913
41914
41915
41916
41917
41918
41919
41920
41921
41922
41923
41924
41925
41926
41927
41928
41929
41930
41931
41932
41933
41934
41935
41936
41937
41938
41939
41940
41941
41942
41943
41944
41945
41946
41947
41948
41949
41950
41951
41952
41953
41954
41955
41956
41957
41958
41959
41960
41961
41962
41963
41964
41965
41966
41967
41968
41969
41970
41971
41972
41973
41974
41975
41976
41977
41978
41979
41980
41981
41982
41983
41984
41985
41986
41987
41988
41989
41990
41991
41992
41993
41994
41995
41996
41997
41998
41999
42000
42001
42002
42003
42004
42005
42006
42007
42008
42009
42010
42011
42012
42013
42014
42015
42016
42017
42018
42019
42020
42021
42022
42023
42024
42025
42026
42027
42028
42029
42030
42031
42032
42033
42034
42035
42036
42037
42038
42510
42511
42512
42513
42514
42515
42516
42517
42524
42525
42526
42527
42528
42529
42530
42531
42532
42721
42722
42723
42724
42725
42726
42727
42728
42729
42730
42731
42732
42733
42734
42735
42736
42737
42738
42739
42740
42741
42742
42743
42744
42745
42746
42747
42748
42749
42750
42760
42761
42762
42763
42764
42765
42766
42767
42768
42769
42770
42771
42772
42773
42774
42775
42776
42777
42778
42779
42780
42781
42782
42783
42784
42785
42786
42787
42788
42789
42790
42791
42792
42793
42794
42795
42796
42797
42798
42799
42800
42801
42802
42803
42804
42805
42806
42807
42808
42809
42810
42811
42812
42813
42814
42815
42816
42817
42818
42819
42820
42821
42822
42823
42824
42825
42826
42827
42828
42829
42830
42831
42832
42833
42834
42835
42836
42837
42838
42839
42840
42841
42842
42843
42844
42845
42846
42847
42848
42849
42850
42851
42852
42853
42854
43194
43195
43196
43197
43198
43199
43200
43201
43202
43203
43204
43205
43206
43207
43208
43209
43210
43211
43212
43213
43214
43215
43216
43217
43361
43362
43363
43364
43365
43366
43367
43368
43378
43379
43380
43381
43382
43383
43384
43385
43386
43387
43388
43389
43390
43391
43392
43393
43394
43395
43396
43397
43398
43399
43400
43401
43402
43403
43404
43405
43406
43407
43408
43409
43410
43411
43412
43413
43414
43415
43416
43417
43418
43419
43420
43421
43422
43423
43424
43425
43426
43427
43428
43429
43430
43431
43432
43433
43434
43435
43436
43437
43438
43439
43440
43441
43442
43443
43444
43445
43446
43447
43448
43449
43450
43451
43452
43453
43454
43455
43456
43457
43458
43459
43460
43461
43462
43463
43464
43465
43466
43467
43468
43469
43470
43471
43472
43473
43474
43475
43476
43477
43478
43479
43480
43481
43482
43483
43484
43485
43486
43487
43488
43489
43490
43491
43492
43493
43494
43495
43496
43497
43498
43499
43500
43516
43517
43518
43519
43520
43521
43522
43523
43524
43540
43541
43542
43543
43544
43545
43546
43547
43548
43966
43967
44006
44007
44008
44009
44010
44011
44012
44013
44014
44015
44016
44017
44018
44019
44020
44021
44022
44023
44024
44025
44026
44027
44028
44029
44030
44031
44032
44033
44034
44035
44036
44037
44038
44039
44040
44041
44042
44043
44044
44045
44046
44047
44048
44049
44050
44051
44052
44053
44054
44055
44056
44084
44085
44086
44087
44088
44089
44090
44091
44092
44093
44094
44095
44096
44097
44098
44099
44100
44101
44102
44103
44110
44111
44112
44113
44114
44115
44116
44117
44118
44119
44120
44121
44122
44123
44124
44125
44126
44127
44128
44129
44130
44131
44132
44133
44134
44135
44136
44137
44138
44139
44140
44141
44142
44143
44144
44145
44146
44147
44148
44149
44150
44151
44152
44153
44154
44155
44156
44157
44158
44159
44160
44161
44162
44163
44164
44165
44166
44167
44168
44169
44170
44171
44172
44173
44174
44175
44176
44177
44178
44179
44180
44181
44182
44183
44184
44185
44186
44187
44188
44189
44190
44191
44192
44193
44194
44195
44196
44197
44198
44199
44518
44519
44520
44521
44522
44523
44524
44525
44526
44527
44528
44529
44530
44531
44532
44533
44534
44535
44536
44537
44538
44539
44540
44709
44710
44711
44712
44713
44714
44715
44716
44717
44718
44719
44720
44721
44722
44723
44724
44725
44726
44727
44728
44729
44730
44773
44774
44775
44776
44777
44778
44779
44780
44781
44782
44885
44886
44887
44888
44889
44890
44891
44892
44893
44894
44895
44896
44897
44898
44899
44900
44901
44902
44903
44904
44905
44906
44907
44908
44909
44910
44911
44912
44913
44914
44915
44916
44917
44918
44919
44920
44921
44922
44923
44924
44925
44926
44927
44928
44929
44930
44931
44932
44933
44934
44935
44936
44937
44938
44939
44940
44941
44942
44943
44944
44945
44946
45028
45029
45030
45031
45032
45033
45034
45035
45036
45037
45038
45039
45040
45041
45042
45043
45044
45045
45046
45047
45048
45049
45050
45051
45052
45053
45054
45055
45056
45057
45058
45059
45060
45061
45062
45063
45064
45065
45066
45067
45068
45069
45070
45071
45072
45166
45167
45168
45169
45170
45171
45172
45173
45174
45175
45176
45177
45178
45179
45180
45181
45182
45183
45184
45185
45186
45187
45188
45189
45190
45191
45192
45193
45194
45195
45196
45197
45198
45199
45200
45201
45202
45203
45204
45205
45206
45207
45208
45209
45210
45304
45305
45306
45307
45308
45309
45310
45311
45312
45313
45314
45315
45316
45317
45318
45319
45320
45321
45322
45323
45324
45325
45326
45327
45328
45329
45330
45331
45332
45333
45334
45335
45336
45337
45338
45339
45340
45341
45342
45343
45344
45345
45346
45347
45348
45349
45350
45351
45352
45353
45354
45472
45473
45474
45475
45476
45477
45478
45479
45480
45481
45482
45483
45484
45485
45486
45487
45488
45489
45490
45491
45492
45493
45494
45495
45496
45497
45498
45499
45500
45501
45502
45503
45504
45505
45506
45507
45508
45509
45510
45511
45512
45513
45514
45515
45516
45517
45518
45519
45520
45521
45522
45523
45524
45525
45643
45644
45645
45646
45647
45648
45649
45650
45651
45652
45653
45654
45655
45656
45657
45658
45659
45660
45661
45662
45663
45664
45665
45666
45667
45668
45669
45670
45671
45672
45673
45674
45675
45676
45677
45678
45679
45680
45681
45682
45683
45684
45685
45686
45687
45700
45701
45702
45703
45704
45705
45835
45836
45837
45838
45839
45840
45841
45842
45843
45844
45845
45846
45847
45848
45849
45850
45851
45852
45853
45854
45855
45856
45857
45858
45859
45860
45861
45862
45863
45864
45865
45866
45867
45868
45869
45870
45871
45872
45873
45874
45875
45876
45877
45878
45879
46003
46004
46005
46006
46007
46008
46009
46010
46011
46012
46013
46014
46015
46016
46017
46018
46019
46020
46021
46022
46023
46024
46025
46026
46027
46028
46029
48067
48068
48069
48070
48071
48072
48073
48074
48075
48094
48095
48096
48097
48098
48099
48100
48101
48102
48103
48104
48105
48106
48107
48108
48109
48110
48111
48112
48113
48114
48115
48116
48117
48118
48119
48120
48121
48122
48123
48124
48125
48126
48127
48128
48129
48130
48131
48132
48133
48134
48135
48136
48137
48138
48139
48140
48141
48272
48273
48274
48275
48276
48277
48278
48279
48280
48281
48282
48283
48284
48285
48286
48287
48288
48289
48290
48291
48292
48293
48294
48295
48296
48297
48298
48299
48300
48301
48302
48303
48304
48305
48306
48307
48308
48309
48310
48311
48312
48313
48314
48315
48316
48317
48318
48319
48320
48321
48322
48323
48324
48325
48326
48327
48328
48329
48330
48331
48332
48333
48334
48335
48336
48337
48338
48339
48340
48341
48342
48343
48344
48345
48346
48347
48348
48349
48350
48351
48532
48533
48534
48535
48536
48537
48538
48539
48558
48559
48560
48561
48562
48563
48564
48565
48566
48567
48568
48569
48597
48598
48599
48600
48601
48602
48603
48604
48605
48606
48607
48608
48609
48610
48611
48612
48613
48614
48615
48616
48617
48618
48619
48620
48621
48622
48623
48624
48625
48626
48627
48628
48629
48630
48631
48632
48633
48634
48635
48636
48637
48638
48678
48679
48680
48681
48682
48683
48684
48685
48686
48687
48688
48689
48705
48706
48707
48708
48709
48710
48711
48712
48713
48714
48715
48716
48717
48718
48719
48720
48721
48722
48723
48724
48725
48726
48727
48728
48729
48730
48731
48732
48733
48734
48735
48736
48737
48738
48739
48740
48756
48757
48758
48759
48760
48761
48762
48763
48764
48765
48766
48767
48810
48811
48812
48813
48814
48815
48816
48817
48818
48819
48820
48821
48843
48844
48845
48846
48847
48848
48849
48850
48851
48852
48853
48854
48855
48856
48857
48858
48859
48860
48861
48862
48863
48864
48865
48866
48867
48868
48869
48870
48871
48872
48897
48898
48899
48900
48901
48902
48903
48904
48905
48906
48907
48908
48951
48952
48953
48954
48955
48956
48957
48958
48959
48960
48961
48962
48984
48985
48986
48987
48988
48989
48990
48991
48992
48993
48994
48995
48996
48997
48998
48999
49000
49001
49002
49003
49004
49005
49006
49007
49008
49009
49010
49011
49012
49013
49014
49015
49016
49017
49018
49019
49035
49036
49037
49038
49039
49040
49041
49042
49043
49044
49045
49046
49089
49090
49091
49092
49093
49094
49095
49096
49097
49098
49099
49100
49122
49123
49124
49125
49126
49127
49128
49129
49130
49131
49132
49133
49134
49135
49136
49137
49138
49139
49140
49141
49142
49143
49144
49145
49146
49147
49148
49149
49150
49151
49179
49180
49181
49182
49183
49184
49185
49186
49187
49188
49189
49190
49233
49234
49235
49236
49237
49238
49239
49240
49241
49242
49243
49244
49266
49267
49268
49269
49270
49271
49272
49273
49274
49275
49276
49277
49278
49279
49280
49281
49282
49283
49284
49285
49286
49287
49288
49289
49290
49291
49292
49293
49294
49295
49296
49297
49298
49299
49300
49301
49323
49324
49325
49377
49378
49379
49380
49381
49382
49404
49405
49406
49407
49408
49409
49410
49411
49412
49413
49414
49415
49416
49417
49418
49419
49420
49421
49422
49423
49424
49425
49426
49427
49428
49429
49430
49431
49432
49433
49536
49537
49538
49539
49540
49541
49542
49543
49544
49545
49546
49547
49548
49549
49550
49551
49552
49553
49554
49555
49556
49557
49558
49559
49560
49561
49562
49563
49564
49565
49566
49567
49568
49569
49570
49571
49674
49675
49676
49677
49678
49679
49680
49681
49682
49683
49684
49685
49686
49687
49688
49689
49690
49691
51153
51154
51155
51156
51157
51158
51159
51160
51161
51162
51163
51164
51165
51166
51167
51168
51169
51170
51171
51172
51173
51174
51175
51176
51177
51178
51179
51180
51181
51182
51183
51184
51185
51186
51187
51188
51189
51190
51191
51192
51193
51194
51195
51196
51197
51198
51199
51200
51201
51202
51203
51204
51205
51206
51207
51208
51209
51210
51211
51212
51213
51214
51215
51216
51217
51218
51219
51220
51221
51222
51223
51224
51225
51226
51227
51228
51229
51230
51231
51232
51233
51234
51235
51236
51237
51238
51239
51240
51241
51242
51315
51316
51317
51318
51319
51320
51321
51322
51323
51324
51325
51326
51327
51328
51329
51330
51331
51332
51333
51334
51335
51336
51337
51338
51339
51340
51341
51342
51343
51344
51345
51346
51347
51348
51349
51350
51351
51352
51353
51354
51355
51356
51357
51358
51359
51360
51361
51362
51363
51364
51365
51366
51367
51368
51369
51370
51371
51372
51373
51374
51375
51376
51377
51378
51379
51380
51381
51382
51383
51384
51385
51386
51387
51388
51389
51402
51403
51404
51405
51406
51407
51408
51409
51410
51411
51412
51413
51414
51415
51416
51417
51418
51419
51450
51451
51452
51453
51454
51455
51456
51457
51458
51459
51460
51461
51462
51463
51464
51546
51547
51548
51549
51550
51551
51552
51553
51554
51555
51556
51557
51558
51559
51560
51561
51562
51563
51564
51565
51566
51567
51568
51569
51570
51571
51572
51573
51574
51575
51576
51577
51578
51579
51580
51581
51582
51583
51584
51585
51586
51587
51588
51589
51590
51591
51592
51593
51594
51595
51596
51597
51598
51599
51600
51601
51602
51603
51604
51605
51606
51607
51608
51609
51610
51611
51612
51613
51614
51615
51616
51617
51618
51619
51620
51621
51622
51623
51624
51625
51626
51627
51628
51629
51630
51631
51632
51675
51676
51677
51678
51679
51680
51681
51682
51683
51684
51685
51686
51687
51688
51689
51762
51763
51764
51765
51766
51767
51768
51769
51770
51771
51772
51773
51774
51775
51776
51777
51778
51779
51780
51781
51782
51783
51784
51785
51786
51787
51788
51789
51790
51791
51792
51793
51794
51795
51796
51797
51798
51799
51800
51801
51802
51803
51804
51805
51806
51807
51808
51809
51810
51811
51812
51813
51814
51815
51816
51817
51818
51819
51820
51821
51822
51823
51824
51825
51826
51827
51828
51829
51830
51831
51832
51833
51834
51835
51836
51837
51838
51839
51840
51841
51842
51843
51844
51845
51846
51847
51848
51861
51862
51863
51864
51865
51866
51867
51868
51869
51870
51871
51872
51873
51874
51875
51876
51877
51878
51879
51880
51881
51906
51907
51908
51909
51910
51911
51912
51913
51914
51915
51916
51917
51918
51919
51920
52026
52027
52028
52029
52030
52031
52032
52033
52034
52035
52036
52037
52038
52039
52040
52041
52042
52043
52044
52045
52046
52047
52048
52049
52050
52051
52052
52053
52054
52055
52056
52057
52058
52059
52060
52061
52062
52063
52064
52065
52066
52067
52068
52069
52070
52071
52072
52073
52074
52075
52076
52077
52078
52079
52080
52081
52082
52083
52084
52085
52086
52087
52088
52089
52090
52091
52092
52093
52094
52095
52096
52097
52098
52099
52100
52143
52144
52145
52146
52147
52148
52149
52150
52151
52152
52153
52154
52155
52156
52157
52263
52264
52265
52266
52267
52268
52269
52270
52271
52272
52273
52274
52275
52276
52277
52278
52279
52280
52281
52282
52283
52284
52285
52286
52287
52288
52289
52290
52291
52292
52293
52294
52295
52296
52297
52298
52299
52300
52301
52302
52303
52304
52305
52306
52307
52308
52309
52310
52311
52312
52313
52314
52315
52316
52317
52318
52319
52320
52321
52322
52323
52324
52325
52326
52327
52328
52329
52330
52331
52332
52333
52334
52335
52336
52337
52338
52339
52340
52341
52342
52343
52350
52351
52352
52353
52354
52355
52356
52357
52358
52359
52360
52361
52362
52363
52364
52365
52366
52367
52368
52369
52370
52371
52372
52373
52374
52375
52376
52416
52417
52418
52527
52528
52529
52530
52531
52532
52533
52534
52535
52536
52537
52538
52539
52540
52541
52542
52543
52544
52545
52546
52547
52548
52549
52550
52551
52552
52553
52554
52555
52556
52557
52558
52559
52608
52609
52610
52611
52612
52613
52614
52615
52616
52617
52618
52619
52620
52621
52622
52623
52624
52625
52626
52627
52628
52773
52774
52775
52776
52777
52778
52779
52780
52781
52782
52783
52784
52785
52786
52787
52788
52789
52790
52854
52855
52856
52857
52858
52859
52860
52861
52862
52863
52864
52865
52866
52867
52868
52869
52870
52871
52872
52873
52874
52875
52876
52877
53136
53137
53138
53139
53140
53141
53142
53143
53144
53145
53146
53147
53148
53149
53150
55865
55866
55867
55871
55872
55873
55874
55875
55876
55877
55878
55879
55880
55881
55882
55883
55884
55885
55886
55946
55947
55948
55949
55950
55951
55952
55953
55954
55955
55956
55957
55967
55968
55969
55970
55971
55972
55973
55974
55975
55976
55977
55978
55979
55980
55981
55982
55983
55984
55985
55986
55987
55988
55989
55990
55991
55992
55993
55994
55995
55996
55997
55998
55999
56000
56001
56002
56003
56004
56005
56006
56067
56068
56069
56070
56071
56072
56073
56074
56075
56076
56077
56078
56079
56080
56081
56082
56083
56084
56085
56086
56087
56088
56089
56090
56091
56092
56093
56094
56095
56096
56183
56184
56185
56186
56187
56188
56189
56190
56191
56201
56202
56203
56204
56205
56206
56207
56208
56209
56210
56211
56212
56213
56214
56215
56216
56217
56218
56219
56229
56230
56231
56232
56233
56234
56235
56236
56237
56238
56239
56240
56241
56242
56243
56244
56245
56246
56247
56248
56249
56271
56272
56273
56274
56275
56276
56277
56278
56279
56280
56281
56282
56283
56284
56285
56301
56302
56303
56304
56305
56306
56307
56308
56309
56310
56311
56312
56313
56314
56315
56331
56332
56333
56337
56338
56339
56340
56341
56342
56343
56344
56345
56841
56842
56843
56844
56845
56846
56847
56848
56849
56850
56851
56877
56878
56879
56880
56881
56882
56883
56884
56885
56886
56887
56888
56889
56890
56891
56892
56893
56894
56895
56896
56897
56898
56899
56900
56901
56902
56903
56904
56905
56906
56907
56908
56909
56910
56911
56912
56913
56914
56915
56916
56917
56918
56919
56920
56921
56922
56923
56924
56925
56926
56927
56928
56929
56930
56931
56932
56933
56934
56935
56936
56937
56938
56945
56946
56947
56954
56955
56956
57138
57139
57140
57141
57142
57143
57144
57145
57146
57147
57148
57149
57150
57151
57152
57208
57209
57210
57211
57212
57213
57233
57234
57235
57236
57237
57241
57242
57243
57244
57245
57246
57247
57248
57249
57250
57251
57252
57253
57254
57255
57256
57257
57258
57259
57260
57261
57262
57263
57264
57265
57266
57267
57310
57311
57312
57313
57314
57315
57316
57317
57483
57484
57485
57486
57487
57488
57489
57490
57491
57492
57493
57494
57495
57496
57497
57498
57499
57500
57501
57502
57503
57504
57505
57506
57507
57508
57509
57510
57511
57512
57513
57514
57515
57516
57517
57518
57519
57520
57521
57522
57523
57524
57525
57526
57527
57528
57529
57530
57531
57532
57533
57534
57535
57536
57537
57538
57539
57540
57541
57542
57543
57544
57545
57546
57547
57548
57549
57550
57551
57552
57553
57554
57555
57556
57557
57558
57559
57560
57561
57562
57563
57564
57565
57566
57567
57568
57569
57570
57571
57572
57573
57574
57575
57576
57577
57578
57579
57580
57581
57582
57583
57584
57585
57586
57587
57588
57589
57590
57591
57592
57593
57594
57595
57596
57597
57598
57599
57600
57601
57602
57603
57604
57605
57606
57607
57608
57609
57610
57611
57612
57613
57614
57615
57616
57617
57618
57619
57620
57621
57622
57650
57651
57652
57659
57660
57661
57683
57684
57685
57987
57988
57989
57990
57991
57992
57993
57994
57995
57996
57997
57998
57999
58000
58001
58002
58003
58004
58008
58009
58010
58011
58012
58013
58014
58015
58016
58017
58018
58022
58023
58024
58028
58029
58030
58031
58032
58033
58034
58035
58036
58076
58077
58078
58079
58080
58081
58082
58083
58084
58094
58095
58096
58097
58098
58099
58100
58101
58102
58103
58104
58105
58106
58107
58108
58109
58110
58111
58112
58113
58120
58121
58122
58123
58124
58125
58126
58127
58128
58129
58130
58131
58132
58133
58134
58135
58136
58137
58138
58139
58140
58141
58142
58143
58144
58145
58146
58147
58148
58149
58150
58151
58152
58153
58154
58155
58192
58193
58194
58195
58196
58197
58198
58199
58200
58201
58202
58203
58204
58205
58206
58207
58208
58209
58210
58211
58212
58213
58214
58215
58216
58217
58218
58228
58229
58230
58231
58232
58233
58234
58235
58236
58237
58238
58239
58240
58241
58242
58243
58244
58245
58267
58268
58269
58270
58271
58272
58273
58274
58275
58276
58277
58278
58309
58310
58311
58312
58313
58314
58315
58316
58317
58318
58319
58320
58321
58322
58323
58324
58325
58326
58327
58328
58329
58330
58331
58332
58342
58343
58344
58345
58346
58347
58348
58349
58350
58351
58352
58353
58354
58355
58356
58357
58358
58359
58360
58361
58362
58363
58364
58365
58366
58367
58368
58390
58391
58392
58393
58394
58395
58396
58397
58398
58399
58400
58401
58435
58436
58437
58438
58439
58440
58441
58442
58443
58444
58445
58446
58447
58448
58449
58450
58451
58452
58453
58454
58455
58471
58472
58473
58474
58475
58476
58477
58478
58479
58507
58508
58509
58510
58511
58512
58513
58514
58515
58516
58517
58518
58552
58553
58554
58555
58556
58557
58558
58559
58560
58561
58562
58563
58564
58565
58566
58567
58568
58569
58570
58571
58572
58588
58589
58590
58591
58592
58593
58594
58595
58596
58597
58598
58599
58600
58601
58602
58603
58604
58605
58630
58631
58632
58633
58634
58635
58636
58637
58638
58669
58670
58671
58672
58673
58674
58675
58676
58677
58678
58679
58680
58681
58682
58683
58702
58703
58704
58705
58706
58707
58708
58709
58710
58711
58712
58713
58771
58772
58773
58774
58775
58776
58777
58778
58779
58780
58781
58782
58783
58784
58785
58804
58805
58806
58807
58808
58809
58810
58811
58812
58813
58814
58815
58816
58817
58818
58882
58883
58884
58885
58886
58887
58888
58889
58890
58891
58892
58893
58894
58895
58896
58897
58898
58899
58900
58901
58902
58912
58913
58914
58915
58916
58917
60193
60194
60195
60199
60200
60201
60202
60203
60204
60205
60206
60207
60208
60209
60210
60211
60212
60213
60214
60215
60216
60217
60218
60219
60220
60221
60222
60223
60224
60225
60226
60227
60228
60283
60284
60285
60286
60287
60288
60289
60290
60291
60295
60296
60297
60298
60299
60300
60301
60302
60303
60307
60308
60309
60310
60311
60312
60313
60314
60315
60316
60317
60318
60319
60320
60321
60322
60323
60324
60325
60326
60327
60328
60329
60330
60331
60332
60333
60334
60335
60336
60337
60338
60339
60340
60341
60342
60343
60344
60345
60346
60347
60348
60349
60350
60351
60352
60353
60354
60355
60356
60357
60358
60359
60360
60367
60368
60369
60370
60371
60372
60373
60374
60375
60376
60377
60378
60379
60380
60381
60382
60383
60384
60385
60386
60387
60388
60389
60390
60391
60392
60393
60403
60404
60405
60412
60413
60414
60415
60416
60417
60418
60419
60420
60421
60422
60423
60424
60425
60426
60427
60428
60429
60430
60431
60432
60433
60434
60435
60436
60437
60438
60439
60440
60441
60448
60449
60450
60451
60452
60453
60460
60461
60462
60463
60464
60465
60466
60467
60468
60469
60470
60471
60472
60473
60474
60475
60476
60477
60478
60479
60480
60481
60482
60483
60493
60494
60495
60496
60497
60498
60502
60503
60504
60505
60506
60507
60508
60509
60510
60511
60512
60513
60514
60515
60516
60517
60518
60519
60520
60521
60522
60523
60524
60525
60526
60527
60528
60529
60530
60531
60532
60533
60534
60535
60536
60537
60538
60539
60540
60544
60545
60546
60547
60548
60549
60553
60554
60555
60556
60557
60558
60559
60560
60561
60562
60563
60564
60565
60566
60567
60568
60569
60570
60574
60575
60576
60586
60587
60588
60589
60590
60591
60592
60593
60594
60595
60596
60597
60598
60599
60600
60601
60602
60603
60604
60605
60606
60610
60611
60612
60613
60614
60615
60616
60617
60618
60619
60620
60621
60655
60656
60657
60658
60659
60660
60685
60686
60687
61246
61247
61248
61249
61250
61251
61252
61253
61254
61255
61256
61257
61258
61259
61260
61261
61262
61263
61264
61265
61266
61267
61268
61269
61270
61271
61272
61273
61274
61275
61276
61277
61278
61279
61280
61281
61282
61283
61284
61285
61286
61287
61288
61289
61290
61291
61292
61293
61294
61295
61296
61297
61298
61299
61300
61301
61302
61303
61304
61305
61327
61328
61329
61330
61331
61332
61333
61334
61335
61336
61337
61338
61339
61340
61341
61342
61343
61344
61345
61346
61347
61348
61349
61350
61351
61352
61353
61354
61355
61356
61357
61358
61359
61360
61361
61362
61363
61364
61365
61366
61367
61368
61369
61370
61371
61372
61373
61374
61375
61376
61377
61378
61379
61380
61381
61382
61383
61420
61421
61422
61423
61424
61425
61426
61427
61428
61429
61430
61431
61432
61433
61434
61435
61436
61437
61438
61439
61440
61441
61442
61443
61444
61445
61446
61447
61448
61449
61450
61451
61452
61453
61454
61455
61456
61457
61458
61459
61460
61461
61462
61463
61464
61465
61466
61467
61471
61472
61473
61474
61475
61476
61477
61478
61479
61519
61520
61521
61522
61523
61524
61525
61526
61527
61528
61529
61530
61531
61532
61533
61534
61535
61536
61537
61538
61539
61540
61541
61542
61543
61544
61545
61546
61547
61548
61549
61550
61551
61552
61553
61554
61555
61556
61557
61558
61559
61560
61561
61562
61563
61564
61565
61566
61567
61568
61569
61606
61607
61608
61609
61610
61611
61612
61613
61614
61615
61616
61617
61618
61619
61620
61621
61622
61623
61624
61625
61626
61627
61628
61629
61630
61631
61632
61633
61634
61635
61636
61637
61638
61639
61640
61641
61642
61643
61644
61645
61646
61647
61648
61649
61650
61651
61652
61653
61657
61658
61659
61660
61661
61662
61663
61664
61665
61705
61706
61707
61708
61709
61710
61711
61712
61713
61714
61715
61716
61717
61718
61719
61720
61721
61722
61723
61724
61725
61726
61727
61728
61729
61730
61731
61732
61733
61734
61735
61736
61737
61738
61739
61740
61741
61742
61743
61744
61745
61746
61747
61748
61749
61750
61751
61752
61753
61754
61755
61756
61757
61758
61762
61763
61764
61765
61766
61767
61768
61769
61770
61813
61814
61815
61816
61817
61818
61819
61820
61821
61822
61823
61824
61825
61826
61827
61828
61829
61830
61831
61832
61833
61834
61835
61836
61837
61838
61839
61846
61847
61848
61849
61850
61851
61852
61853
61854
61855
61856
61857
61870
61871
61872
61873
61874
61875
61915
61916
61917
61918
61919
61920
61921
61922
61923
61924
61925
61926
61960
61961
61962
61963
61964
61965
62050
62051
62052
63100
63101
63102
63103
63104
63105
63106
63107
63108
)


// ************************************************************************* //
