/*--------------------------------*- C++ -*----------------------------------*\
  =========                 |
  \\      /  F ield         | OpenFOAM: The Open Source CFD Toolbox
   \\    /   O peration     | Website:  https://openfoam.org
    \\  /    A nd           | Version:  10
     \\/     M anipulation  |
\*---------------------------------------------------------------------------*/
FoamFile
{
    format      ascii;
    class       faceSet;
    location    "constant/polyMesh/sets";
    object      layerFaces;
}
// * * * * * * * * * * * * * * * * * * * * * * * * * * * * * * * * * * * * * //


2638
(
24577 
20481 
16387 
24580 
20484 
24582 
20488 
24585 
16394 
24587 
16397 
24590 
20495 
24592 
20497 
16402 
24595 
20500 
16405 
24598 
20503 
16410 
24603 
20508 
24606 
16414 
20511 
24611 
20516 
16421 
24614 
20518 
20521 
24619 
16427 
20524 
24621 
24624 
20529 
24626 
20532 
24629 
16438 
24631 
20537 
24634 
16442 
20539 
24636 
20542 
24639 
24641 
20545 
16449 
24644 
24646 
20550 
16454 
24649 
20553 
24651 
24654 
20558 
16463 
24656 
20561 
16466 
24659 
24661 
20566 
16471 
24664 
20568 
24666 
20571 
16475 
24669 
20574 
24672 
16482 
20579 
24677 
20581 
24679 
16487 
20584 
24682 
20586 
24684 
20589 
24687 
24688 
20592 
16496 
24689 
16499 
24692 
20597 
20600 
16504 
24697 
16506 
24699 
20605 
16509 
24702 
20607 
16511 
24704 
20610 
16514 
24707 
24708 
20612 
16516 
24709 
20615 
16519 
24712 
20617 
16523 
20620 
24717 
20622 
24719 
20625 
24722 
16530 
20627 
24724 
16532 
20630 
24727 
16535 
24728 
20632 
24729 
16538 
20635 
24732 
20638 
16543 
24737 
16545 
24739 
20643 
16548 
20645 
24742 
24744 
20648 
16552 
24747 
24748 
20652 
24749 
16559 
24752 
16562 
20659 
24757 
20663 
16567 
24760 
16571 
24765 
20670 
24767 
20673 
24770 
16578 
24772 
20678 
16582 
24775 
24777 
20681 
24780 
16589 
24782 
20686 
24785 
20689 
16594 
24787 
24790 
20694 
24793 
20697 
16603 
16605 
24798 
20702 
24800 
16608 
20706 
24803 
16612 
24805 
24808 
20713 
24811 
16619 
20717 
16622 
24816 
24818 
16627 
20724 
24821 
16630 
20727 
24824 
16635 
20732 
24829 
20734 
16638 
24832 
20737 
16643 
20740 
24837 
24838 
24839 
16647 
24841 
20745 
24844 
20748 
24846 
16654 
24849 
20753 
16658 
24851 
20756 
24854 
24856 
20761 
16665 
24859 
20764 
24862 
16670 
20769 
24867 
24869 
20773 
16679 
24872 
16681 
24875 
20780 
16684 
20783 
24880 
16688 
24881 
24882 
24883 
24884 
20788 
24885 
24886 
24887 
16695 
24888 
24890 
16698 
20796 
24893 
24895 
16703 
24898 
24899 
20803 
16707 
24900 
24904 
20810 
16714 
16718 
24911 
24912 
24913 
20818 
24915 
16725 
24918 
20824 
24921 
16730 
20828 
24926 
24928 
24931 
20835 
16739 
24932 
24933 
16742 
20839 
24936 
16747 
24941 
20846 
16750 
24944 
20849 
16755 
24949 
16757 
20854 
24952 
16760 
20858 
16764 
24957 
24959 
20865 
24962 
20867 
16771 
24964 
20870 
16774 
24967 
20872 
24969 
20875 
16779 
24972 
20877 
24974 
16783 
20880 
24977 
24979 
20883 
24982 
16790 
24983 
24984 
20888 
24986 
20890 
16794 
24989 
20893 
24990 
24991 
20896 
16801 
24994 
20901 
16806 
24999 
25001 
20905 
25004 
25006 
16815 
20912 
25009 
25010 
16818 
25011 
20915 
25014 
16823 
20920 
25019 
16827 
25021 
20927 
25024 
20928 
20929 
25026 
16834 
25029 
25030 
16838 
25031 
25034 
20938 
16845 
25039 
20943 
25041 
20946 
16850 
25044 
25046 
20951 
25049 
20953 
25050 
25051 
16859 
20956 
25054 
16862 
20960 
25059 
16867 
25062 
20967 
16871 
25067 
20971 
25069 
16878 
25072 
25074 
20978 
16882 
25077 
20981 
25079 
16889 
25082 
20986 
25083 
25084 
20988 
25086 
16894 
20991 
25089 
20994 
25091 
25094 
25095 
20999 
16903 
25096 
21001 
25098 
21004 
16908 
25101 
25103 
21008 
25106 
25107 
25108 
16917 
25110 
21015 
16920 
25113 
21017 
25115 
21020 
16925 
25118 
25119 
21023 
25120 
25121 
16929 
25122 
25124 
21028 
21030 
25127 
25128 
16936 
25129 
21033 
25131 
16940 
25134 
25135 
25136 
21040 
25138 
16947 
21044 
25141 
25143 
16952 
25146 
21051 
25149 
21056 
16961 
25154 
25156 
16964 
25159 
25161 
21065 
16969 
25164 
21068 
16973 
25166 
25169 
21073 
25172 
16980 
21078 
16984 
25177 
25179 
25182 
21087 
16991 
25185 
21092 
16996 
25190 
25192 
25195 
25197 
21101 
17005 
25200 
17008 
21105 
25202 
25205 
17013 
25208 
21112 
17017 
21116 
25213 
25214 
25215 
17024 
25217 
21123 
25220 
17028 
21126 
25223 
21131 
17035 
25228 
25230 
21136 
17040 
25233 
25236 
25241 
21145 
17049 
25243 
21149 
25246 
17054 
25248 
25251 
21156 
25253 
17063 
25256 
21161 
17066 
25259 
17071 
25264 
25265 
25266 
21170 
17075 
25268 
25271 
21175 
25273 
17082 
25276 
25278 
17086 
21184 
25281 
25283 
21187 
17093 
25286 
25287 
25288 
25289 
25290 
17098 
25291 
21195 
25292 
25293 
25294 
25295 
21199 
25296 
25299 
17107 
21206 
17110 
25304 
25306 
17115 
21212 
25309 
25310 
25311 
17119 
25313 
21217 
25316 
25318 
21222 
17126 
25321 
17130 
25324 
21230 
25329 
17137 
25332 
21238 
17142 
25337 
21243 
25340 
17151 
25345 
17154 
25347 
21252 
25350 
21254 
17159 
25352 
21257 
25355 
17163 
21260 
25357 
25360 
21265 
25362 
17170 
25365 
21270 
17174 
25367 
25370 
25371 
25372 
17181 
25374 
21279 
25377 
25378 
21282 
17186 
25381 
25382 
25383 
21287 
25385 
17195 
25388 
21292 
25390 
17198 
25393 
25395 
17203 
21301 
25398 
21303 
17207 
25400 
21306 
25403 
25404 
21309 
17214 
25408 
25409 
25410 
21314 
17218 
25411 
25412 
25413 
21318 
25415 
17225 
25418 
25419 
25420 
25421 
25422 
17230 
25423 
25424 
21328 
25425 
25426 
25427 
25428 
25429 
21334 
17239 
17242 
21339 
21342 
17247 
17251 
21348 
17258 
21356 
17262 
21364 
17269 
21366 
21369 
17274 
21373 
17283 
21380 
17286 
21383 
17291 
21388 
21391 
17295 
21396 
17302 
21399 
17306 
21404 
21407 
17313 
21412 
21414 
17318 
21422 
17327 
17330 
17335 
21433 
17339 
17346 
21444 
17350 
21448 
17357 
21455 
17362 
21460 
17371 
21469 
17374 
21472 
17379 
21477 
17383 
21483 
17390 
17394 
21494 
17401 
21498 
17406 
21505 
21508 
17415 
21513 
17418 
21515 
21518 
17423 
21521 
17427 
21526 
21530 
17434 
17438 
21537 
21539 
17445 
17450 
21547 
21548 
21550 
21553 
17459 
21556 
17462 
21561 
21563 
17467 
21566 
17471 
21570 
17478 
21577 
17481 
21580 
17486 
21585 
17490 
21587 
21590 
21591 
17497 
17500 
21600 
21601 
17505 
21602 
17508 
21605 
21607 
17513 
21610 
21612 
17517 
21615 
21616 
21617 
21619 
17524 
21622 
17527 
21625 
17532 
21630 
21632 
17536 
21635 
21638 
17543 
17546 
21643 
21647 
17551 
17554 
21654 
17559 
21656 
21659 
17563 
21660 
21661 
21666 
17570 
17574 
21675 
17581 
21679 
17586 
21686 
21689 
17595 
21694 
21695 
17599 
21696 
21698 
21701 
17606 
21704 
17610 
21709 
21713 
17617 
17621 
21720 
21722 
17628 
21725 
21726 
21727 
17632 
21731 
17639 
21738 
17642 
21742 
17647 
17651 
21749 
21753 
17658 
17661 
21760 
21762 
17666 
17668 
21765 
21767 
21770 
21773 
17679 
21778 
21781 
17687 
21786 
21787 
21788 
21789 
21790 
17694 
17697 
21795 
17702 
17706 
21804 
21808 
17713 
17716 
21815 
17721 
21818 
17724 
21823 
21824 
21825 
17729 
21827 
17733 
21830 
21833 
17740 
21838 
17742 
21842 
17749 
21849 
21851 
17755 
21854 
21855 
21856 
17763 
21860 
21867 
21870 
17777 
21875 
21878 
21883 
21884 
17788 
21885 
21887 
17793 
21890 
21894 
17802 
21901 
17806 
21906 
17813 
17817 
21915 
21919 
17824 
17827 
21926 
17832 
21930 
17835 
17840 
21937 
17842 
17845 
21942 
17849 
21951 
17856 
21953 
17859 
21956 
21958 
17864 
21961 
17867 
21965 
17872 
17874 
21972 
21973 
17877 
21974 
21977 
17881 
21982 
17888 
21985 
17891 
21990 
17896 
21994 
17899 
17904 
22001 
17906 
22003 
17909 
22006 
22008 
17913 
22011 
22012 
22015 
22016 
17920 
22017 
22024 
17933 
22030 
17937 
22035 
22038 
17949 
22046 
17954 
22054 
22058 
17963 
22062 
17967 
22069 
17974 
22072 
17977 
22077 
17982 
22079 
17984 
22082 
17987 
17989 
22086 
17992 
17995 
22093 
22095 
18000 
22098 
18003 
22100 
22103 
22104 
18008 
22105 
18010 
22108 
18013 
18015 
22113 
18018 
22115 
18021 
22118 
22119 
22120 
18026 
22125 
18029 
22126 
22129 
22130 
18034 
22132 
18036 
22135 
18039 
22137 
18041 
22140 
18044 
22142 
18047 
22145 
22147 
18052 
22150 
22151 
18055 
22152 
22153 
22154 
22155 
22156 
18060 
22157 
22158 
18062 
22160 
18065 
22163 
18068 
22165 
22168 
18073 
22171 
18075 
18078 
22176 
22178 
18082 
22181 
22184 
18089 
18092 
22189 
22191 
18097 
22194 
18100 
22197 
18105 
22202 
18107 
22204 
18110 
22207 
18114 
22211 
18121 
22218 
18124 
22223 
18129 
18132 
22232 
18137 
22236 
18140 
18145 
22243 
18148 
22247 
18153 
18155 
22254 
18158 
22256 
18162 
22259 
22261 
22264 
18169 
18171 
22268 
18174 
18178 
22275 
22278 
18185 
22283 
18188 
22286 
18193 
22291 
18196 
22293 
22296 
18201 
22298 
22301 
18205 
22302 
22303 
22304 
22305 
22307 
18212 
22310 
22312 
18216 
22315 
22316 
22317 
22319 
18223 
22322 
18226 
22325 
18231 
22330 
18234 
22332 
22335 
18239 
22338 
18243 
22343 
22345 
18250 
22348 
18253 
22350 
22353 
18258 
22358 
18263 
22367 
18272 
22369 
22372 
18276 
22375 
18283 
22380 
18286 
22383 
18291 
22388 
18295 
22393 
18302 
18305 
22402 
22405 
18310 
22410 
18314 
22413 
18321 
22418 
18325 
22423 
18332 
18335 
22432 
22435 
18340 
22440 
18344 
22443 
18351 
22448 
22451 
18355 
22456 
18362 
22460 
18365 
18370 
22467 
22469 
18374 
22472 
22477 
18381 
18385 
22486 
22488 
18392 
22491 
18395 
22494 
18400 
22499 
18405 
22502 
22507 
18414 
22512 
18419 
22521 
22524 
18428 
18432 
22529 
22531 
22534 
18439 
22538 
18442 
18447 
22545 
18450 
22548 
18455 
22553 
22556 
18460 
22561 
18469 
22566 
18473 
22575 
18480 
22578 
18484 
22583 
22586 
18491 
18494 
22591 
22595 
18499 
18503 
22602 
22605 
18510 
22610 
18514 
22613 
18521 
22618 
18524 
22621 
18529 
22626 
18533 
22630 
18540 
22637 
22639 
18544 
22642 
22644 
22647 
18551 
18554 
22652 
18559 
18564 
22661 
22664 
22669 
18573 
22672 
18578 
22677 
22680 
18587 
22685 
22687 
18591 
22690 
22694 
18598 
18601 
22701 
18606 
22703 
18609 
22706 
18614 
22711 
18618 
22720 
18625 
22723 
18629 
22728 
22731 
18636 
18639 
22736 
22739 
18644 
22744 
18648 
22749 
18655 
18659 
22758 
22761 
18666 
18669 
22766 
22770 
18674 
18678 
22777 
22780 
18685 
22785 
18689 
22788 
18696 
22793 
18699 
22798 
18704 
18709 
22807 
22811 
18718 
22818 
18723 
22821 
22826 
22828 
18732 
22831 
18736 
22833 
22836 
18743 
22841 
18746 
18751 
22850 
18754 
22853 
18759 
22858 
18764 
22861 
22866 
22869 
18773 
18777 
22874 
22879 
18784 
18787 
22888 
18792 
18794 
22891 
18797 
22896 
18801 
22899 
22904 
18808 
22906 
18811 
22909 
18816 
22914 
18818 
18821 
18825 
22923 
22926 
18832 
22931 
18835 
22934 
18840 
18842 
22939 
18845 
22942 
18849 
22947 
22952 
18856 
18859 
18864 
22961 
22964 
18868 
22969 
18875 
22973 
18878 
18883 
22980 
18885 
22983 
18888 
18891 
22988 
22991 
18896 
22996 
18900 
22999 
18907 
23004 
18910 
23007 
18915 
23012 
23016 
18920 
23023 
18929 
23026 
18934 
23031 
23033 
23036 
23038 
18943 
23041 
18947 
23044 
23049 
18954 
23051 
18957 
23054 
23057 
18962 
18965 
23062 
23064 
18970 
23067 
23070 
18975 
23075 
23077 
23080 
18984 
23082 
18987 
23085 
23088 
18992 
18995 
23093 
23096 
19000 
19002 
23101 
19005 
23103 
19009 
23106 
23110 
19016 
19018 
23117 
19021 
23119 
19025 
23122 
23125 
19032 
23130 
19035 
23133 
19040 
23138 
19043 
23141 
19048 
23146 
19051 
14955 
23150 
14959 
19056 
19059 
23157 
14966 
23160 
19064 
19066 
14970 
23165 
19069 
23168 
19073 
14977 
23173 
14982 
23176 
19080 
19082 
23181 
19085 
14991 
23184 
19089 
14996 
23189 
23192 
19096 
19099 
23197 
15005 
19104 
23201 
15010 
19107 
23208 
19112 
23211 
19115 
15019 
23216 
19120 
15024 
23218 
19123 
23221 
23223 
19128 
15033 
23226 
19132 
23229 
15038 
23234 
19139 
23236 
19141 
23239 
15047 
19144 
19148 
15052 
23245 
23248 
19155 
23253 
15061 
19159 
15066 
23259 
19166 
23263 
19169 
23266 
15075 
19174 
23272 
15080 
19177 
23276 
23278 
19182 
23281 
15089 
19186 
23283 
23286 
15094 
23288 
19193 
23291 
19196 
23293 
15103 
23296 
19201 
23298 
19203 
15108 
23301 
19206 
23303 
19209 
23306 
23308 
15117 
19214 
23311 
23313 
19218 
15122 
23316 
23318 
23321 
19225 
23322 
23323 
15131 
23324 
19228 
23325 
23327 
15136 
19233 
23330 
19234 
23331 
19235 
23332 
19237 
23334 
19240 
23337 
15145 
23338 
23339 
19244 
23341 
15150 
23344 
23346 
19251 
23349 
23351 
19255 
15159 
23354 
23356 
15164 
19262 
23359 
19265 
23362 
15173 
19270 
23367 
23369 
15177 
19274 
23372 
23374 
15184 
23377 
19281 
23380 
19284 
15189 
23385 
19289 
23386 
23387 
19293 
15198 
23391 
15203 
19300 
23397 
23398 
23400 
19304 
23403 
15212 
23405 
19311 
23408 
15216 
23410 
19314 
23413 
23414 
23415 
19319 
15223 
23417 
19322 
15227 
23420 
23422 
19327 
23425 
19329 
23426 
15234 
23427 
19332 
23429 
23432 
19336 
23433 
23434 
23436 
15244 
23439 
19343 
23440 
23441 
19345 
23443 
19348 
23446 
15254 
23447 
23448 
19352 
15257 
23450 
23453 
15262 
23455 
19359 
15265 
23458 
19362 
23459 
23460 
23462 
15270 
19367 
23465 
19370 
15274 
23468 
19375 
23473 
15281 
23474 
19378 
23475 
23477 
15286 
19383 
23480 
23481 
23482 
19386 
23484 
23487 
19391 
15295 
23488 
23489 
19393 
15299 
23492 
19396 
19400 
23497 
15306 
23499 
23502 
19407 
15311 
23504 
19409 
23507 
23508 
19412 
23509 
23511 
19416 
15320 
23514 
15324 
23517 
19423 
23522 
19426 
15331 
23525 
19431 
15335 
23530 
19434 
23534 
15342 
19439 
19442 
15347 
23541 
19447 
23544 
19450 
15356 
23549 
19455 
15359 
23552 
19459 
15364 
23557 
23560 
15368 
19466 
19468 
23565 
19471 
15375 
23569 
19475 
15379 
23576 
19482 
15386 
23579 
15389 
19486 
23584 
15394 
23587 
19493 
15399 
23592 
19497 
23596 
19504 
15408 
23603 
19508 
15412 
23606 
23611 
19515 
15419 
23614 
19518 
15425 
23619 
19523 
23622 
19527 
23627 
15436 
19534 
23631 
19537 
15441 
23638 
19542 
23640 
19544 
23643 
19547 
23646 
19550 
15457 
23651 
19555 
23653 
19559 
15463 
23656 
23659 
19566 
23664 
19569 
15474 
23667 
19574 
15478 
23672 
19578 
23676 
15485 
19585 
23683 
15491 
19588 
23686 
19593 
23691 
19596 
23693 
15502 
23696 
19601 
23698 
15507 
23701 
19605 
23702 
23703 
23706 
19612 
15516 
23711 
15520 
23713 
19617 
23716 
23718 
15527 
23721 
23722 
19626 
23723 
23726 
19630 
15537 
23731 
19637 
15541 
23734 
19640 
23739 
15548 
23741 
19645 
15551 
23744 
19648 
23746 
15556 
23749 
19653 
23751 
19655 
23754 
19658 
23756 
19662 
23759 
23761 
23764 
19669 
15574 
23767 
19671 
19674 
23772 
23774 
19678 
15582 
23777 
23779 
19685 
23782 
15590 
19688 
23785 
19693 
15597 
23790 
23792 
19696 
15602 
23795 
19701 
15605 
23798 
19704 
15610 
23803 
15612 
19709 
23806 
15615 
19712 
15617 
23811 
23812 
15620 
23813 
19717 
23815 
19719 
15623 
23818 
19722 
23820 
15628 
19726 
23823 
15632 
23825 
23828 
19733 
23831 
19735 
15639 
19738 
15642 
23836 
23838 
19742 
15647 
23841 
15651 
23844 
19749 
19752 
23849 
15658 
23852 
19757 
15661 
19760 
23857 
23858 
15666 
23859 
23860 
23861 
19765 
23862 
15670 
23863 
19768 
23865 
23868 
19773 
15677 
23871 
19776 
15680 
23876 
19781 
15685 
23878 
19784 
23881 
15689 
23882 
23883 
23885 
19789 
19791 
23888 
15696 
23890 
19794 
15699 
23893 
19798 
23895 
15704 
23898 
23900 
15708 
19805 
23903 
23905 
19809 
15715 
23908 
23910 
15718 
19816 
23913 
15723 
23916 
19820 
15727 
23921 
19827 
23924 
19830 
15734 
23929 
15737 
19835 
23932 
15742 
19839 
23937 
15745 
23939 
23942 
19846 
15750 
23944 
19849 
15754 
23947 
23949 
19854 
23952 
19857 
15761 
23954 
15764 
23957 
19862 
23959 
19864 
15769 
23962 
19867 
23964 
19869 
23967 
19872 
23969 
23972 
19876 
23975 
15783 
19883 
23980 
19885 
23982 
15791 
19888 
23985 
15794 
23987 
19891 
15797 
23990 
23992 
19896 
15802 
23995 
19900 
23997 
15807 
24000 
24002 
19907 
24005 
24006 
24007 
19911 
15816 
24010 
15820 
19918 
24015 
24017 
19921 
15827 
24020 
24022 
19926 
15830 
24025 
24026 
24027 
19931 
15835 
24030 
15841 
24035 
19940 
24037 
24040 
19944 
24042 
15852 
24045 
24046 
24047 
19951 
15857 
24050 
19954 
24055 
19959 
24058 
19962 
15866 
24063 
19967 
15872 
24065 
19969 
24068 
19972 
24070 
19976 
24073 
24075 
15883 
24078 
19983 
24080 
15888 
19985 
24083 
19988 
24085 
24088 
19992 
15897 
24091 
19999 
15903 
24096 
24098 
20002 
24101 
24103 
20007 
24106 
20010 
15914 
24109 
15918 
20015 
24114 
20018 
24116 
15925 
24119 
20023 
24122 
20026 
15930 
24127 
20031 
20033 
24130 
15939 
20036 
15942 
24135 
24136 
20040 
24137 
24139 
15947 
24142 
20047 
15951 
24145 
20049 
20052 
24150 
15958 
24152 
20056 
24155 
24157 
15966 
20063 
24160 
20066 
24163 
15971 
20071 
24168 
15976 
24170 
20074 
15980 
24173 
20079 
24176 
20082 
15987 
24181 
15990 
20087 
24184 
20090 
15995 
24189 
24190 
15998 
24191 
20095 
24192 
24193 
20097 
24194 
24195 
16003 
20100 
24197 
16006 
24200 
20104 
24203 
16011 
20111 
16015 
24208 
20113 
24210 
20116 
24213 
24214 
16022 
24215 
20120 
16024 
24217 
16027 
24220 
24221 
24222 
20127 
16031 
24225 
20130 
24230 
16038 
24231 
20135 
24232 
20138 
16042 
24235 
20143 
24240 
16049 
24242 
20146 
16052 
24245 
24247 
20151 
16057 
24250 
20154 
24252 
16060 
24255 
20159 
24257 
20161 
24260 
20164 
24263 
20168 
16073 
24268 
24271 
20175 
16081 
24276 
20180 
24279 
16088 
24284 
20189 
24286 
16095 
24289 
20193 
24291 
24294 
24296 
20200 
24299 
20204 
16108 
24301 
24304 
24306 
20211 
24309 
24311 
20215 
16121 
24314 
24317 
20222 
16126 
20225 
24322 
24324 
16132 
20230 
24327 
24330 
20234 
24335 
16143 
24337 
20241 
24340 
20244 
16149 
24343 
20249 
24348 
20252 
24350 
16160 
24353 
20257 
24355 
20259 
24358 
20262 
24359 
16167 
24360 
20266 
24363 
24368 
20273 
24370 
20276 
16180 
24373 
24375 
20281 
24378 
16186 
24379 
20283 
24380 
20286 
24383 
20291 
24388 
16197 
24390 
24393 
24395 
20300 
16204 
24398 
24399 
20303 
24400 
24403 
20308 
20311 
24408 
16217 
24411 
20316 
24416 
20320 
16224 
24418 
16226 
24421 
16229 
24423 
20327 
16232 
24426 
20330 
16235 
24428 
24431 
20335 
24433 
20338 
16242 
24436 
16245 
24438 
20343 
24441 
20346 
16250 
24444 
16253 
20351 
24449 
20353 
16258 
24451 
20356 
16261 
24454 
24456 
20360 
16266 
24459 
16269 
24462 
20367 
20369 
16274 
24467 
20372 
24469 
16278 
24472 
20376 
24475 
16285 
20383 
24480 
16289 
20386 
24483 
20391 
24488 
16296 
24489 
24490 
20394 
16298 
24492 
16301 
24495 
20399 
16304 
24498 
20402 
16309 
24503 
20407 
16311 
24505 
20410 
16314 
24508 
16317 
24510 
20415 
24513 
20417 
16322 
24516 
20420 
16325 
20424 
24521 
16330 
24523 
16333 
24526 
20431 
24529 
20433 
16338 
20436 
16341 
24534 
20440 
24537 
16346 
16348 
24542 
24543 
20447 
16351 
24544 
24545 
24546 
20450 
24547 
16355 
24548 
24550 
20455 
24553 
20458 
16362 
24556 
16365 
20463 
24561 
24562 
20466 
16370 
24563 
24564 
24565 
16373 
20471 
24568 
20474 
16378 
16380 
24573 
24574 
24575 
20479 
16383 
)

// ************************************************************************* //
