/*--------------------------------*- C++ -*----------------------------------*\
  =========                 |
  \\      /  F ield         | OpenFOAM: The Open Source CFD Toolbox
   \\    /   O peration     | Website:  https://openfoam.org
    \\  /    A nd           | Version:  10
     \\/     M anipulation  |
\*---------------------------------------------------------------------------*/
FoamFile
{
    format      ascii;
    class       volScalarField;
    location    "2000";
    object      k;
}
// * * * * * * * * * * * * * * * * * * * * * * * * * * * * * * * * * * * * * //

dimensions      [0 2 -2 0 0 0 0];

internalField   nonuniform List<scalar> 
8636
(
2.0324
2.04897
2.00823
1.99164
1.95487
1.91743
1.92204
1.87579
1.8485
1.8496
1.80464
1.77847
1.77466
1.73276
1.70644
2.28477
2.07811
2.03236
2.04895
2.00823
2.05961
2.07127
2.0096
1.99163
1.95487
1.91742
2.00702
1.99414
1.95662
1.92205
1.87579
1.8485
1.92432
1.91817
1.88569
1.84961
1.80465
1.77848
1.84386
1.83825
1.81079
1.77467
1.73277
1.70645
2.24378
2.2848
2.07816
2.03233
2.04894
2.00822
2.0584
2.07121
2.00961
1.99162
1.95487
1.91742
2.00665
1.9941
1.95662
1.92205
1.87579
1.8485
1.92406
1.91816
1.88569
1.84961
1.80465
1.77848
1.84378
1.83826
1.81079
1.77467
1.73278
1.70645
2.24319
2.28479
2.07819
2.03232
2.04893
2.00822
2.0575
2.07115
2.00963
1.99162
1.95487
1.91741
2.00638
1.99406
1.95662
1.92205
1.87579
1.8485
1.9238
1.91814
1.88569
1.84961
1.80465
1.77848
1.84369
1.83826
1.81079
1.77467
1.73278
1.70645
2.24258
2.28476
2.07822
2.03231
2.04894
2.00822
2.05696
2.07107
2.00964
1.99161
1.95488
1.9174
2.00625
1.99402
1.95662
1.92205
1.87578
1.8485
1.92359
1.91811
1.88569
1.84961
1.80464
1.77848
1.84357
1.83826
1.81079
1.77467
1.73277
1.70644
2.24204
2.28472
2.07823
2.03231
2.04895
2.00822
2.05677
2.071
2.00966
1.99161
1.95488
1.9174
2.00627
1.99397
1.95662
1.92204
1.87578
1.84849
1.92342
1.91807
1.88568
1.8496
1.80464
1.77847
1.84346
1.83824
1.81078
1.77466
1.73276
1.70643
2.24161
2.28467
2.07824
2.03231
2.04896
2.00823
2.05692
2.07093
2.00967
1.9916
1.95489
1.91739
2.00644
1.99394
1.95661
1.92203
1.87577
1.84848
1.92334
1.91803
1.88566
1.84959
1.80462
1.77845
1.84334
1.83821
1.81076
1.77463
1.73274
1.70641
2.24133
2.28461
2.07824
2.03232
2.04897
2.00823
2.05738
2.07086
2.00969
1.99159
1.9549
1.91738
2.00677
1.9939
1.9566
1.92201
1.87575
1.84846
1.92331
1.91797
1.88563
1.84956
1.80459
1.77843
1.84323
1.83816
1.81072
1.7746
1.7327
1.70638
2.2412
2.28455
2.07823
2.03233
2.04899
2.00823
2.05812
2.07081
2.0097
1.99158
1.9549
1.91736
2.00724
1.99386
1.95656
1.92198
1.87572
1.84842
1.92341
1.91791
1.88557
1.8495
1.80454
1.77838
1.84316
1.83809
1.81066
1.77453
1.73265
1.70632
2.24124
2.28451
2.07823
2.03235
2.049
2.00823
2.45831
2.05912
2.07077
2.0097
1.99153
1.9549
1.91732
2.00782
1.9938
1.9565
1.92191
1.87565
1.84837
1.92347
1.91781
1.88549
1.84942
1.80446
1.77831
1.84299
1.83797
1.81056
1.77445
1.73256
1.70624
2.24143
2.28447
2.07822
2.03238
2.049
2.00823
2.46447
2.06042
2.07077
2.00971
1.99144
1.95487
1.91726
2.0085
1.9937
1.95638
1.92181
1.87556
1.84829
1.92379
1.91771
1.88537
1.84931
1.80436
1.77822
1.84305
1.83786
1.81044
1.77433
1.73246
1.70615
2.24176
2.28444
2.0782
2.03248
2.04902
2.00823
2.4694
2.06179
2.07076
2.0097
1.99128
1.9548
1.91718
2.00909
1.99354
1.95619
1.92166
1.87543
1.84819
1.92341
1.91756
1.88524
1.84919
1.80425
1.77813
1.84246
1.83774
1.81034
1.77423
1.73237
1.70607
2.24221
2.28441
2.07826
2.03292
2.04913
2.00826
2.45676
2.06408
2.07078
2.00968
1.99117
1.95471
1.91713
1.99343
1.95605
1.92148
1.87532
1.84811
1.91742
1.88511
1.84907
1.80417
1.77807
1.83762
1.81026
1.77416
1.73231
1.70602
2.04922
2.02198
2.07409
2.11327
2.04868
1.99128
2.07973
1.99119
2.01954
2.04896
2.01302
1.9953
1.95897
2.19561
2.3172
2.17358
2.07409
2.17354
2.07406
2.11326
2.04867
2.11323
2.04867
2.07975
1.99127
2.07973
1.99118
2.07809
2.1313
2.04501
2.04871
2.01953
2.02383
1.98736
2.03238
2.01951
2.02384
1.98737
2.01301
1.9953
1.95896
2.04894
2.01299
1.99529
1.95895
2.33959
2.3396
2.19563
2.31717
2.19567
2.31714
2.17351
2.07407
2.17349
2.07405
2.11323
2.04866
2.11322
2.04865
2.07975
1.99127
2.07973
1.99118
2.00895
2.23481
2.1128
2.2439
2.23477
2.08272
2.1127
2.07747
2.12903
2.07506
2.28475
2.07748
2.12902
2.07505
2.1312
2.045
2.0487
2.07814
2.13125
2.04501
2.04872
2.0195
2.02384
1.98737
2.03234
2.01949
2.02385
1.98738
2.01297
1.99529
1.95894
2.04892
2.01296
1.99529
1.95894
2.33961
2.33962
2.19568
2.31712
2.19571
2.31709
2.17346
2.07406
2.17346
2.07406
2.11322
2.04864
2.11321
2.04863
2.07975
1.99127
2.07973
1.99118
2.00828
2.0076
2.23484
2.08227
2.11259
2.24332
2.23477
2.08185
2.11248
2.07749
2.12899
2.07503
2.28475
2.07749
2.12898
2.07502
2.13115
2.04501
2.04871
2.07818
2.13122
2.04502
2.04873
2.0195
2.02385
1.98738
2.03232
2.01949
2.02385
1.98739
2.01295
1.99529
1.95893
2.04892
2.01293
1.99529
1.95893
2.33962
2.33962
2.19572
2.31708
2.19573
2.31707
2.17343
2.07406
2.17344
2.07406
2.11322
2.04863
2.11322
2.04862
2.07975
1.99127
2.07973
1.99118
2.00713
2.00707
2.23483
2.08143
2.11235
2.24272
2.23472
2.08107
2.11223
2.07749
2.12895
2.07501
2.28473
2.07749
2.12893
2.07501
2.13113
2.04502
2.04872
2.0782
2.13121
2.04504
2.04874
2.0195
2.02386
1.9874
2.03231
2.01949
2.02386
1.9874
2.01292
1.9953
1.95892
2.04892
2.01291
1.9953
1.95893
2.33962
2.33962
2.19573
2.31706
2.19573
2.31705
2.17342
2.07407
2.17343
2.07407
2.11322
2.04861
2.11323
2.0486
2.07975
1.99127
2.07973
1.99118
2.00678
2.00731
2.23477
2.08073
2.1121
2.24215
2.23464
2.08045
2.11199
2.07749
2.12889
2.07499
2.28469
2.07748
2.12887
2.07499
2.13112
2.04504
2.04874
2.07822
2.1312
2.04506
2.04876
2.0195
2.02387
1.98741
2.03231
2.0195
2.02387
1.98741
2.01291
1.99531
1.95892
2.04893
2.0129
1.99531
1.95893
2.33961
2.33961
2.19574
2.31704
2.19573
2.31705
2.17341
2.07408
2.17343
2.07408
2.11323
2.0486
2.11323
2.04859
2.07975
1.99127
2.07973
1.99119
2.00717
2.00823
2.23468
2.0802
2.11186
2.24169
2.23454
2.08002
2.11176
2.07749
2.12884
2.07498
2.28464
2.07748
2.12881
2.07498
2.13111
2.04506
2.04875
2.07823
2.13121
2.04508
2.04877
2.01951
2.02387
1.98742
2.03231
2.01951
2.02388
1.98742
2.0129
1.99532
1.95892
2.04894
2.01289
1.99532
1.95893
2.01819
2.33961
2.3396
2.19573
2.31704
2.19572
2.31704
2.17341
2.07409
2.17344
2.07409
2.11324
2.04859
2.11324
2.04858
2.07975
1.99128
2.07972
1.99119
2.00822
2.00973
2.23458
2.07988
2.11165
2.24137
2.23444
2.07981
2.11156
2.07748
2.12878
2.07497
2.28458
2.07747
2.12875
2.07497
2.13112
2.04508
2.04877
2.07823
2.13122
2.0451
2.04879
2.01952
2.02388
1.98743
2.03231
2.01952
2.02389
1.98744
2.01289
1.99533
1.95892
2.04896
2.01289
1.99533
1.95893
2.02002
2.022
2.3396
2.33959
2.19572
2.31704
2.19571
2.31705
2.17342
2.0741
2.17344
2.0741
2.11324
2.04858
2.11324
2.04857
2.07974
1.99128
2.07972
1.9912
2.00982
2.01169
2.23448
2.07978
2.11147
2.24121
2.23434
2.07982
2.11141
2.07747
2.12872
2.07496
2.28453
2.07746
2.1287
2.07496
2.13113
2.0451
2.04879
2.07823
2.13123
2.04511
2.04881
2.01953
2.02389
1.98744
2.03232
2.01953
2.0239
1.98744
2.01289
1.99534
1.95893
2.04897
2.01288
1.99534
1.95894
2.02405
2.02623
2.33959
2.33959
2.1957
2.31704
2.19569
2.31705
2.17343
2.0741
2.17345
2.0741
2.11325
2.04857
2.11324
2.04856
2.07974
1.99128
2.07971
1.9912
2.01186
2.014
2.23438
2.07989
2.11135
2.24121
2.23426
2.08005
2.11133
2.07746
2.12866
2.07495
2.28448
2.07745
2.12865
2.07495
2.13114
2.04512
2.04881
2.07822
2.13124
2.04513
2.04883
2.01954
2.0239
1.98745
2.03234
2.01955
2.02391
1.98745
2.01289
1.99536
1.95893
2.04898
2.01288
1.99536
1.95894
2.02843
2.4566
2.0307
2.33958
2.33958
2.19569
2.31704
2.19567
2.31705
2.17344
2.0741
2.17346
2.0741
2.11324
2.04856
2.11324
2.04855
2.07973
1.99128
2.0797
1.9912
2.0142
2.01662
2.23431
2.08021
2.1113
2.24135
2.23421
2.0805
2.11132
2.07745
2.12863
2.07494
2.28444
2.07744
2.12862
2.07495
2.13116
2.04513
2.04883
2.07821
2.13126
2.04515
2.04886
2.01956
2.0239
1.98745
2.03236
2.01957
2.0239
1.98745
2.01289
1.99537
1.95893
2.04899
2.01289
1.99537
1.95894
2.03298
2.46294
2.03544
2.33958
2.33959
2.19567
2.31705
2.19566
2.31706
2.17344
2.07411
2.17346
2.07411
2.11324
2.04855
2.11322
2.04854
2.07972
1.99128
2.07968
1.9912
2.0169
2.01928
2.23426
2.0808
2.11135
2.24166
2.2342
2.08115
2.11143
2.07745
2.12861
2.07494
2.28441
2.07743
2.12861
2.07495
2.13117
2.04515
2.04885
2.0782
2.13127
2.04516
2.04886
2.01959
2.02389
1.98746
2.03241
2.01962
2.02388
1.98745
2.0129
1.99537
1.95893
2.049
2.01289
1.99536
1.95894
2.03777
2.46842
2.03981
2.33958
2.33959
2.19565
2.31704
2.19566
2.31703
2.17344
2.07412
2.17343
2.07411
2.11322
2.04853
2.11317
2.0485
2.07969
1.99129
2.07962
1.99121
2.0194
2.02197
2.23427
2.08142
2.11151
2.24201
2.23422
2.08191
2.11165
2.07743
2.12859
2.07494
2.28437
2.07743
2.1286
2.07495
2.13118
2.04516
2.04883
2.07823
2.13122
2.04516
2.04882
2.01967
2.02391
1.9875
2.03264
2.01977
2.0239
1.98754
2.0129
1.99536
1.95892
2.04906
2.01291
1.99533
1.95892
2.04238
2.4833
2.04544
2.33958
2.34
2.19567
2.31696
2.19609
2.31709
2.17341
2.07412
2.17362
2.07419
2.11313
2.0485
2.11312
2.04854
2.07964
1.99129
2.07961
1.99121
2.23433
2.08263
2.11187
2.24293
2.23448
2.08338
2.11218
2.0774
2.12862
2.07492
2.28458
2.07752
2.12874
2.07499
2.13107
2.04511
2.04875
2.07861
2.13118
2.04509
2.04879
2.01993
2.02406
1.98773
2.03325
2.02016
2.02408
1.98779
2.01294
1.9953
1.9589
2.04949
2.01302
1.99531
1.95889
2.0992
2.2994
2.05862
1.95108
2.00476
1.96036
1.99846
2.61726
2.61597
2.61999
2.61803
2.59287
2.61607
2.2991
2.47079
2.33267
2.18781
2.33783
2.18764
2.32257
2.3469
2.01787
2.02301
2.01547
2.27203
2.09654
2.27237
2.09735
2.33314
2.18796
2.26968
2.09788
2.29283
2.29284
1.99583
2.00824
1.9958
1.94768
1.94881
2.29283
2.29283
1.99581
1.94768
1.94879
2.00823
1.99578
1.94769
1.94881
2.29283
2.29283
2.13657
2.30415
2.14502
2.28474
2.13653
2.30415
2.14498
1.9958
1.94769
1.94879
2.00822
1.99577
1.94769
1.94881
2.29283
2.29284
2.03306
2.14111
2.00664
2.24362
2.03358
2.14087
2.00638
2.13656
2.30416
2.14503
2.28476
2.13652
2.30416
2.14498
1.99579
1.94769
1.94879
2.00822
1.99576
1.9477
1.94881
2.29284
2.29284
2.03259
2.14085
2.00576
2.24302
2.03313
2.14059
2.00551
2.13655
2.30415
2.14501
2.28474
2.1365
2.30415
2.14496
1.99578
1.94769
1.94879
2.00822
1.99576
1.9477
1.94881
2.29284
2.29284
2.03208
2.14053
2.00494
2.24242
2.03263
2.14026
2.00471
2.13652
2.30414
2.14498
2.28471
2.13648
2.30413
2.14492
1.99578
1.9477
1.94879
2.00822
1.99576
1.9477
1.94881
2.29284
2.29284
2.03161
2.14019
2.00425
2.24191
2.03214
2.13992
2.00407
2.13649
2.30411
2.14493
2.28467
2.13645
2.3041
2.14486
1.99578
1.9477
1.94879
2.00822
1.99576
1.94771
1.94881
2.29284
2.29284
2.03121
2.13987
2.00376
2.24151
2.03172
2.13961
2.00363
2.13645
2.30407
2.14486
2.28461
2.13642
2.30406
2.1448
1.99579
1.9477
1.94879
2.00822
1.99577
1.94771
1.94881
1.95817
1.9609
2.29284
2.29284
2.03091
2.1396
2.0035
2.24127
2.0314
2.13936
2.00343
2.13642
2.30403
2.14479
2.28456
2.13638
2.30402
2.14473
1.99579
1.9477
1.94878
2.00823
1.99577
1.94771
1.9488
1.96816
1.97063
2.29284
2.29284
2.03074
2.13941
2.00347
2.24118
2.03119
2.13919
2.00345
2.13638
2.304
2.14473
2.2845
2.13634
2.30398
2.14466
1.99579
1.9477
1.94878
2.00823
1.99578
1.9477
1.94879
2.453
1.97713
1.97937
2.29284
2.29284
2.0307
2.13931
2.00366
2.24126
2.03112
2.13912
2.0037
2.13635
2.30396
2.14466
2.28446
2.13631
2.30395
2.1446
1.9958
1.9477
1.94877
2.00823
1.99578
1.94769
1.94878
2.45988
1.98512
1.98712
2.29284
2.29284
2.03081
2.1393
2.00407
2.24148
2.03119
2.13914
2.00416
2.13631
2.30393
2.14461
2.28442
2.13627
2.30392
2.14455
1.99581
1.94768
1.94875
2.00823
1.9958
1.94767
1.94875
2.46583
1.99232
1.99415
2.29285
2.29285
2.03094
2.13939
2.0046
2.24183
2.03132
2.13925
2.0047
2.13625
2.3039
2.14454
2.28439
2.13622
2.30388
2.14447
1.99585
1.94766
1.94873
2.00823
1.99586
1.94764
1.94872
2.10011
2.46884
2.10223
1.96507
1.99845
1.96221
2.00003
2.29288
2.29287
2.00523
2.24245
2.0053
2.03143
2.13955
2.0317
2.13944
2.13626
2.30382
2.14449
2.2844
2.13621
2.30383
2.14446
1.99593
1.94766
1.94874
2.00832
1.99597
1.94766
1.94879
2.29284
2.24309
2.13808
2.29077
2.0741
2.14252
2.02155
2.14255
2.02167
2.29072
2.11328
2.32146
2.25819
2.32147
2.25821
2.37225
2.04868
2.19749
2.08498
2.19747
2.08499
2.37224
2.13809
2.24311
2.1381
2.2431
2.05054
1.99875
2.00703
1.99121
2.05058
2.00701
1.99868
2.29284
2.29283
2.13811
2.2431
2.13809
2.24312
2.03738
2.07975
2.25551
1.98587
2.2555
1.98596
2.03735
2.05058
1.99127
1.99868
2.00698
2.00702
2.05053
1.99876
2.19559
2.26829
2.26829
2.31721
2.28666
2.28667
2.27523
2.35703
2.06001
2.17358
2.27531
2.35702
2.05993
2.29071
2.14253
2.02168
2.07408
2.29076
2.14251
2.02157
2.2753
2.17354
2.35698
2.05993
2.357
2.06001
2.27522
2.29076
2.07407
2.1425
2.02156
2.14252
2.02168
2.2907
2.32145
2.25817
2.11325
2.32144
2.25815
2.37222
2.19747
2.08497
2.04868
2.37223
2.19749
2.08495
2.11324
2.32142
2.25812
2.32143
2.25814
2.37221
2.04867
2.19749
2.08493
2.19747
2.08494
2.3722
2.13809
2.24313
2.1381
2.24311
2.03736
2.25551
1.98596
2.07974
2.03738
2.25552
1.98588
2.05054
1.99876
2.00702
1.99121
2.05058
2.007
1.99869
2.29284
2.29283
2.13811
2.24312
2.13809
2.24314
2.03738
2.07975
2.25553
1.98587
2.25552
1.98595
2.03736
2.05058
1.99127
1.99869
2.00697
2.00701
2.05053
1.99877
2.33959
2.3396
2.26828
2.19564
2.26829
2.28664
2.31716
2.28663
2.19566
2.26829
2.26829
2.31714
2.28661
2.28662
2.27521
2.35697
2.06001
2.17351
2.27529
2.35696
2.05993
2.2907
2.14251
2.02169
2.07407
2.29075
2.1425
2.02158
2.27528
2.17348
2.35694
2.05993
2.35695
2.06001
2.2752
2.29074
2.07406
2.14249
2.02157
2.14251
2.02169
2.29069
2.32142
2.25811
2.11322
2.32141
2.25809
2.37218
2.19747
2.08492
2.04866
2.37219
2.19749
2.08491
2.11322
2.32141
2.25807
2.32141
2.25808
2.37218
2.04865
2.19749
2.08488
2.19747
2.08489
2.37216
2.13809
2.24314
2.13811
2.24312
2.03736
2.25553
1.98596
2.07974
2.03738
2.25553
1.98588
2.05054
1.99878
2.00701
1.9912
2.05058
2.00699
1.9987
2.29284
2.29284
2.13811
2.24313
2.13809
2.24315
2.03739
2.07975
2.25554
1.98587
2.25553
1.98595
2.03736
2.05058
1.99127
1.99871
2.00697
2.00701
2.05054
1.99878
2.32895
2.1876
2.18794
2.3287
2.00917
2.09014
2.09044
2.11681
2.2058
2.10057
2.23476
2.11706
2.20563
2.10046
2.03377
2.24405
2.14097
2.00681
2.14119
2.00706
2.03326
2.11703
2.23483
2.20564
2.10045
2.20583
2.10056
2.11677
2.15851
2.3324
2.02627
2.07747
2.15859
2.33239
2.02624
2.13652
2.28479
2.30416
2.14498
2.30416
2.14503
2.13656
2.15858
2.07748
2.33239
2.02624
2.3324
2.02626
2.1585
2.33961
2.33962
2.26829
2.19569
2.26829
2.2866
2.31711
2.28659
2.1957
2.2683
2.26829
2.3171
2.28658
2.28659
2.27519
2.35692
2.06001
2.17347
2.27527
2.35692
2.05993
2.29069
2.14251
2.0217
2.07406
2.29074
2.14249
2.02158
2.27526
2.17344
2.35691
2.05992
2.35691
2.06001
2.27518
2.29073
2.07406
2.14249
2.02158
2.14251
2.0217
2.29068
2.32141
2.25806
2.11321
2.3214
2.25805
2.37214
2.19747
2.08487
2.04865
2.37216
2.19748
2.08486
2.11322
2.3214
2.25804
2.32141
2.25805
2.37214
2.04863
2.19748
2.08484
2.19746
2.08485
2.37213
2.1381
2.24315
2.13811
2.24313
2.03737
2.25554
1.98596
2.07974
2.03739
2.25554
1.98588
2.05054
1.99879
2.00701
1.9912
2.05058
2.00699
1.99872
2.29284
2.29284
2.13811
2.24313
2.13809
2.24316
2.03739
2.07975
2.25554
1.98588
2.25554
1.98596
2.03737
2.05059
1.99127
1.99871
2.00697
2.00701
2.05054
1.99879
2.3283
2.18719
2.32845
2.18686
2.08954
2.00816
2.08929
2.32815
2.18619
2.18648
2.3281
2.0076
2.08858
2.08875
2.11671
2.20583
2.10055
2.23478
2.11699
2.20563
2.10044
2.03336
2.24349
2.14074
2.00594
2.14099
2.0062
2.03283
2.11691
2.23484
2.20559
2.1004
2.20581
2.10053
2.11663
2.15849
2.3324
2.02627
2.07749
2.15857
2.33239
2.02624
2.13651
2.2848
2.30416
2.14497
2.30416
2.14502
2.13655
2.15856
2.07749
2.33239
2.02623
2.3324
2.02626
2.15848
2.33962
2.33962
2.2683
2.19572
2.2683
2.28658
2.31708
2.28657
2.19573
2.26831
2.2683
2.31707
2.28657
2.28657
2.27517
2.3569
2.06001
2.17345
2.27525
2.3569
2.05992
2.29068
2.14251
2.0217
2.07406
2.29073
2.14249
2.02159
2.27524
2.17342
2.35689
2.05992
2.35689
2.06
2.27516
2.29072
2.07407
2.14249
2.02159
2.14251
2.0217
2.29068
2.32141
2.25803
2.11321
2.3214
2.25802
2.37211
2.19745
2.08484
2.04863
2.37212
2.19747
2.08483
2.11322
2.3214
2.25802
2.32141
2.25802
2.37211
2.04862
2.19746
2.08481
2.19745
2.08482
2.3721
2.1381
2.24316
2.13811
2.24314
2.03737
2.25554
1.98596
2.07974
2.0374
2.25554
1.98589
2.05054
1.9988
2.00701
1.9912
2.05058
2.00699
1.99872
2.29284
2.29284
2.13812
2.24314
2.1381
2.24316
2.0374
2.07975
2.25554
1.98588
2.25554
1.98596
2.03737
2.05059
1.99127
1.99872
2.00697
2.00701
2.05054
1.9988
2.32808
2.18584
2.32804
2.18558
2.08811
2.00723
2.08801
2.32811
2.18506
2.18527
2.00685
2.08758
2.08761
2.11654
2.20577
2.10049
2.23475
2.11683
2.20555
2.10037
2.03288
2.24288
2.14043
2.00509
2.14069
2.00533
2.03233
2.11672
2.2348
2.20548
2.10031
2.20571
2.10045
2.11642
2.15847
2.33239
2.02626
2.07749
2.15855
2.33237
2.02624
2.13649
2.28478
2.30414
2.14494
2.30415
2.145
2.13653
2.15854
2.07749
2.33237
2.02623
2.33238
2.02626
2.15846
2.33962
2.33962
2.26831
2.19573
2.26831
2.28657
2.31706
2.28656
2.19574
2.26831
2.26831
2.31705
2.28656
2.28656
2.27515
2.35689
2.06
2.17343
2.27523
2.35689
2.05992
2.29067
2.14251
2.02171
2.07407
2.29072
2.1425
2.02159
2.27523
2.17341
2.35689
2.05991
2.35689
2.06
2.27515
2.29072
2.07407
2.1425
2.02159
2.14252
2.02171
2.29067
2.32141
2.25802
2.11322
2.32141
2.25801
2.37209
2.19744
2.08481
2.04861
2.3721
2.19746
2.0848
2.11323
2.32141
2.25801
2.32141
2.25801
2.37209
2.0486
2.19745
2.08479
2.19744
2.0848
2.37208
2.1381
2.24316
2.13811
2.24314
2.03738
2.25554
1.98596
2.07974
2.0374
2.25554
1.98589
2.05055
1.9988
2.00701
1.9912
2.05059
2.007
1.99873
2.29284
2.29284
2.13812
2.24314
2.1381
2.24316
2.0374
2.07975
2.25554
1.98588
2.25554
1.98596
2.03738
2.05059
1.99127
1.99873
2.00698
2.00701
2.05055
1.99881
2.18479
2.18463
2.08726
2.00709
2.08731
2.18429
2.18441
2.00689
2.08718
2.08705
2.11631
2.20564
2.10039
2.23469
2.11661
2.2054
2.10026
2.03238
2.2423
2.14008
2.00436
2.14036
2.00457
2.03184
2.11648
2.23473
2.20532
2.10019
2.20555
2.10033
2.11618
2.15845
2.33237
2.02626
2.07749
2.15853
2.33235
2.02623
2.13647
2.28474
2.30411
2.14489
2.30412
2.14495
2.1365
2.15852
2.07749
2.33234
2.02623
2.33236
2.02626
2.15844
2.33961
2.33961
2.26831
2.19573
2.26831
2.28656
2.31705
2.28656
2.19573
2.26832
2.26831
2.31704
2.28657
2.28656
2.27514
2.35688
2.06
2.17343
2.27522
2.35689
2.05992
2.29067
2.14252
2.02171
2.07408
2.29072
2.14251
2.0216
2.27521
2.17341
2.35689
2.05991
2.35689
2.06
2.27513
2.29072
2.07408
2.14251
2.02159
2.14252
2.02171
2.29067
2.32141
2.25801
2.11323
2.32141
2.258
2.37207
2.19743
2.08479
2.0486
2.37208
2.19745
2.08479
2.11323
2.32141
2.258
2.32142
2.258
2.37208
2.04859
2.19744
2.08478
2.19742
2.08478
2.37207
2.1381
2.24316
2.13812
2.24314
2.03738
2.25553
1.98597
2.07973
2.0374
2.25553
1.98589
2.05055
1.99881
2.00702
1.99121
2.05059
2.007
1.99874
2.29284
2.29284
2.13812
2.24314
2.1381
2.24316
2.0374
2.07975
2.25553
1.98589
2.25553
1.98597
2.03738
2.0506
1.99127
1.99873
2.00698
2.00702
2.05055
1.99881
2.18412
2.18405
2.087
2.00768
2.08719
2.33005
2.1839
2.18392
2.33049
2.28584
2.28445
2.24768
2.00762
2.08734
1.99506
2.08707
1.99385
2.24855
2.11606
2.20546
2.10027
2.2346
2.11636
2.20523
2.10013
2.03192
2.24181
2.13975
2.00382
2.14002
2.00398
2.0314
2.11623
2.23463
2.20513
2.10006
2.20537
2.1002
2.11593
2.15843
2.33235
2.02626
2.07748
2.15851
2.33233
2.02623
2.13643
2.28469
2.30408
2.14483
2.30409
2.14489
2.13647
2.1585
2.07748
2.33232
2.02623
2.33233
2.02626
2.15842
2.3396
2.3396
2.26831
2.19573
2.26831
2.28656
2.31704
2.28656
2.19572
2.26831
2.26831
2.31704
2.28657
2.28657
2.27513
2.35689
2.06
2.17343
2.27521
2.35689
2.05991
2.29067
2.14253
2.02171
2.07409
2.29072
2.14251
2.0216
2.2752
2.17342
2.35689
2.05991
2.35689
2.05999
2.27512
2.29072
2.07409
2.14251
2.02159
2.14253
2.02171
2.29067
2.32142
2.258
2.11324
2.32142
2.258
2.37206
2.19742
2.08478
2.04859
2.37207
2.19744
2.08478
2.11324
2.32142
2.258
2.32142
2.258
2.37207
2.04858
2.19743
2.08477
2.19741
2.08477
2.37206
2.1381
2.24316
2.13812
2.24314
2.03738
2.25553
1.98597
2.07973
2.0374
2.25552
1.9859
2.05055
1.99881
2.00702
1.99121
2.05059
2.007
1.99874
2.29284
2.29284
2.13812
2.24314
2.1381
2.24316
2.0374
2.07975
2.25552
1.98589
2.25552
1.98597
2.03738
2.0506
1.99128
1.99873
2.00698
2.00702
2.05055
1.99881
2.33139
2.18383
2.3309
2.18386
2.28733
2.28868
2.25032
2.08728
1.99601
2.00891
2.24938
2.08761
1.99726
2.33185
2.1839
2.18383
2.3324
2.29145
2.29013
2.25123
2.00896
2.088
1.99951
2.08761
1.99824
2.25224
2.11581
2.20528
2.10013
2.23449
2.11611
2.20504
2.1
2.03154
2.24145
2.13947
2.0035
2.13972
2.0036
2.03104
2.11599
2.23453
2.20494
2.09992
2.20518
2.10006
2.11569
2.15841
2.33232
2.02626
2.07747
2.15849
2.3323
2.02623
2.1364
2.28464
2.30404
2.14476
2.30405
2.14483
2.13643
2.15848
2.07748
2.33229
2.02622
2.33231
2.02625
2.1584
1.9659
1.96329
2.33959
2.3396
2.26831
2.19572
2.26831
2.28657
2.31704
2.28657
2.19571
2.26831
2.26831
2.31704
2.28657
2.28657
2.27512
2.35689
2.05999
2.17344
2.2752
2.3569
2.05991
2.29067
2.14253
2.02171
2.0741
2.29072
2.14252
2.0216
2.27519
2.17342
2.3569
2.0599
2.3569
2.05999
2.27511
2.29072
2.0741
2.14252
2.02159
2.14254
2.02171
2.29067
2.32142
2.258
2.11324
2.32142
2.258
2.37206
2.1974
2.08477
2.04858
2.37206
2.19743
2.08477
2.11325
2.32142
2.258
2.32142
2.258
2.37207
2.04857
2.19742
2.08477
2.1974
2.08477
2.37206
2.1381
2.24316
2.13812
2.24314
2.03738
2.25552
1.98597
2.07973
2.0374
2.25551
1.9859
2.05056
1.99881
2.00702
1.99121
2.05059
2.00701
1.99874
2.29284
2.29284
2.13812
2.24313
2.1381
2.24316
2.0374
2.07974
2.25551
1.98589
2.25551
1.98597
2.03738
2.0506
1.99128
1.99873
2.00699
2.00702
2.05055
1.99881
2.33351
2.18392
2.33291
2.18404
2.29285
2.29412
2.25427
2.08806
2.00052
2.01065
2.2532
2.0885
2.0018
2.33406
2.18426
2.18409
2.33471
2.29672
2.29548
2.25528
2.01079
2.0891
2.00412
2.08861
2.00282
2.2564
2.11559
2.20509
2.1
2.23439
2.11588
2.20486
2.09986
2.03128
2.24125
2.13926
2.00341
2.13949
2.00345
2.03081
2.11578
2.23443
2.20478
2.0998
2.20501
2.09994
2.1155
2.15839
2.33229
2.02625
2.07747
2.15847
2.33228
2.02622
2.13636
2.28458
2.304
2.14469
2.30402
2.14476
2.1364
2.15846
2.07747
2.33227
2.02622
2.33228
2.02625
2.15838
1.97512
1.97277
2.33959
2.33959
2.2683
2.1957
2.2683
2.28657
2.31705
2.28657
2.1957
2.2683
2.2683
2.31704
2.28657
2.28657
2.27511
2.3569
2.05999
2.17345
2.27519
2.3569
2.0599
2.29067
2.14254
2.02171
2.0741
2.29072
2.14252
2.02159
2.27518
2.17343
2.35691
2.05989
2.3569
2.05998
2.2751
2.29072
2.0741
2.14252
2.02159
2.14254
2.0217
2.29068
2.32142
2.258
2.11324
2.32142
2.258
2.37206
2.19739
2.08477
2.04858
2.37206
2.19742
2.08477
2.11324
2.32141
2.258
2.32142
2.258
2.37207
2.04856
2.19741
2.08477
2.19739
2.08477
2.37206
2.1381
2.24316
2.13811
2.24313
2.03738
2.25551
1.98597
2.07972
2.0374
2.2555
1.9859
2.05056
1.99881
2.00703
1.99122
2.05059
2.00701
1.99874
2.29284
2.29284
2.13812
2.24313
2.1381
2.24315
2.0374
2.07974
2.2555
1.98589
2.2555
1.98597
2.03737
2.0506
1.99128
1.99873
2.00699
2.00703
2.05055
1.99881
2.33598
2.18435
2.3353
2.18455
2.29803
2.29922
2.2586
2.08926
2.00515
2.0128
2.25745
2.08979
2.00645
2.3366
2.18492
2.18468
2.33731
2.30163
2.30048
2.25968
2.013
2.09056
2.00879
2.08998
2.00748
2.26087
2.11542
2.20494
2.09988
2.2343
2.1157
2.20471
2.09975
2.03114
2.2412
2.13914
2.00355
2.13935
2.00353
2.0307
2.11563
2.23434
2.20465
2.0997
2.20487
2.09983
2.11536
2.15837
2.33227
2.02625
2.07746
2.15845
2.33225
2.02622
2.13633
2.28453
2.30397
2.14463
2.30398
2.14469
2.13636
2.15844
2.07746
2.33224
2.02621
2.33226
2.02624
2.15836
2.45487
1.98336
1.98125
2.33958
2.33958
2.26829
2.19568
2.26829
2.28657
2.31705
2.28657
2.19568
2.26829
2.26829
2.31704
2.28657
2.28657
2.2751
2.35691
2.05998
2.17346
2.27517
2.35691
2.05989
2.29068
2.14254
2.0217
2.0741
2.29072
2.14252
2.02159
2.27517
2.17344
2.35692
2.05988
2.35691
2.05997
2.27509
2.29073
2.0741
2.14252
2.02158
2.14254
2.0217
2.29068
2.32142
2.258
2.11324
2.32141
2.258
2.37206
2.19738
2.08477
2.04857
2.37206
2.19741
2.08477
2.11324
2.32141
2.258
2.32141
2.258
2.37207
2.04855
2.1974
2.08476
2.19738
2.08477
2.37206
2.1381
2.24315
2.13811
2.24313
2.03737
2.25549
1.98597
2.07971
2.0374
2.25549
1.98589
2.05055
1.99881
2.00703
1.99121
2.05059
2.00701
1.99873
2.29285
2.29284
2.13811
2.24312
2.13809
2.24315
2.0374
2.07973
2.25549
1.98589
2.25549
1.98597
2.03737
2.0506
1.99128
1.99872
2.00699
2.00703
2.05055
1.99881
2.3387
2.18509
2.33797
2.18535
2.30283
2.30393
2.26315
2.09078
2.0098
2.01523
2.26195
2.09138
2.01108
2.33938
2.18585
2.18555
2.34014
2.30618
2.30511
2.26425
2.0155
2.0923
2.01343
2.09163
2.01212
2.26549
2.11532
2.20482
2.09979
2.23423
2.11558
2.2046
2.09967
2.03114
2.24132
2.13911
2.00391
2.13929
2.00384
2.03074
2.11554
2.23428
2.20457
2.09965
2.20477
2.09976
2.11529
2.15835
2.33224
2.02624
2.07745
2.15843
2.33223
2.02622
2.13629
2.28448
2.30394
2.14457
2.30395
2.14464
2.13633
2.15842
2.07745
2.33222
2.02621
2.33223
2.02624
2.15833
2.46147
1.99072
1.98879
2.33958
2.33958
2.26828
2.19566
2.26828
2.28657
2.31705
2.28657
2.19566
2.26828
2.26827
2.31705
2.28657
2.28657
2.27508
2.35692
2.05996
2.17346
2.27516
2.35692
2.05987
2.29068
2.14254
2.02169
2.07411
2.29072
2.14253
2.02157
2.27515
2.17344
2.35693
2.05984
2.35692
2.05994
2.27507
2.29073
2.07411
2.14253
2.02156
2.14254
2.02168
2.29068
2.32141
2.258
2.11323
2.3214
2.258
2.37207
2.19737
2.08477
2.04856
2.37207
2.1974
2.08477
2.11323
2.3214
2.258
2.32141
2.258
2.37207
2.04854
2.19739
2.08476
2.19737
2.08476
2.37207
2.1381
2.24314
2.13811
2.24312
2.03737
2.25548
1.98597
2.0797
2.03739
2.25548
1.98589
2.05055
1.9988
2.00703
1.99121
2.05059
2.00701
1.99872
2.29285
2.29285
2.13811
2.24311
2.1381
2.24314
2.03739
2.07971
2.25547
1.98589
2.25548
1.98596
2.03737
2.0506
1.99128
1.99872
2.007
2.00703
2.05056
1.9988
2.34159
2.18608
2.34083
2.18641
2.30735
2.30837
2.26785
2.0926
2.01446
2.01803
2.26664
2.09329
2.01575
2.34226
2.187
2.18666
2.34292
2.31039
2.3095
2.26888
2.01821
2.09425
2.01787
2.09359
2.01666
2.26991
2.11528
2.20475
2.09974
2.23419
2.11553
2.20455
2.09964
2.03125
2.24159
2.13918
2.00443
2.13933
2.00432
2.03088
2.11553
2.23425
2.20454
2.09964
2.20473
2.09974
2.11529
2.15831
2.33222
2.02624
2.07744
2.1584
2.3322
2.02622
2.13624
2.28445
2.30391
2.14452
2.30392
2.14458
2.13628
2.15837
2.07744
2.33219
2.02623
2.33221
2.02624
2.15828
2.46723
2.09827
2.0966
1.95836
1.9972
1.99555
1.96106
2.33959
2.33958
2.26826
2.19565
2.26826
2.28656
2.31705
2.28656
2.19564
2.26822
2.26823
2.31703
2.28653
2.28654
2.27505
2.35693
2.05991
2.17345
2.27513
2.35693
2.0598
2.29068
2.14255
2.02167
2.07412
2.29073
2.14254
2.02155
2.2751
2.17343
2.35693
2.05973
2.35693
2.05986
2.27502
2.29073
2.07412
2.14257
2.02152
2.14258
2.02164
2.2907
2.3214
2.258
2.1132
2.32139
2.25799
2.37207
2.19737
2.08475
2.04853
2.37207
2.1974
2.08475
2.11319
2.32138
2.25794
2.32139
2.25797
2.37207
2.04851
2.1974
2.08472
2.19737
2.08473
2.37208
2.1381
2.24314
2.13811
2.24311
2.03737
2.25546
1.98596
2.07966
2.03739
2.25546
1.98589
2.05057
1.99879
2.00704
1.99122
2.0506
2.00702
1.99872
2.29286
2.29286
2.13812
2.24311
2.13811
2.24313
2.03739
2.07967
2.25545
1.9859
2.25545
1.98596
2.03737
2.05061
1.99129
1.99871
2.00703
2.00705
2.05058
1.99879
2.34399
2.18725
2.34352
2.18759
2.31124
2.31203
2.27162
2.09449
2.01866
2.02048
2.27078
2.09514
2.01973
2.18794
2.34227
2.34392
2.18774
2.30665
2.31013
2.02029
2.09615
2.27354
2.27253
2.0208
2.0954
2.02026
2.11526
2.20472
2.09974
2.23421
2.11553
2.20453
2.09966
2.00502
2.03144
2.24193
2.13934
2.13948
2.00491
2.03112
2.11547
2.23428
2.20448
2.09969
2.2047
2.09976
2.11517
2.1582
2.33218
2.02625
2.07743
2.15833
2.33216
2.02626
2.13619
2.28442
2.30385
2.14444
2.30386
2.14449
2.13623
2.15825
2.07741
2.3321
2.02637
2.33213
2.02629
2.15808
2.45845
2.11753
2.10634
2.00382
1.96785
1.96662
2.00093
2.33967
2.33977
2.26817
2.19577
2.2682
2.28649
2.31697
2.2865
2.19587
2.2684
2.26824
2.31697
2.2867
2.28654
2.27497
2.35692
2.05977
2.17342
2.27506
2.35693
2.05965
2.29072
2.14262
2.02162
2.07411
2.29075
2.14263
2.02151
2.27501
2.17349
2.35703
2.05966
2.35696
2.05974
2.27494
2.2908
2.07416
2.14273
2.02152
2.14271
2.02162
2.29082
2.32138
2.25789
2.1131
2.32138
2.25785
2.37209
2.19737
2.08471
2.0485
2.37207
2.19743
2.08469
2.11309
2.32143
2.2579
2.3214
2.25785
2.37212
2.04852
2.19748
2.08472
2.19742
2.08471
2.37218
2.13813
2.24313
2.13813
2.24311
2.03739
2.25543
1.98598
2.07959
2.0374
2.25543
1.98593
2.0506
1.99878
2.00707
1.99122
2.05062
2.00705
1.9987
2.2929
2.29292
2.13815
2.24311
2.13814
2.24313
2.03742
2.07964
2.25546
1.98597
2.25544
1.98601
2.03741
2.05064
1.99129
1.99868
2.00705
2.00708
2.05061
1.99876
2.11511
2.20466
2.09983
2.23431
2.11539
2.20446
2.0998
2.2427
2.00544
2.00539
2.03197
2.13959
2.13968
2.03172
2.11536
2.23444
2.20448
2.0999
2.20463
2.09994
2.11514
2.15802
2.33205
2.02648
2.07745
2.15817
2.33202
2.02661
2.13627
2.2845
2.30395
2.14458
2.30387
2.14456
2.13636
2.15821
2.07746
2.33211
2.0268
2.33204
2.02674
2.15819
2.01584
2.07286
2.01847
2.04895
2.01586
2.07287
2.01848
2.05546
2.11024
2.04059
2.07812
2.05544
2.11028
2.04059
2.01581
2.07281
2.01846
2.04893
2.01583
2.07283
2.01847
2.07179
2.03683
2.03652
2.05901
2.07163
2.0362
2.03631
2.02831
2.04488
2.00122
2.07126
2.02832
2.04481
2.00123
2.05546
2.11024
2.04062
2.07816
2.05543
2.11028
2.04062
2.01579
2.07278
2.01845
2.04892
2.0158
2.07279
2.01846
2.07143
2.03562
2.03615
2.05795
2.07127
2.03522
2.03595
2.0283
2.04481
2.00122
2.0712
2.02831
2.04473
2.00122
2.05547
2.11026
2.04065
2.07819
2.05544
2.1103
2.04064
2.01578
2.07276
2.01846
2.04892
2.01579
2.07278
2.01847
2.07108
2.03487
2.03581
2.05723
2.07094
2.0347
2.03564
2.02829
2.04473
2.00122
2.07113
2.0283
2.04465
2.00122
2.05549
2.11027
2.04067
2.07821
2.05546
2.11031
2.04066
2.01577
2.07275
2.01846
2.04893
2.01578
2.07277
2.01848
2.07077
2.03458
2.03552
2.05686
2.07066
2.03462
2.03537
2.02828
2.04464
2.00121
2.07106
2.02829
2.04456
2.0012
2.05551
2.11029
2.04069
2.07823
2.05547
2.11033
2.04068
2.01578
2.07274
2.01847
2.04894
2.01578
2.07276
2.01849
2.07051
2.03472
2.0353
2.05685
2.07043
2.03497
2.0352
2.02827
2.04456
2.00119
2.07098
2.02827
2.04448
2.00119
2.05552
2.1103
2.0407
2.07823
2.05549
2.11034
2.04069
2.01578
2.07274
2.01849
2.04895
2.01579
2.07277
2.0185
2.07032
2.03526
2.03515
2.05715
2.07027
2.03568
2.03508
2.02825
2.04448
2.00117
2.07091
2.02826
2.0444
2.00117
2.05554
2.11031
2.04071
2.07823
2.05551
2.11035
2.0407
2.01579
2.07275
2.0185
2.04896
2.0158
2.07277
2.01851
2.07021
2.03615
2.0351
2.05776
2.0702
2.03675
2.03509
2.02824
2.04441
2.00115
2.07085
2.02825
2.04434
2.00115
2.05555
2.11032
2.04071
2.07823
2.05552
2.11035
2.0407
2.0158
2.07276
2.01851
2.04898
2.01581
2.07278
2.01852
2.07018
2.03735
2.03513
2.05863
2.07021
2.03807
2.03515
2.02822
2.04436
2.00113
2.07081
2.02824
2.04429
2.00112
2.05556
2.11032
2.04071
2.07822
2.05553
2.11035
2.0407
2.01581
2.07277
2.01852
2.04898
2.01582
2.07279
2.01853
2.07023
2.03884
2.03527
2.0598
2.07033
2.03969
2.03535
2.02821
2.04432
2.00111
2.07079
2.02822
2.04426
2.00109
2.05555
2.11031
2.04071
2.07821
2.05553
2.11035
2.0407
2.01581
2.07277
2.01852
2.04899
2.01582
2.0728
2.01853
2.07039
2.04049
2.03544
2.0611
2.07049
2.04135
2.03548
2.02819
2.04429
2.00108
2.07079
2.0282
2.04419
2.00105
2.05552
2.1103
2.04069
2.0782
2.05551
2.11035
2.04069
2.01578
2.07277
2.01851
2.04901
2.01582
2.07279
2.01851
2.07054
2.04255
2.03578
2.06277
2.07067
2.04376
2.03594
2.02816
2.04423
2.00106
2.07079
2.02814
2.0441
2.001
2.0556
2.11031
2.04089
2.07836
2.05557
2.11042
2.041
2.01573
2.0727
2.01859
2.04921
2.01579
2.07271
2.01862
2.07093
2.0281
2.04422
2.00106
2.07085
2.02809
2.04424
2.00102
2.01588
2.04899
2.0729
2.01848
2.07289
2.01848
2.01586
2.05544
2.07808
2.11028
2.04057
2.11024
2.04057
2.05547
2.06813
2.13123
2.12008
2.06417
2.12004
2.06415
2.06813
2.01584
2.04896
2.07285
2.01847
2.07284
2.01846
2.01582
2.06811
2.12002
2.06413
2.13127
2.06811
2.12006
2.06415
2.05543
2.07813
2.11028
2.0406
2.11024
2.0406
2.05546
2.06809
2.13117
2.12004
2.06414
2.12
2.06412
2.0681
2.01581
2.04894
2.07281
2.01846
2.0728
2.01846
2.01579
2.06809
2.11999
2.06411
2.13123
2.06809
2.12003
2.06412
2.05543
2.07818
2.11029
2.04063
2.11025
2.04063
2.05547
2.06808
2.13114
2.12003
2.06412
2.11998
2.0641
2.06809
2.01579
2.04894
2.07278
2.01846
2.07277
2.01845
2.01578
2.06809
2.11998
2.06409
2.13121
2.06808
2.12002
2.06411
2.05545
2.07821
2.11031
2.04065
2.11026
2.04066
2.05548
2.06808
2.13112
2.12002
2.06411
2.11997
2.06409
2.0681
2.01578
2.04894
2.07277
2.01847
2.07275
2.01846
2.01577
2.0681
2.11998
2.06409
2.1312
2.06809
2.12003
2.06411
2.05546
2.07822
2.11032
2.04067
2.11028
2.04068
2.0555
2.06809
2.13111
2.12003
2.06412
2.11998
2.06409
2.06811
2.01578
2.04895
2.07277
2.01848
2.07274
2.01847
2.01577
2.06811
2.11998
2.06409
2.1312
2.0681
2.12003
2.06412
2.05548
2.07823
2.11034
2.04068
2.11029
2.04069
2.05551
2.06811
2.13112
2.12004
2.06413
2.11999
2.0641
2.06812
2.01579
2.04896
2.07277
2.01849
2.07274
2.01848
2.01577
2.06813
2.12
2.0641
2.13121
2.06812
2.12005
2.06413
2.0555
2.07824
2.11035
2.04069
2.11031
2.0407
2.05553
2.06813
2.13112
2.12005
2.06414
2.12
2.06411
2.06814
2.01579
2.04897
2.07277
2.0185
2.07275
2.01849
2.01578
2.06815
2.12001
2.06412
2.13122
2.06814
2.12006
2.06414
2.05551
2.07823
2.11035
2.0407
2.11031
2.04071
2.05554
2.06814
2.13114
2.12007
2.06415
2.12001
2.06412
2.06816
2.0158
2.04898
2.07278
2.01851
2.07275
2.01851
2.01579
2.06816
2.12002
2.06413
2.13124
2.06815
2.12007
2.06416
2.05552
2.07823
2.11036
2.0407
2.11032
2.04071
2.05555
2.06816
2.13115
2.12008
2.06417
2.12002
2.06414
2.06818
2.01581
2.04899
2.07279
2.01852
2.07276
2.01852
2.0158
2.06817
2.12003
2.06414
2.13125
2.06817
2.12008
2.06417
2.05553
2.07822
2.11035
2.0407
2.11032
2.04071
2.05556
2.06817
2.13116
2.12009
2.06418
2.12003
2.06415
2.06818
2.01582
2.049
2.07279
2.01852
2.07277
2.01852
2.0158
2.06817
2.12004
2.06415
2.13126
2.06817
2.12009
2.06417
2.05552
2.07821
2.11035
2.04069
2.11031
2.0407
2.05554
2.06816
2.13118
2.12009
2.06417
2.12003
2.06415
2.06817
2.01582
2.04901
2.0728
2.01851
2.07278
2.01852
2.0158
2.06813
2.12003
2.06414
2.13126
2.06815
2.12009
2.06414
2.0555
2.0782
2.11037
2.04077
2.11029
2.04072
2.05552
2.06812
2.13115
2.12009
2.0641
2.12001
2.06412
2.06808
2.0158
2.04904
2.07276
2.01853
2.07275
2.01853
2.01575
2.06812
2.12001
2.0641
2.13114
2.06813
2.12012
2.06404
2.05572
2.07847
2.11056
2.04132
2.11043
2.04122
2.05578
2.06826
2.13104
2.12023
2.06415
2.1201
2.06412
2.06833
2.0158
2.04936
2.07273
2.01883
2.07268
2.01874
2.01579
2.00962
2.00788
1.98989
1.9802
1.92709
1.92666
1.90284
1.95487
1.9271
1.92671
1.90281
2.00785
1.98993
1.98025
2.00962
2.00787
1.9899
1.9802
1.92708
1.92666
1.90284
1.95487
1.9271
1.92672
1.90281
2.00785
1.98995
1.98025
2.00963
2.00788
1.98992
1.9802
1.92708
1.92667
1.90284
1.95487
1.92709
1.92672
1.90281
2.00785
1.98996
1.98025
2.00965
2.00789
1.98993
1.98021
1.92708
1.92667
1.90284
1.95487
1.92709
1.92673
1.90281
2.00786
1.98997
1.98025
2.00967
2.0079
1.98994
1.98021
1.92708
1.92668
1.90284
1.95488
1.9271
1.92673
1.90281
2.00788
1.98998
1.98026
2.00968
2.00791
1.98995
1.98021
1.92708
1.92668
1.90284
1.95489
1.9271
1.92673
1.90281
2.00789
1.98999
1.98026
2.0097
2.00792
1.98996
1.98022
1.92709
1.92668
1.90284
1.95489
1.9271
1.92673
1.90281
2.0079
1.98999
1.98026
2.00971
2.00793
1.98995
1.98021
1.92709
1.92668
1.90283
1.9549
1.9271
1.92672
1.9028
2.00791
1.98999
1.98026
2.00972
2.00794
1.98994
1.9802
1.92709
1.92667
1.90282
1.9549
1.92711
1.9267
1.90279
2.00792
1.98997
1.98024
2.00973
2.00794
1.98991
1.98017
1.92708
1.92664
1.9028
1.95489
1.9271
1.92665
1.90276
2.0079
1.98993
1.9802
2.00973
2.00793
1.98984
1.98011
1.92707
1.92657
1.90277
1.95484
1.92708
1.92654
1.9027
2.00787
1.98986
1.98014
2.00971
2.00787
1.98974
1.98001
1.92704
1.92645
1.90271
1.95474
1.92703
1.92638
1.90263
2.00779
1.98982
1.98009
2.00964
2.00773
1.98977
1.98
1.92699
1.92633
1.90265
1.95465
1.92697
1.92633
1.90262
2.29831
2.56523
0.74933
2.22937
2.40162
0.708095
2.29831
2.56521
0.749329
2.22891
2.40133
0.708013
2.29829
2.56517
0.749323
2.22844
2.401
0.707912
2.29826
2.56513
0.749315
2.22801
2.40067
0.707809
2.29822
2.5651
0.749305
2.22766
2.40039
0.707716
2.29818
2.56506
0.749295
2.22743
2.40016
0.707641
2.29814
2.56503
0.749285
2.22732
2.40002
0.70759
2.29809
2.565
0.749274
2.22734
2.39997
0.707564
2.29806
2.56496
0.749263
2.28713
2.4555
0.705996
2.22747
2.40001
0.707542
2.29801
2.56492
0.749248
2.29227
2.4614
0.707801
2.22771
2.40007
0.707499
2.29795
2.56484
0.749222
2.2959
2.46493
0.708339
2.22751
2.3995
0.707289
2.29776
2.56466
0.749222
2.81409
0.687087
2.26772
2.5522
0.743671
2.2477
2.49587
0.728774
2.39481
2.65622
0.778175
2.39481
2.65621
0.778172
2.26774
2.55221
0.743673
2.24767
2.49583
0.728764
2.26776
2.55222
0.743678
2.24765
2.49582
0.728758
2.39482
2.65621
0.778172
2.39482
2.65619
0.778169
2.26777
2.55222
0.74368
2.24763
2.49578
0.728749
2.26779
2.55222
0.743682
2.24761
2.49578
0.728745
2.39481
2.65619
0.778169
2.39481
2.65618
0.778166
2.26779
2.55222
0.743683
2.24759
2.49574
0.728736
2.26779
2.55221
0.743683
2.24758
2.49574
0.728735
2.39481
2.65617
0.778165
2.3948
2.65616
0.778162
2.26779
2.55221
0.743683
2.24757
2.4957
0.728727
2.26779
2.5522
0.743682
2.24756
2.49572
0.728727
2.3948
2.65616
0.778162
2.39479
2.65615
0.778159
2.26778
2.55219
0.743681
2.24755
2.49568
0.72872
2.26777
2.55218
0.743679
2.24755
2.4957
0.728722
2.39479
2.65614
0.778159
2.39479
2.65613
0.778156
2.26777
2.55218
0.743678
2.24754
2.49566
0.728715
2.26776
2.55217
0.743676
2.24754
2.49568
0.728719
2.39478
2.65613
0.778156
2.39478
2.65612
0.778154
2.26776
2.55216
0.743674
2.24753
2.49565
0.728712
2.26774
2.55215
0.743671
2.24754
2.49567
0.728716
2.39478
2.65612
0.778153
2.39478
2.65612
0.778151
2.26774
2.55214
0.74367
2.24752
2.49564
0.72871
2.26772
2.55213
0.743666
2.24753
2.49566
0.728714
2.39477
2.65612
0.77815
2.39477
2.65611
0.778148
2.26772
2.55212
0.743664
2.24752
2.49563
0.728708
2.2677
2.55211
0.74366
2.24752
2.49565
0.728711
2.39477
2.65611
0.778145
2.39477
2.6561
0.778143
2.2677
2.5521
0.743658
2.2475
2.49561
0.728705
2.26767
2.55208
0.743653
2.2475
2.49563
0.728707
2.39476
2.65609
0.778138
2.39474
2.65606
0.778144
2.26766
2.55206
0.74365
2.24746
2.49558
0.728697
2.26761
2.55202
0.743642
2.24737
2.49553
0.728684
2.39471
2.65603
0.778135
2.3948
2.65601
0.778159
2.26755
2.55198
0.743635
2.24722
2.49541
0.728663
2.26752
2.55192
0.743629
2.24673
2.49504
0.728609
1.3763
2.51596
2.73446
0.775118
2.51696
2.73189
0.77411
2.91414
0.919347
1.51666
2.25059
2.37827
0.696913
2.30695
2.52981
0.738831
2.30695
2.52981
0.738831
2.30695
2.52981
0.738831
2.30766
2.57736
0.755571
2.29829
2.5652
0.749328
2.30768
2.57735
0.755584
2.30695
2.52981
0.738831
2.1703
2.41212
0.707116
2.22924
2.40155
0.708068
2.17018
2.41209
0.707052
2.30767
2.57734
0.755569
2.29828
2.56517
0.749325
2.30767
2.57733
0.755582
2.30695
2.52981
0.738831
2.17017
2.41207
0.707114
2.22877
2.40125
0.707979
2.17003
2.41203
0.707044
2.30765
2.57731
0.755564
2.29826
2.56514
0.749318
2.30766
2.5773
0.755577
2.30695
2.52981
0.73883
2.16997
2.41198
0.707092
2.2283
2.40091
0.707877
2.16983
2.41192
0.707019
2.30763
2.57728
0.755558
2.29823
2.5651
0.749309
2.30763
2.57727
0.75557
2.30695
2.52981
0.738829
2.16976
2.41185
0.707059
2.22789
2.40059
0.707775
2.16961
2.41179
0.706983
2.30759
2.57725
0.755551
2.29819
2.56507
0.749299
2.3076
2.57724
0.755562
2.30695
2.52981
0.738828
2.16955
2.41172
0.70702
2.22757
2.40032
0.707686
2.1694
2.41167
0.706944
2.30756
2.57721
0.755543
2.29814
2.56503
0.749289
2.30756
2.57721
0.755555
2.30695
2.5298
0.738827
2.16936
2.41161
0.706982
2.22737
2.40012
0.707616
2.16923
2.41155
0.706907
2.30753
2.57718
0.755535
2.2981
2.565
0.749279
2.30753
2.57718
0.755547
2.30695
2.5298
0.738826
2.16923
2.41151
0.706949
2.22729
2.4
0.707571
2.16911
2.41147
0.706875
2.3075
2.57716
0.755528
2.29806
2.56497
0.749268
2.3075
2.57715
0.755539
2.28289
2.45075
0.704515
2.30695
2.5298
0.738825
2.16915
2.41145
0.706925
2.22734
2.39997
0.707552
2.16904
2.41141
0.706854
2.30746
2.57713
0.755519
2.29802
2.56493
0.749257
2.30747
2.57712
0.755531
2.30695
2.5298
0.738823
2.16911
2.41142
0.706891
2.2275
2.40004
0.707513
2.16902
2.41138
0.706811
2.30743
2.5771
0.755507
2.29798
2.56489
0.74924
2.30743
2.57709
0.755518
2.29345
2.46282
0.708138
2.30695
2.52979
0.738821
2.16914
2.41137
0.706868
2.22775
2.39999
0.707537
2.16906
2.41129
0.706838
2.30737
2.57703
0.755487
2.2979
2.56478
0.749215
2.30736
2.57701
0.755507
2.30695
2.52979
0.738819
2.2274
2.39952
0.707023
2.16909
2.41117
0.706963
2.16895
2.41115
0.706839
2.30717
2.57686
0.755487
2.29768
2.56462
0.749217
2.30713
2.57681
0.755499
2.31258
2.54595
0.75065
2.25711
2.56391
0.756988
2.19011
2.44344
0.712906
2.30696
2.52982
0.738833
2.19012
2.44344
0.712919
2.26771
2.55219
0.743668
2.27391
2.52805
0.735859
2.2477
2.49585
0.728773
2.28344
2.54725
0.748237
2.28321
2.54705
0.74991
2.25709
2.5639
0.756975
2.25705
2.56387
0.756973
2.19011
2.44344
0.712906
2.30696
2.52982
0.738833
2.19012
2.44344
0.712919
2.39481
2.65622
0.778173
2.39482
2.65622
0.778173
2.2739
2.52805
0.735843
2.26775
2.55221
0.743675
2.28342
2.54724
0.748209
2.24767
2.49585
0.728766
2.26776
2.55221
0.743676
2.2739
2.52803
0.735852
2.24765
2.4958
0.728756
2.2834
2.5472
0.748219
2.28324
2.54705
0.749945
2.2832
2.54705
0.749908
2.31254
2.54591
0.750635
2.25704
2.56386
0.756961
2.31252
2.54589
0.750626
2.25701
2.56383
0.756962
2.19011
2.44344
0.712905
2.30696
2.52982
0.738834
2.19012
2.44344
0.712918
2.25744
2.39537
0.701209
2.39482
2.6562
0.77817
2.39482
2.6562
0.778171
2.2739
2.52802
0.735836
2.26778
2.55222
0.743681
2.28338
2.54719
0.748192
2.24763
2.4958
0.728751
2.26778
2.55222
0.743681
2.2739
2.52801
0.735847
2.2476
2.49576
0.728742
2.28337
2.54716
0.748206
2.28323
2.54704
0.749943
2.28322
2.54704
0.749942
2.257
2.56383
0.756951
2.25699
2.56381
0.756953
2.19011
2.44344
0.712905
2.30696
2.52982
0.738833
2.19012
2.44344
0.712918
2.25687
2.39492
0.701023
2.39481
2.65618
0.778167
2.39481
2.65618
0.778167
2.27389
2.528
0.735832
2.26779
2.55222
0.743683
2.28336
2.54715
0.74818
2.2476
2.49576
0.72874
2.26779
2.55221
0.743683
2.27389
2.52799
0.735843
2.24757
2.49572
0.728731
2.28335
2.54713
0.748196
2.28321
2.54703
0.749939
2.28316
2.54702
0.749899
2.25698
2.5638
0.756943
2.25697
2.56379
0.756947
2.19012
2.44344
0.712905
2.30696
2.52982
0.738833
2.19012
2.44344
0.712918
2.25657
2.39452
0.700841
2.39481
2.65617
0.778163
2.39481
2.65616
0.778164
2.27389
2.52799
0.735828
2.26779
2.55221
0.743683
2.28334
2.54712
0.748171
2.24757
2.49573
0.728731
2.26779
2.5522
0.743682
2.27389
2.52798
0.73584
2.24755
2.49569
0.728723
2.28334
2.5471
0.74819
2.28315
2.54701
0.749898
2.28319
2.54701
0.749934
2.28318
2.54701
0.749933
2.28314
2.547
0.749895
2.25697
2.56379
0.756937
2.25696
2.56378
0.756943
2.19012
2.44344
0.712906
2.30696
2.52982
0.738833
2.19012
2.44344
0.712919
2.3948
2.65615
0.77816
2.3948
2.65615
0.77816
2.27388
2.52797
0.735825
2.26778
2.55219
0.743681
2.28333
2.5471
0.748166
2.24756
2.49571
0.728724
2.26778
2.55219
0.74368
2.27388
2.52796
0.735837
2.24754
2.49567
0.728718
2.28333
2.54709
0.748186
2.28317
2.54699
0.749928
2.25696
2.56377
0.756933
2.3125
2.54584
0.750612
2.25696
2.56377
0.75694
2.19012
2.44344
0.712906
2.30696
2.52982
0.738832
2.19013
2.44344
0.712919
2.39479
2.65614
0.778157
2.39479
2.65614
0.778157
2.27388
2.52796
0.735823
2.26777
2.55218
0.743677
2.28332
2.54708
0.748162
2.24755
2.49569
0.72872
2.26776
2.55217
0.743676
2.27387
2.52795
0.735835
2.24753
2.49565
0.728714
2.28333
2.54708
0.748184
2.28312
2.54698
0.74989
2.28316
2.54698
0.749926
2.25695
2.56376
0.756931
2.3125
2.54583
0.750612
2.25696
2.56376
0.756938
2.19012
2.44344
0.712907
2.30695
2.52982
0.738831
2.19013
2.44344
0.71292
2.25854
2.39566
0.701102
2.17464
2.34259
0.680414
2.17803
2.34607
0.681574
2.39478
2.65613
0.778154
2.39478
2.65613
0.778155
2.27387
2.52795
0.73582
2.26775
2.55216
0.743673
2.28332
2.54707
0.74816
2.24754
2.49568
0.728717
2.26775
2.55215
0.743672
2.27386
2.52794
0.735832
2.24752
2.49564
0.728711
2.28332
2.54707
0.748183
2.3125
2.54583
0.750614
2.25695
2.56376
0.756929
2.3125
2.54582
0.750611
2.25695
2.56375
0.756937
2.19012
2.44344
0.712907
2.30695
2.52981
0.73883
2.19013
2.44344
0.71292
2.26035
2.39688
0.701465
2.18231
2.35057
0.682995
2.39478
2.65612
0.778152
2.39478
2.65612
0.778152
2.27386
2.52794
0.735817
2.26773
2.55214
0.743669
2.28331
2.54707
0.748159
2.24753
2.49567
0.728715
2.26773
2.55213
0.743667
2.27385
2.52793
0.735828
2.24752
2.49563
0.728709
2.28332
2.54706
0.748182
2.28308
2.54694
0.749879
2.25695
2.56375
0.756928
2.25695
2.56375
0.756935
2.19012
2.44344
0.712907
2.30695
2.52981
0.738828
2.19012
2.44344
0.71292
2.18331
2.35166
0.683288
2.26212
2.39817
0.701851
2.18634
2.35492
0.684342
2.39477
2.65611
0.778149
2.39477
2.65611
0.778148
2.27384
2.52792
0.735813
2.26771
2.55212
0.743663
2.28331
2.54706
0.748158
2.24753
2.49566
0.728713
2.26771
2.55211
0.743661
2.27383
2.52791
0.735824
2.24751
2.49562
0.728706
2.28331
2.54705
0.748181
2.2831
2.54693
0.749913
2.28306
2.54692
0.749876
2.31249
2.54581
0.750614
2.25695
2.56375
0.756926
2.31248
2.54581
0.750611
2.25695
2.56374
0.756934
2.19012
2.44344
0.712907
2.30695
2.52981
0.738827
2.19012
2.44344
0.71292
2.26359
2.39931
0.702196
2.18728
2.35596
0.684624
2.26409
2.39966
0.702309
2.39477
2.65611
0.778145
2.39477
2.6561
0.778142
2.27382
2.52791
0.735808
2.26769
2.5521
0.743656
2.2833
2.54705
0.748156
2.24751
2.49564
0.728709
2.26768
2.55208
0.743654
2.27381
2.52789
0.735819
2.24749
2.4956
0.728702
2.28329
2.54703
0.748179
2.28309
2.54692
0.74991
2.28308
2.5469
0.749907
2.25694
2.56374
0.756924
2.25693
2.56372
0.756931
2.19011
2.44344
0.712906
2.30695
2.5298
0.738825
2.19012
2.44344
0.712918
2.26566
2.40088
0.702645
2.19103
2.36013
0.68585
2.39476
2.65608
0.778141
2.39475
2.65607
0.778135
2.27378
2.52788
0.735798
2.26765
2.55205
0.743648
2.28326
2.54702
0.74815
2.24746
2.4956
0.728701
2.26762
2.55203
0.743644
2.27368
2.5278
0.735801
2.2474
2.49553
0.728686
2.28318
2.54695
0.74816
2.28306
2.54689
0.749902
2.28297
2.54685
0.749857
2.25691
2.56371
0.756916
2.2568
2.56363
0.756912
2.19011
2.44344
0.712905
2.30696
2.5298
0.738822
2.19012
2.44344
0.712915
2.26646
2.39992
0.702532
2.39474
2.65602
0.778145
2.39473
2.65601
0.778143
2.27357
2.52773
0.735769
2.26755
2.55197
0.743631
2.28305
2.54687
0.748118
2.24711
2.49535
0.728651
2.26749
2.55192
0.743627
2.27325
2.5274
0.735753
2.24687
2.49517
0.728626
2.28266
2.54647
0.748109
2.28284
2.54672
0.749867
2.31239
2.54573
0.750597
2.25669
2.56356
0.756889
2.31226
2.5456
0.750585
2.25629
2.56318
0.756849
2.19012
2.44344
0.712909
2.30696
2.5298
0.738822
2.19012
2.44344
0.712921
2.2426
2.47873
0.731703
2.24262
2.47874
0.731722
2.24263
2.47876
0.731714
2.24264
2.47876
0.731733
2.24263
2.47876
0.731716
2.24263
2.47876
0.731718
2.24263
2.47876
0.731721
2.24263
2.47876
0.731738
2.24258
2.47873
0.731719
2.2426
2.47872
0.731721
2.24261
2.47874
0.731701
2.24263
2.47874
0.731727
2.24262
2.47874
0.731704
2.24263
2.47876
0.731712
2.24263
2.47876
0.731714
2.24264
2.47876
0.731739
2.24264
2.47876
0.73174
2.24262
2.47876
0.731718
2.24263
2.47876
0.73174
2.24261
2.47876
0.731717
2.24257
2.47872
0.731718
2.2952
2.46451
0.708482
2.07194
2.24659
0.656907
2.43273
0.708289
2.24258
2.47871
0.731696
2.24259
2.47872
0.731716
2.24259
2.47873
0.731698
2.24261
2.47873
0.731719
2.27467
2.55189
0.747524
2.22945
2.40168
0.708105
2.27466
2.55189
0.747508
2.29829
2.56519
0.749327
2.07429
2.25112
0.657747
2.2747
2.5519
0.747537
2.27466
2.55189
0.747515
2.29827
2.56516
0.749322
2.24263
2.47875
0.731725
2.24262
2.47875
0.731707
2.07402
2.25093
0.657647
2.22901
2.40141
0.708029
2.07337
2.25041
0.657517
2.2747
2.55189
0.747542
2.27464
2.55187
0.747516
2.29825
2.56512
0.749314
2.24264
2.47875
0.731728
2.24263
2.47876
0.73171
2.07313
2.25023
0.65742
2.22853
2.40108
0.707931
2.07259
2.24978
0.657309
2.27466
2.55187
0.747542
2.22809
2.40075
0.707827
2.27459
2.55184
0.747512
2.29821
2.56508
0.749304
2.24264
2.47876
0.731731
2.07241
2.24963
0.657221
2.07204
2.24928
0.657143
2.27461
2.55184
0.747537
2.22772
2.40045
0.707731
2.27453
2.5518
0.747505
2.29816
2.56505
0.749294
2.07191
2.24917
0.657068
2.07172
2.24895
0.657031
2.17351
2.34143
0.680087
2.27455
2.5518
0.747529
2.27446
2.55176
0.747495
2.29812
2.56501
0.749284
2.24264
2.47876
0.731735
2.24263
2.47876
0.731716
2.07166
2.24889
0.65697
2.22746
2.40021
0.707651
2.07165
2.24881
0.656978
2.27448
2.55176
0.747519
2.2744
2.55173
0.747484
2.29808
2.56498
0.749274
2.24264
2.47876
0.731736
2.24263
2.47876
0.731717
2.07165
2.2488
0.656931
2.1791
2.34719
0.681885
2.22732
2.40004
0.707593
2.07182
2.24886
0.656984
2.27442
2.55173
0.747507
2.22731
2.39997
0.707561
2.27434
2.55169
0.747473
2.29804
2.56495
0.749263
2.24264
2.47876
0.731737
2.07187
2.2489
0.656952
2.07221
2.24909
0.657047
2.28577
2.45397
0.705516
2.27437
2.5517
0.747496
2.2274
2.39998
0.707547
2.2743
2.55167
0.747459
2.298
2.56491
0.74925
2.07231
2.24917
0.65703
2.07278
2.24949
0.657164
2.29107
2.4601
0.7074
2.19012
2.35911
0.685637
2.27433
2.55167
0.747477
2.27427
2.55164
0.747424
2.29795
2.56485
0.749225
2.24262
2.47876
0.731737
2.2426
2.47875
0.731715
2.07291
2.2496
0.657137
2.22764
2.40009
0.707487
2.07343
2.24997
0.657148
2.19369
2.36337
0.686351
2.2743
2.55162
0.747445
2.27417
2.55147
0.747463
2.2978
2.5647
0.74922
2.24261
2.47875
0.731734
2.24259
2.47874
0.731714
2.07358
2.25001
0.657159
2.19378
2.36325
0.686273
2.22763
2.39967
0.707516
2.07311
2.24876
0.657324
2.55913
0.682997
2.2068
2.32922
0.672523
2.27419
2.55145
0.747486
2.22791
2.39994
0.707485
2.27409
2.55148
0.747398
2.29764
2.56461
0.749198
2.2426
2.47873
0.731733
2.28849
2.45709
0.70648
2.51575
2.73463
0.775022
2.49357
2.69922
0.769514
2.28058
2.43931
0.705418
2.5124
2.62596
0.748171
0.832553
2.25742
2.38552
0.699698
2.07042
2.24514
0.656324
2.46426
0.635434
1.95849
2.10742
0.613958
1.96849
2.12428
0.61879
2.25072
2.38363
0.695834
2.07002
2.24582
0.655904
2.22764
2.39976
0.707197
1.96656
2.11992
0.612181
2.30696
2.52982
0.738832
2.28322
2.54705
0.749911
2.28326
2.54705
0.749945
2.31257
2.54594
0.750648
2.31256
2.54593
0.750644
2.30696
2.52982
0.738832
2.20791
2.458
0.717019
2.20792
2.45801
0.717022
2.28321
2.54705
0.74991
2.36017
2.58436
0.757055
2.28325
2.54705
0.749946
2.30695
2.52982
0.738832
2.20793
2.45801
0.717023
2.20793
2.45802
0.717025
2.28319
2.54704
0.749907
2.31252
2.54588
0.750626
2.31251
2.54588
0.750624
2.30695
2.52982
0.738832
2.20793
2.45802
0.717025
2.20794
2.45803
0.717027
2.28317
2.54702
0.749903
2.3601
2.58427
0.757025
2.36009
2.58426
0.757025
2.31251
2.54587
0.75062
2.31251
2.54586
0.750619
2.30695
2.52982
0.738832
2.20793
2.45802
0.717025
2.20794
2.45802
0.717027
2.25657
2.39459
0.700869
2.25659
2.3946
0.700891
2.31251
2.54585
0.750617
2.31251
2.54585
0.750616
2.30695
2.52982
0.738832
2.20793
2.45801
0.717024
2.20793
2.45802
0.717025
2.28314
2.54699
0.749894
2.36008
2.58423
0.757007
2.28318
2.547
0.74993
2.36007
2.58422
0.757009
2.31251
2.54584
0.750615
2.30695
2.52982
0.738831
2.20792
2.45801
0.717022
2.20792
2.45801
0.717023
2.36008
2.58421
0.757002
2.3125
2.54584
0.750614
2.30695
2.52981
0.73883
2.20791
2.458
0.71702
2.20792
2.458
0.717021
2.28311
2.54696
0.749886
2.28315
2.54697
0.749922
2.30695
2.52981
0.738829
2.2079
2.45799
0.717017
2.2079
2.45799
0.717018
2.25996
2.39664
0.701388
2.28309
2.54695
0.749883
2.28313
2.54695
0.749918
2.3125
2.54582
0.750614
2.3125
2.54582
0.750613
2.30695
2.52981
0.738828
2.20789
2.45798
0.717014
2.20789
2.45798
0.717015
2.26166
2.39787
0.701756
2.28307
2.54693
0.749879
2.36009
2.58419
0.756994
2.28311
2.54694
0.749914
2.30695
2.52981
0.738826
2.20788
2.45796
0.717011
2.20788
2.45797
0.717011
2.28305
2.54691
0.749875
2.31248
2.5458
0.750613
2.31248
2.5458
0.750612
2.30695
2.5298
0.738825
2.20786
2.45795
0.717007
2.20786
2.45796
0.717007
2.28301
2.54688
0.749866
2.36011
2.5842
0.756992
2.3601
2.5842
0.756994
2.31247
2.54579
0.75061
2.31245
2.54578
0.750608
2.30695
2.5298
0.738823
2.20784
2.45793
0.717002
2.20784
2.45794
0.717002
2.26716
2.40152
0.702817
2.26703
2.40172
0.702772
2.28291
2.5468
0.74985
2.3601
2.58419
0.756984
2.28298
2.54683
0.749881
2.36008
2.58418
0.756988
2.30696
2.5298
0.73882
2.20778
2.45789
0.71699
2.20777
2.45788
0.716988
2.30695
2.52981
0.738831
2.1901
2.44344
0.712903
2.35073
2.62025
0.76557
2.21384
2.4734
0.717135
2.21385
2.47342
0.717139
2.35069
2.62021
0.765563
2.31259
2.54596
0.750658
2.39464
2.64406
0.772689
2.24267
2.52174
0.737067
2.24265
2.52174
0.737058
2.25712
2.56392
0.756986
2.39464
2.64406
0.772689
2.19011
2.44344
0.712916
2.24259
2.47872
0.7317
2.30695
2.52981
0.738831
2.20791
2.458
0.717019
2.2079
2.45799
0.717017
2.19011
2.44344
0.712903
2.36023
2.58441
0.757073
2.36021
2.5844
0.757072
2.27391
2.52806
0.735848
2.28345
2.54726
0.748219
2.36018
2.58437
0.757062
2.3602
2.58439
0.757065
2.35068
2.6202
0.765561
2.21384
2.47341
0.717133
2.35072
2.62024
0.765568
2.21383
2.47339
0.71713
2.28325
2.54706
0.749947
2.21382
2.47338
0.717127
2.21383
2.47339
0.71713
2.35072
2.62023
0.765567
2.35067
2.62019
0.765559
2.24266
2.52174
0.737058
2.24268
2.52175
0.737071
2.25708
2.56389
0.756983
2.39463
2.64406
0.772686
2.39463
2.64405
0.772686
2.31254
2.54591
0.750636
2.24268
2.52175
0.73707
2.24267
2.52174
0.737061
2.31255
2.54592
0.750643
2.25706
2.56388
0.75697
2.39461
2.64404
0.772685
2.39461
2.64404
0.772683
2.19012
2.44344
0.712915
2.30695
2.52981
0.738831
2.20793
2.45802
0.717024
2.20792
2.45801
0.717022
2.24261
2.47873
0.731724
2.19011
2.44344
0.712902
2.23328
2.49365
0.732468
2.27465
2.55189
0.7475
2.23321
2.49364
0.732405
2.22957
2.40174
0.708124
2.17022
2.4121
0.707048
2.17033
2.41212
0.707107
2.27469
2.5519
0.747531
2.23323
2.49366
0.732417
2.23331
2.49368
0.73248
2.30099
2.56861
0.751636
2.301
2.56861
0.751651
2.29831
2.56522
0.74933
2.30768
2.57734
0.755584
2.30767
2.57735
0.755571
2.301
2.5686
0.751649
2.30099
2.5686
0.751634
2.2739
2.52804
0.735855
2.28342
2.54722
0.748227
2.36015
2.58434
0.757053
2.2739
2.52803
0.735839
2.2834
2.54721
0.7482
2.36013
2.58432
0.757045
2.36015
2.58433
0.757047
2.21382
2.47338
0.717125
2.21381
2.47337
0.717122
2.35067
2.62018
0.765556
2.35071
2.62022
0.765563
2.2138
2.47335
0.71712
2.21382
2.47337
0.717122
2.35065
2.62017
0.765553
2.3507
2.62021
0.765561
2.24267
2.52175
0.73706
2.24268
2.52175
0.737072
2.31253
2.5459
0.750632
2.25703
2.56385
0.756969
2.39459
2.64403
0.77268
2.39459
2.64403
0.77268
2.24267
2.52175
0.737069
2.24266
2.52174
0.737061
2.39457
2.64402
0.772676
2.31253
2.54589
0.750632
2.25702
2.56384
0.756958
2.39458
2.64402
0.772677
2.19012
2.44344
0.712915
2.24261
2.47874
0.731706
2.30695
2.52981
0.738831
2.20793
2.45802
0.717026
2.20793
2.45802
0.717025
2.19011
2.44344
0.712902
2.25722
2.39523
0.701144
2.07451
2.25129
0.65776
2.23332
2.49369
0.73249
2.27467
2.55189
0.747511
2.23324
2.49367
0.732424
2.22914
2.40149
0.708056
2.17011
2.41206
0.707053
2.17024
2.41211
0.707118
2.2747
2.5519
0.747541
2.23323
2.49367
0.732429
2.23332
2.49369
0.732495
2.30098
2.56859
0.751631
2.30099
2.56859
0.751647
2.29831
2.56519
0.749326
2.30767
2.57732
0.75558
2.30766
2.57732
0.755567
2.30098
2.56858
0.751643
2.30097
2.56858
0.751629
2.2739
2.52802
0.735849
2.28338
2.54718
0.748212
2.36013
2.58431
0.757038
2.36011
2.5843
0.757038
2.27389
2.52801
0.735834
2.28337
2.54717
0.748186
2.3601
2.58428
0.75703
2.35065
2.62016
0.765551
2.21381
2.47336
0.717118
2.35069
2.6202
0.765558
2.2138
2.47335
0.717117
2.36011
2.58429
0.757032
2.28318
2.54703
0.749904
2.35068
2.62019
0.765556
2.2138
2.47334
0.717115
2.21381
2.47335
0.717117
2.35064
2.62015
0.765548
2.39456
2.644
0.772671
2.24266
2.52174
0.737059
2.39456
2.644
0.772672
2.24267
2.52174
0.737071
2.257
2.56382
0.756959
2.31251
2.54587
0.75062
2.31251
2.54587
0.750625
2.24267
2.52174
0.737068
2.24266
2.52174
0.73706
2.25699
2.56381
0.756948
2.39454
2.64399
0.772669
2.39454
2.64399
0.772667
2.19012
2.44344
0.712915
2.24262
2.47875
0.731709
2.30695
2.52981
0.738831
2.20794
2.45802
0.717027
2.20793
2.45802
0.717026
2.24263
2.47875
0.73173
2.19011
2.44344
0.712902
2.25702
2.39502
0.701074
2.07381
2.25076
0.657629
2.25674
2.39476
0.700966
2.25666
2.39471
0.700932
2.07355
2.25057
0.65753
2.2333
2.49369
0.732498
2.27465
2.55188
0.747515
2.2332
2.49366
0.732429
2.16993
2.41198
0.707035
2.17007
2.41203
0.707105
2.27468
2.55188
0.747543
2.23317
2.49365
0.732429
2.23327
2.49368
0.732497
2.30097
2.56857
0.751625
2.30097
2.56856
0.75164
2.29828
2.56515
0.749319
2.30764
2.57729
0.755574
2.30764
2.5773
0.755562
2.30096
2.56855
0.751636
2.30095
2.56855
0.751622
2.2739
2.528
0.735845
2.28336
2.54714
0.748201
2.27389
2.52799
0.73583
2.28335
2.54713
0.748175
2.36008
2.58425
0.757019
2.36009
2.58426
0.75702
2.35063
2.62014
0.765546
2.2138
2.47334
0.717114
2.2138
2.47334
0.717113
2.35067
2.62018
0.765552
2.2832
2.54702
0.749937
2.21379
2.47333
0.717112
2.2138
2.47334
0.717114
2.35062
2.62013
0.765544
2.35066
2.62018
0.765551
2.24265
2.52173
0.737057
2.24266
2.52173
0.737069
2.25698
2.5638
0.756952
2.39453
2.64398
0.772663
2.39453
2.64398
0.772664
2.3125
2.54586
0.750616
2.24265
2.52173
0.737066
2.24265
2.52173
0.737058
2.39452
2.64396
0.77266
2.31251
2.54586
0.75062
2.25697
2.56379
0.756942
2.39452
2.64397
0.772661
2.19012
2.44344
0.712915
2.24263
2.47875
0.731712
2.30695
2.52981
0.738831
2.20793
2.45802
0.717026
2.20793
2.45802
0.717026
2.24264
2.47876
0.731732
2.19011
2.44344
0.712902
2.07296
2.25008
0.657407
2.07274
2.24991
0.657315
2.22867
2.40117
0.707962
2.23324
2.49366
0.732495
2.27462
2.55185
0.747514
2.23313
2.49363
0.732424
2.22821
2.40083
0.707859
2.16971
2.41186
0.707004
2.16986
2.41192
0.707076
2.27464
2.55186
0.74754
2.23307
2.4936
0.732419
2.23319
2.49364
0.73249
2.30094
2.56854
0.751618
2.30095
2.56853
0.751632
2.29824
2.56512
0.74931
2.30761
2.57726
0.755567
2.30761
2.57726
0.755555
2.30093
2.56852
0.751628
2.30092
2.56852
0.751614
2.27389
2.52798
0.735842
2.28335
2.54712
0.748193
2.36008
2.58425
0.757014
2.36008
2.58424
0.757016
2.27389
2.52798
0.735827
2.28333
2.54711
0.748168
2.36007
2.58423
0.757011
2.36008
2.58423
0.757011
2.2138
2.47333
0.717112
2.35066
2.62017
0.765548
2.2138
2.47333
0.717111
2.35062
2.62013
0.765542
2.35066
2.62016
0.765548
2.21379
2.47332
0.717112
2.2138
2.47333
0.717113
2.35062
2.62012
0.765541
2.24264
2.52172
0.737055
2.39451
2.64396
0.772657
2.24265
2.52172
0.737066
2.25697
2.56378
0.756947
2.39451
2.64396
0.772656
2.3125
2.54585
0.750613
2.3945
2.64395
0.772654
2.24264
2.52172
0.737063
2.24264
2.52172
0.737056
2.3945
2.64394
0.772653
2.31251
2.54585
0.750618
2.25696
2.56378
0.756937
2.19012
2.44344
0.712915
2.30695
2.5298
0.73883
2.20793
2.45801
0.717025
2.20792
2.45801
0.717024
2.24264
2.47876
0.731735
2.19012
2.44344
0.712902
2.07229
2.24951
0.657218
2.07212
2.24938
0.657136
2.23314
2.49361
0.732483
2.27456
2.55182
0.747508
2.23302
2.49357
0.73241
2.22782
2.40052
0.707759
2.1695
2.41173
0.706966
2.16965
2.41179
0.707039
2.27458
2.55182
0.747533
2.23296
2.49354
0.732403
2.23308
2.49358
0.732475
2.30091
2.56851
0.751609
2.30092
2.5685
0.751624
2.2982
2.56508
0.749299
2.30758
2.57722
0.755559
2.30758
2.57723
0.755547
2.3009
2.56849
0.75162
2.3009
2.56849
0.751606
2.27389
2.52797
0.735839
2.28334
2.5471
0.748188
2.27388
2.52797
0.735825
2.28332
2.54709
0.748164
2.36008
2.58422
0.757005
2.35062
2.62012
0.76554
2.2138
2.47333
0.717112
2.35065
2.62016
0.765546
2.2138
2.47332
0.717112
2.36007
2.58421
0.757005
2.28313
2.54698
0.74989
2.35065
2.62016
0.765546
2.2138
2.47332
0.717112
2.21381
2.47333
0.717114
2.35061
2.62012
0.765539
2.39449
2.64394
0.77265
2.24263
2.52171
0.737053
2.24264
2.52172
0.737065
2.3125
2.54584
0.750614
2.25696
2.56377
0.756943
2.39449
2.64394
0.77265
2.3125
2.54584
0.750616
2.24263
2.52171
0.737062
2.24263
2.52171
0.737054
2.25695
2.56377
0.756934
2.39449
2.64393
0.772649
2.39449
2.64393
0.772648
2.19012
2.44344
0.712916
2.30695
2.5298
0.738829
2.20792
2.458
0.717022
2.20792
2.458
0.717022
2.24264
2.47876
0.731737
2.19012
2.44344
0.712903
2.07185
2.24909
0.657077
2.25768
2.39507
0.700942
2.25795
2.39528
0.700994
2.07175
2.24901
0.657009
2.17233
2.34025
0.679653
1.96459
2.14386
0.621845
1.96502
2.14431
0.621991
2.23302
2.49355
0.732466
2.27449
2.55178
0.747499
2.2329
2.49351
0.732393
2.16931
2.41161
0.706927
2.16945
2.41166
0.707
2.27451
2.55178
0.747524
2.23285
2.49348
0.732384
2.23296
2.49352
0.732456
2.30088
2.56848
0.751602
2.30089
2.56847
0.751616
2.29816
2.56504
0.749289
2.30755
2.57719
0.755551
2.30754
2.5772
0.755539
2.30087
2.56846
0.751612
2.30087
2.56847
0.751598
2.27388
2.52796
0.735836
2.28333
2.54708
0.748185
2.36007
2.58421
0.757004
2.27387
2.52795
0.735822
2.28332
2.54708
0.748161
2.36007
2.5842
0.757002
2.36008
2.58421
0.757001
2.21381
2.47333
0.717113
2.2138
2.47332
0.717113
2.35062
2.62012
0.765538
2.35065
2.62015
0.765544
2.28315
2.54698
0.749924
2.28311
2.54697
0.749887
2.2138
2.47332
0.717114
2.21381
2.47333
0.717115
2.35061
2.62011
0.765538
2.35065
2.62015
0.765545
2.24262
2.5217
0.737051
2.24263
2.52171
0.737063
2.3125
2.54583
0.750613
2.25696
2.56376
0.756941
2.39448
2.64393
0.772646
2.39448
2.64392
0.772646
2.24262
2.5217
0.737061
2.24262
2.5217
0.737053
2.39448
2.64392
0.772644
2.3125
2.54583
0.750616
2.25695
2.56376
0.756931
2.39448
2.64392
0.772645
2.19012
2.44344
0.712916
2.30695
2.5298
0.738828
2.20791
2.45799
0.71702
2.20791
2.45799
0.71702
2.19012
2.44344
0.712903
2.25823
2.39542
0.701039
2.07166
2.24886
0.656995
2.1758
2.34377
0.680836
1.9659
2.14517
0.622277
1.96545
2.14471
0.622127
2.25885
2.39584
0.701157
2.07162
2.24882
0.656941
2.22753
2.40027
0.707674
2.25921
2.39612
0.701234
2.1769
2.34491
0.681157
1.96634
2.14559
0.622418
1.96682
2.14608
0.622576
2.23291
2.49349
0.732446
2.27443
2.55175
0.747488
2.23279
2.49345
0.732372
2.22736
2.40008
0.70761
2.16916
2.41151
0.706892
2.16929
2.41156
0.706964
2.27445
2.55175
0.747513
2.23274
2.49342
0.732364
2.23285
2.49346
0.732436
2.30086
2.56845
0.751594
2.30086
2.56845
0.751608
2.29811
2.56501
0.749279
2.30751
2.57716
0.755544
2.30751
2.57717
0.755532
2.30085
2.56844
0.751604
2.30084
2.56844
0.75159
2.27387
2.52795
0.735833
2.28333
2.54707
0.748183
2.36008
2.5842
0.756998
2.36008
2.5842
0.757001
2.27386
2.52794
0.735819
2.28331
2.54707
0.74816
2.36008
2.5842
0.756999
2.36008
2.5842
0.756998
2.21381
2.47333
0.717115
2.35065
2.62015
0.765544
2.2138
2.47333
0.717115
2.35062
2.62012
0.765538
2.28314
2.54696
0.749921
2.2831
2.54695
0.749883
2.35066
2.62015
0.765545
2.2138
2.47332
0.717117
2.21381
2.47333
0.717117
2.35062
2.62012
0.765538
2.24261
2.5217
0.73705
2.39448
2.64391
0.772642
2.24262
2.5217
0.737062
2.3125
2.54583
0.750613
2.25696
2.56376
0.756939
2.39448
2.64392
0.772642
2.3125
2.54582
0.750616
2.39448
2.64391
0.772642
2.24262
2.5217
0.73706
2.24261
2.52169
0.737052
2.25695
2.56375
0.75693
2.39448
2.64391
0.772641
2.19012
2.44344
0.712916
2.24263
2.47876
0.73172
2.30695
2.5298
0.738827
2.2079
2.45798
0.717017
2.2079
2.45798
0.717017
2.19012
2.44344
0.712904
2.25957
2.39633
0.701302
2.07171
2.24881
0.656971
2.1802
2.34834
0.682291
1.96777
2.14701
0.622884
1.96728
2.14651
0.622723
2.26078
2.39723
0.701563
2.07173
2.24882
0.656933
2.18124
2.34945
0.682596
1.96825
2.14746
0.623033
1.96876
2.14798
0.623201
2.23281
2.49343
0.732426
2.27437
2.55171
0.747477
2.2327
2.49339
0.732352
2.22731
2.39999
0.707571
2.16906
2.41144
0.706866
2.16918
2.41148
0.706935
2.27439
2.55171
0.747501
2.23265
2.49337
0.732344
2.23276
2.4934
0.732416
2.30083
2.56843
0.751586
2.30083
2.56842
0.751599
2.29807
2.56498
0.749268
2.30748
2.57714
0.755536
2.30748
2.57714
0.755524
2.30082
2.56841
0.751595
2.30081
2.56842
0.751581
2.27386
2.52793
0.73583
2.28332
2.54706
0.748182
2.36008
2.5842
0.756996
2.36008
2.58419
0.756999
2.27385
2.52793
0.735816
2.28331
2.54706
0.748159
2.36008
2.58419
0.756997
2.36009
2.5842
0.756996
2.35062
2.62012
0.765539
2.21381
2.47333
0.717118
2.35066
2.62015
0.765544
2.2138
2.47333
0.717118
2.28312
2.54694
0.749917
2.2138
2.47333
0.717119
2.21381
2.47333
0.71712
2.35066
2.62016
0.765545
2.35062
2.62012
0.765539
2.2426
2.52169
0.73705
2.24261
2.52169
0.737062
2.25696
2.56375
0.756938
2.39448
2.64391
0.77264
2.39447
2.64391
0.772639
2.31249
2.54582
0.750611
2.24261
2.52169
0.737059
2.2426
2.52169
0.737051
2.31249
2.54582
0.750616
2.25695
2.56375
0.756929
2.39448
2.6439
0.77264
2.39448
2.64391
0.77264
2.19012
2.44344
0.712917
2.30695
2.5298
0.738826
2.20789
2.45797
0.717013
2.20788
2.45797
0.717013
2.24263
2.47876
0.731741
2.19011
2.44344
0.712904
2.26121
2.3975
0.701652
2.07199
2.24895
0.657006
2.18435
2.35277
0.683673
1.96977
2.14897
0.623522
1.96925
2.14844
0.623355
2.07206
2.24901
0.656981
2.2626
2.39857
0.701967
2.18533
2.35384
0.68396
2.28433
2.45233
0.705018
1.97027
2.14944
0.623678
1.97081
2.14999
0.623851
2.23272
2.49338
0.732406
2.27432
2.55168
0.747465
2.23262
2.49335
0.732332
2.22739
2.39998
0.707558
2.16903
2.4114
0.70684
2.16912
2.41143
0.706912
2.27435
2.55168
0.747488
2.23259
2.49332
0.732321
2.23269
2.49336
0.732395
2.3008
2.5684
0.751576
2.30081
2.5684
0.75159
2.29803
2.56495
0.749256
2.30745
2.57711
0.755527
2.30745
2.57711
0.755514
2.30079
2.56838
0.751584
2.30078
2.56839
0.75157
2.27384
2.52792
0.735826
2.28332
2.54706
0.748181
2.36009
2.58419
0.756997
2.27383
2.52792
0.735811
2.2833
2.54705
0.748157
2.36009
2.58419
0.756997
2.3601
2.5842
0.756995
2.21381
2.47333
0.71712
2.2138
2.47333
0.71712
2.35063
2.62012
0.765539
2.35066
2.62015
0.765544
2.2138
2.47333
0.717121
2.21381
2.47334
0.717122
2.35062
2.62012
0.765539
2.35066
2.62016
0.765545
2.24259
2.52169
0.737049
2.24261
2.52169
0.737061
2.31249
2.54581
0.750613
2.25695
2.56374
0.756937
2.39448
2.64391
0.772639
2.39448
2.6439
0.772638
2.2426
2.52169
0.737059
2.24259
2.52168
0.737051
2.39448
2.6439
0.772638
2.31249
2.54581
0.750615
2.25695
2.56374
0.756927
2.39448
2.6439
0.772638
2.19012
2.44344
0.712917
2.24262
2.47876
0.731721
2.30695
2.52979
0.738824
2.20787
2.45796
0.71701
2.20787
2.45796
0.71701
2.19011
2.44344
0.712904
2.26308
2.39889
0.702073
2.07247
2.24927
0.657101
2.18825
2.35702
0.685007
1.97186
2.15102
0.624188
1.97132
2.15047
0.624012
2.26461
2.4001
0.702438
2.0726
2.24937
0.65709
2.18917
2.35803
0.685284
2.28977
2.45854
0.706945
1.97237
2.1515
0.62435
1.97291
2.15206
0.624524
2.23266
2.49334
0.732377
2.27429
2.55166
0.747444
2.23256
2.4933
0.732297
2.22759
2.40008
0.707504
2.16903
2.41137
0.706793
2.16911
2.41141
0.706858
2.27431
2.55166
0.747454
2.23254
2.49327
0.732267
2.23263
2.49332
0.732344
2.30077
2.56837
0.751562
2.30077
2.56836
0.751575
2.29799
2.56489
0.749235
2.3074
2.57706
0.755508
2.3074
2.57707
0.755497
2.30074
2.56833
0.751566
2.30074
2.56834
0.751551
2.27382
2.52791
0.735821
2.2833
2.54704
0.748179
2.3601
2.5842
0.756993
2.3601
2.5842
0.756997
2.27381
2.5279
0.735804
2.28329
2.54704
0.748153
2.3601
2.5842
0.756996
2.35063
2.62012
0.765538
2.21381
2.47333
0.717121
2.35066
2.62015
0.765544
2.2138
2.47333
0.717121
2.3601
2.5842
0.756994
2.28303
2.54689
0.74987
2.35066
2.62015
0.765544
2.2138
2.47333
0.717121
2.21381
2.47334
0.717122
2.35063
2.62011
0.765537
2.39448
2.64391
0.772637
2.24259
2.52168
0.737048
2.39448
2.6439
0.772636
2.2426
2.52169
0.73706
2.25694
2.56373
0.756934
2.31247
2.54579
0.750609
2.31248
2.5458
0.750613
2.24259
2.52168
0.73706
2.24258
2.52168
0.737049
2.25693
2.56373
0.756923
2.39448
2.6439
0.772636
2.39449
2.6439
0.772637
2.19012
2.44344
0.712916
2.24261
2.47875
0.73172
2.30695
2.52979
0.738822
2.20785
2.45795
0.717005
2.20785
2.45795
0.717005
2.24262
2.47875
0.731738
2.19011
2.44344
0.712902
2.26514
2.40047
0.702544
2.0731
2.24975
0.657174
2.19196
2.36127
0.686085
1.97398
2.1531
0.624806
1.97343
2.15257
0.62467
2.26616
2.40119
0.702699
2.26662
2.40152
0.70274
2.07325
2.24983
0.657148
2.29451
2.46399
0.708384
2.19286
2.36235
0.686198
1.97454
2.15356
0.624896
1.97516
2.15408
0.624993
2.2326
2.49326
0.732326
2.27424
2.55157
0.747419
2.23249
2.49317
0.732257
2.16905
2.41115
0.706936
2.16918
2.41126
0.706953
2.27426
2.55154
0.747463
2.23237
2.49301
0.732309
2.23254
2.49313
0.732348
2.30069
2.5683
0.751538
2.30068
2.56827
0.751557
2.29788
2.56476
0.749217
2.30728
2.57693
0.755515
2.30729
2.57696
0.755485
2.30056
2.56817
0.75155
2.3006
2.56822
0.751525
2.27378
2.52787
0.735813
2.28326
2.54701
0.748174
2.27372
2.52784
0.735788
2.2832
2.54698
0.748137
2.3601
2.5842
0.75699
2.36011
2.5842
0.756988
2.35063
2.62011
0.765535
2.21381
2.47334
0.717121
2.2138
2.47333
0.71712
2.35066
2.62015
0.765541
2.28303
2.54687
0.749893
2.21381
2.47334
0.71712
2.21382
2.47334
0.717121
2.35063
2.62011
0.765533
2.35067
2.62015
0.765539
2.24258
2.52168
0.737047
2.24259
2.52168
0.737061
2.2569
2.56369
0.756926
2.39449
2.6439
0.772635
2.39448
2.6439
0.772635
2.31242
2.54576
0.750601
2.24258
2.52168
0.73706
2.24257
2.52167
0.737046
2.39449
2.6439
0.772633
2.31244
2.54577
0.750606
2.25685
2.56366
0.756908
2.39448
2.64389
0.772634
2.19012
2.44344
0.712914
2.2426
2.47874
0.731717
2.30695
2.52979
0.73882
2.20781
2.45792
0.716997
2.20782
2.45792
0.716998
2.2426
2.47874
0.731735
2.19011
2.44344
0.712902
2.07372
2.25001
0.657265
2.19318
2.36044
0.68552
1.97551
2.15364
0.625188
1.97558
2.1543
0.625087
2.2635
2.39515
0.701902
2.07364
2.24981
0.657316
2.22775
2.39986
0.707588
2.17734
2.33498
0.682609
2.30658
2.42614
0.694632
1.96855
2.13791
0.621719
1.97165
2.14656
0.624381
2.2324
2.49298
0.732371
2.27411
2.55144
0.747462
2.23223
2.49292
0.732309
2.1689
2.41125
0.706769
2.16899
2.41124
0.70685
2.27412
2.55146
0.747446
2.23212
2.49291
0.732238
2.23224
2.49294
0.732335
2.3004
2.56808
0.751512
2.3003
2.56799
0.751524
2.29765
2.56461
0.749208
2.30697
2.57669
0.755471
2.30701
2.57674
0.755462
2.3
2.56773
0.751492
2.3001
2.56785
0.751485
2.27348
2.52765
0.735777
2.28295
2.54678
0.748133
2.27332
2.52752
0.73575
2.28275
2.54662
0.748099
2.36007
2.58413
0.757013
2.36007
2.58416
0.756992
2.21383
2.47335
0.717121
2.21382
2.47335
0.717123
2.35065
2.62012
0.765535
2.35068
2.62015
0.765538
2.2829
2.54677
0.749881
2.21385
2.47337
0.717138
2.21384
2.47336
0.717129
2.35069
2.62014
0.765552
2.3507
2.62016
0.765545
2.24255
2.52167
0.737042
2.24257
2.52167
0.73706
2.31234
2.5457
0.750591
2.25658
2.56346
0.756887
2.39448
2.64388
0.772629
2.39447
2.64388
0.77263
2.24255
2.52164
0.73707
2.24254
2.52165
0.737047
2.39448
2.64387
0.772633
2.3123
2.54565
0.750586
2.25641
2.56332
0.756863
2.39447
2.64387
0.772628
2.19012
2.44344
0.712914
2.30696
2.52979
0.738822
2.20771
2.45783
0.716981
2.20772
2.45784
0.716982
2.24259
2.47872
0.731738
2.19012
2.44344
0.712911
)
;

boundaryField
{
    front
    {
        type            cyclic;
    }
    Back
    {
        type            cyclic;
    }
    inlet
    {
        type            fixedValue;
        value           nonuniform List<scalar> 0();
    }
    outlet
    {
        type            inletOutlet;
        inletValue      uniform 0.24;
        value           nonuniform List<scalar> 
390
(
1.99583
1.99581
1.91743
1.8485
1.77847
1.70644
1.9958
1.91742
1.8485
1.77848
1.70645
1.99579
1.91742
1.8485
1.77848
1.70645
1.99578
1.91741
1.8485
1.77848
1.70645
1.99578
1.9174
1.8485
1.77848
1.70644
1.99578
1.9174
1.84849
1.77847
1.70643
1.99579
1.91739
1.84848
1.77845
1.70641
1.99579
1.91738
1.84846
1.77843
1.70638
1.99579
1.91736
1.84842
1.77838
1.70632
1.9958
1.91732
1.84837
1.77831
1.70624
1.99581
1.91726
1.84829
1.77822
1.70615
1.99585
1.91718
1.84819
1.77813
1.70607
1.99593
1.91713
1.84811
1.77807
1.70602
1.99128
1.99119
1.99127
1.99118
1.99127
1.99118
1.99127
1.99118
1.99127
1.99118
1.99127
1.99118
1.99127
1.99119
1.99128
1.99119
1.99128
1.9912
1.99128
1.9912
1.99128
1.9912
1.99128
1.9912
1.99129
1.99121
1.99129
1.99121
1.94881
1.9958
1.94879
1.94881
1.99578
1.94879
1.94881
1.99577
1.94879
1.94881
1.99576
1.94879
1.94881
1.99576
1.94879
1.94881
1.99576
1.94879
1.94881
1.99576
1.94879
1.94881
1.99577
1.94878
1.9488
1.99577
1.94878
1.94879
1.99578
1.94877
1.94878
1.99578
1.94875
1.94875
1.9958
1.94873
1.94872
1.99586
1.94874
1.94879
1.99597
1.99121
1.99868
1.99875
1.99868
1.99876
1.99127
1.99121
1.99869
1.99876
1.99869
1.99877
1.99127
1.9912
1.9987
1.99878
1.99871
1.99878
1.99127
1.9912
1.99872
1.99879
1.99871
1.99879
1.99127
1.9912
1.99872
1.9988
1.99872
1.9988
1.99127
1.9912
1.99873
1.9988
1.99873
1.99881
1.99127
1.99121
1.99874
1.99881
1.99873
1.99881
1.99127
1.99121
1.99874
1.99881
1.99873
1.99881
1.99128
1.99121
1.99874
1.99881
1.99873
1.99881
1.99128
1.99122
1.99874
1.99881
1.99873
1.99881
1.99128
1.99121
1.99873
1.99881
1.99872
1.99881
1.99128
1.99121
1.99872
1.9988
1.99872
1.9988
1.99128
1.99122
1.99872
1.99879
1.99871
1.99879
1.99129
1.99122
1.9987
1.99878
1.99868
1.99876
1.99129
2.2426
2.47873
0.731703
2.24262
2.47874
0.731722
2.24263
2.47876
0.731714
2.24264
2.47876
0.731733
2.24263
2.47876
0.731716
2.24263
2.47876
0.731718
2.24263
2.47876
0.731721
2.24263
2.47876
0.731738
2.24258
2.47873
0.731719
2.2426
2.47872
0.731721
2.24261
2.47874
0.731701
2.24263
2.47874
0.731727
2.24262
2.47874
0.731704
2.24263
2.47876
0.731712
2.24263
2.47876
0.731714
2.24264
2.47876
0.731739
2.24264
2.47876
0.73174
2.24262
2.47876
0.731718
2.24263
2.47876
0.73174
2.24261
2.47876
0.731717
2.24257
2.47872
0.731718
2.24258
2.47871
0.731696
2.24259
2.47872
0.731716
2.24259
2.47873
0.731698
2.24261
2.47873
0.731719
2.24263
2.47875
0.731725
2.24262
2.47875
0.731707
2.24264
2.47875
0.731728
2.24263
2.47876
0.73171
2.24264
2.47876
0.731731
2.24264
2.47876
0.731735
2.24263
2.47876
0.731716
2.24264
2.47876
0.731736
2.24263
2.47876
0.731717
2.24264
2.47876
0.731737
2.24262
2.47876
0.731737
2.2426
2.47875
0.731715
2.24261
2.47875
0.731734
2.24259
2.47874
0.731714
2.2426
2.47873
0.731733
2.24259
2.47872
0.7317
2.24261
2.47873
0.731724
2.24261
2.47874
0.731706
2.24262
2.47875
0.731709
2.24263
2.47875
0.73173
2.24263
2.47875
0.731712
2.24264
2.47876
0.731732
2.24264
2.47876
0.731735
2.24264
2.47876
0.731737
2.24263
2.47876
0.73172
2.24263
2.47876
0.731741
2.24262
2.47876
0.731721
2.24261
2.47875
0.73172
2.24262
2.47875
0.731738
2.2426
2.47874
0.731717
2.2426
2.47874
0.731735
2.24259
2.47872
0.731738
)
;
    }
    upperPatch
    {
        type            slip;
    }
    ground
    {
        type            kqRWallFunction;
        value           nonuniform List<scalar> 
1398
(
0.74933
0.708095
0.749329
0.708013
0.749323
0.707912
0.749315
0.707809
0.749305
0.707716
0.749295
0.707641
0.749285
0.70759
0.749274
0.707564
0.749263
0.705996
0.707542
0.749248
0.707801
0.707499
0.749222
0.708339
0.707289
0.749222
0.687087
0.743671
0.728774
0.778175
0.778172
0.743673
0.728764
0.743678
0.728758
0.778172
0.778169
0.74368
0.728749
0.743682
0.728745
0.778169
0.778166
0.743683
0.728736
0.743683
0.728735
0.778165
0.778162
0.743683
0.728727
0.743682
0.728727
0.778162
0.778159
0.743681
0.72872
0.743679
0.728722
0.778159
0.778156
0.743678
0.728715
0.743676
0.728719
0.778156
0.778154
0.743674
0.728712
0.743671
0.728716
0.778153
0.778151
0.74367
0.72871
0.743666
0.728714
0.77815
0.778148
0.743664
0.728708
0.74366
0.728711
0.778145
0.778143
0.743658
0.728705
0.743653
0.728707
0.778138
0.778144
0.74365
0.728697
0.743642
0.728684
0.778135
0.778159
0.743635
0.728663
0.743629
0.728609
1.3763
0.775118
0.77411
0.919347
1.51666
0.696913
0.738831
0.738831
0.738831
0.755571
0.749328
0.755584
0.738831
0.707116
0.708068
0.707052
0.755569
0.749325
0.755582
0.738831
0.707114
0.707979
0.707044
0.755564
0.749318
0.755577
0.73883
0.707092
0.707877
0.707019
0.755558
0.749309
0.75557
0.738829
0.707059
0.707775
0.706983
0.755551
0.749299
0.755562
0.738828
0.70702
0.707686
0.706944
0.755543
0.749289
0.755555
0.738827
0.706982
0.707616
0.706907
0.755535
0.749279
0.755547
0.738826
0.706949
0.707571
0.706875
0.755528
0.749268
0.755539
0.704515
0.738825
0.706925
0.707552
0.706854
0.755519
0.749257
0.755531
0.738823
0.706891
0.707513
0.706811
0.755507
0.74924
0.755518
0.708138
0.738821
0.706868
0.707537
0.706838
0.755487
0.749215
0.755507
0.738819
0.707023
0.706963
0.706839
0.755487
0.749217
0.755499
0.75065
0.756988
0.712906
0.738833
0.712919
0.743668
0.735859
0.728773
0.748237
0.74991
0.756975
0.756973
0.712906
0.738833
0.712919
0.778173
0.778173
0.735843
0.743675
0.748209
0.728766
0.743676
0.735852
0.728756
0.748219
0.749945
0.749908
0.750635
0.756961
0.750626
0.756962
0.712905
0.738834
0.712918
0.701209
0.77817
0.778171
0.735836
0.743681
0.748192
0.728751
0.743681
0.735847
0.728742
0.748206
0.749943
0.749942
0.756951
0.756953
0.712905
0.738833
0.712918
0.701023
0.778167
0.778167
0.735832
0.743683
0.74818
0.72874
0.743683
0.735843
0.728731
0.748196
0.749939
0.749899
0.756943
0.756947
0.712905
0.738833
0.712918
0.700841
0.778163
0.778164
0.735828
0.743683
0.748171
0.728731
0.743682
0.73584
0.728723
0.74819
0.749898
0.749934
0.749933
0.749895
0.756937
0.756943
0.712906
0.738833
0.712919
0.77816
0.77816
0.735825
0.743681
0.748166
0.728724
0.74368
0.735837
0.728718
0.748186
0.749928
0.756933
0.750612
0.75694
0.712906
0.738832
0.712919
0.778157
0.778157
0.735823
0.743677
0.748162
0.72872
0.743676
0.735835
0.728714
0.748184
0.74989
0.749926
0.756931
0.750612
0.756938
0.712907
0.738831
0.71292
0.701102
0.680414
0.681574
0.778154
0.778155
0.73582
0.743673
0.74816
0.728717
0.743672
0.735832
0.728711
0.748183
0.750614
0.756929
0.750611
0.756937
0.712907
0.73883
0.71292
0.701465
0.682995
0.778152
0.778152
0.735817
0.743669
0.748159
0.728715
0.743667
0.735828
0.728709
0.748182
0.749879
0.756928
0.756935
0.712907
0.738828
0.71292
0.683288
0.701851
0.684342
0.778149
0.778148
0.735813
0.743663
0.748158
0.728713
0.743661
0.735824
0.728706
0.748181
0.749913
0.749876
0.750614
0.756926
0.750611
0.756934
0.712907
0.738827
0.71292
0.702196
0.684624
0.702309
0.778145
0.778142
0.735808
0.743656
0.748156
0.728709
0.743654
0.735819
0.728702
0.748179
0.74991
0.749907
0.756924
0.756931
0.712906
0.738825
0.712918
0.702645
0.68585
0.778141
0.778135
0.735798
0.743648
0.74815
0.728701
0.743644
0.735801
0.728686
0.74816
0.749902
0.749857
0.756916
0.756912
0.712905
0.738822
0.712915
0.702532
0.778145
0.778143
0.735769
0.743631
0.748118
0.728651
0.743627
0.735753
0.728626
0.748109
0.749867
0.750597
0.756889
0.750585
0.756849
0.712909
0.738822
0.712921
0.731703
0.731722
0.731714
0.731733
0.731716
0.731718
0.731721
0.731738
0.731719
0.731721
0.731701
0.731727
0.731704
0.731712
0.731714
0.731739
0.73174
0.731718
0.73174
0.731717
0.731718
0.708482
0.656907
0.708289
0.731696
0.731716
0.731698
0.731719
0.747524
0.708105
0.747508
0.749327
0.657747
0.747537
0.747515
0.749322
0.731725
0.731707
0.657647
0.708029
0.657517
0.747542
0.747516
0.749314
0.731728
0.73171
0.65742
0.707931
0.657309
0.747542
0.707827
0.747512
0.749304
0.731731
0.657221
0.657143
0.747537
0.707731
0.747505
0.749294
0.657068
0.657031
0.680087
0.747529
0.747495
0.749284
0.731735
0.731716
0.65697
0.707651
0.656978
0.747519
0.747484
0.749274
0.731736
0.731717
0.656931
0.681885
0.707593
0.656984
0.747507
0.707561
0.747473
0.749263
0.731737
0.656952
0.657047
0.705516
0.747496
0.707547
0.747459
0.74925
0.65703
0.657164
0.7074
0.685637
0.747477
0.747424
0.749225
0.731737
0.731715
0.657137
0.707487
0.657148
0.686351
0.747445
0.747463
0.74922
0.731734
0.731714
0.657159
0.686273
0.707516
0.657324
0.682997
0.672523
0.747486
0.707485
0.747398
0.749198
0.731733
0.70648
0.775022
0.769514
0.705418
0.748171
0.832553
0.699698
0.656324
0.635434
0.613958
0.61879
0.695834
0.655904
0.707197
0.612181
0.738832
0.749911
0.749945
0.750648
0.750644
0.738832
0.717019
0.717022
0.74991
0.757055
0.749946
0.738832
0.717023
0.717025
0.749907
0.750626
0.750624
0.738832
0.717025
0.717027
0.749903
0.757025
0.757025
0.75062
0.750619
0.738832
0.717025
0.717027
0.700869
0.700891
0.750617
0.750616
0.738832
0.717024
0.717025
0.749894
0.757007
0.74993
0.757009
0.750615
0.738831
0.717022
0.717023
0.757002
0.750614
0.73883
0.71702
0.717021
0.749886
0.749922
0.738829
0.717017
0.717018
0.701388
0.749883
0.749918
0.750614
0.750613
0.738828
0.717014
0.717015
0.701756
0.749879
0.756994
0.749914
0.738826
0.717011
0.717011
0.749875
0.750613
0.750612
0.738825
0.717007
0.717007
0.749866
0.756992
0.756994
0.75061
0.750608
0.738823
0.717002
0.717002
0.702817
0.702772
0.74985
0.756984
0.749881
0.756988
0.73882
0.71699
0.716988
0.738831
0.712903
0.76557
0.717135
0.717139
0.765563
0.750658
0.772689
0.737067
0.737058
0.756986
0.772689
0.712916
0.7317
0.738831
0.717019
0.717017
0.712903
0.757073
0.757072
0.735848
0.748219
0.757062
0.757065
0.765561
0.717133
0.765568
0.71713
0.749947
0.717127
0.71713
0.765567
0.765559
0.737058
0.737071
0.756983
0.772686
0.772686
0.750636
0.73707
0.737061
0.750643
0.75697
0.772685
0.772683
0.712915
0.738831
0.717024
0.717022
0.731724
0.712902
0.732468
0.7475
0.732405
0.708124
0.707048
0.707107
0.747531
0.732417
0.73248
0.751636
0.751651
0.74933
0.755584
0.755571
0.751649
0.751634
0.735855
0.748227
0.757053
0.735839
0.7482
0.757045
0.757047
0.717125
0.717122
0.765556
0.765563
0.71712
0.717122
0.765553
0.765561
0.73706
0.737072
0.750632
0.756969
0.77268
0.77268
0.737069
0.737061
0.772676
0.750632
0.756958
0.772677
0.712915
0.731706
0.738831
0.717026
0.717025
0.712902
0.701144
0.65776
0.73249
0.747511
0.732424
0.708056
0.707053
0.707118
0.747541
0.732429
0.732495
0.751631
0.751647
0.749326
0.75558
0.755567
0.751643
0.751629
0.735849
0.748212
0.757038
0.757038
0.735834
0.748186
0.75703
0.765551
0.717118
0.765558
0.717117
0.757032
0.749904
0.765556
0.717115
0.717117
0.765548
0.772671
0.737059
0.772672
0.737071
0.756959
0.75062
0.750625
0.737068
0.73706
0.756948
0.772669
0.772667
0.712915
0.731709
0.738831
0.717027
0.717026
0.73173
0.712902
0.701074
0.657629
0.700966
0.700932
0.65753
0.732498
0.747515
0.732429
0.707035
0.707105
0.747543
0.732429
0.732497
0.751625
0.75164
0.749319
0.755574
0.755562
0.751636
0.751622
0.735845
0.748201
0.73583
0.748175
0.757019
0.75702
0.765546
0.717114
0.717113
0.765552
0.749937
0.717112
0.717114
0.765544
0.765551
0.737057
0.737069
0.756952
0.772663
0.772664
0.750616
0.737066
0.737058
0.77266
0.75062
0.756942
0.772661
0.712915
0.731712
0.738831
0.717026
0.717026
0.731732
0.712902
0.657407
0.657315
0.707962
0.732495
0.747514
0.732424
0.707859
0.707004
0.707076
0.74754
0.732419
0.73249
0.751618
0.751632
0.74931
0.755567
0.755555
0.751628
0.751614
0.735842
0.748193
0.757014
0.757016
0.735827
0.748168
0.757011
0.757011
0.717112
0.765548
0.717111
0.765542
0.765548
0.717112
0.717113
0.765541
0.737055
0.772657
0.737066
0.756947
0.772656
0.750613
0.772654
0.737063
0.737056
0.772653
0.750618
0.756937
0.712915
0.73883
0.717025
0.717024
0.731735
0.712902
0.657218
0.657136
0.732483
0.747508
0.73241
0.707759
0.706966
0.707039
0.747533
0.732403
0.732475
0.751609
0.751624
0.749299
0.755559
0.755547
0.75162
0.751606
0.735839
0.748188
0.735825
0.748164
0.757005
0.76554
0.717112
0.765546
0.717112
0.757005
0.74989
0.765546
0.717112
0.717114
0.765539
0.77265
0.737053
0.737065
0.750614
0.756943
0.77265
0.750616
0.737062
0.737054
0.756934
0.772649
0.772648
0.712916
0.738829
0.717022
0.717022
0.731737
0.712903
0.657077
0.700942
0.700994
0.657009
0.679653
0.621845
0.621991
0.732466
0.747499
0.732393
0.706927
0.707
0.747524
0.732384
0.732456
0.751602
0.751616
0.749289
0.755551
0.755539
0.751612
0.751598
0.735836
0.748185
0.757004
0.735822
0.748161
0.757002
0.757001
0.717113
0.717113
0.765538
0.765544
0.749924
0.749887
0.717114
0.717115
0.765538
0.765545
0.737051
0.737063
0.750613
0.756941
0.772646
0.772646
0.737061
0.737053
0.772644
0.750616
0.756931
0.772645
0.712916
0.738828
0.71702
0.71702
0.712903
0.701039
0.656995
0.680836
0.622277
0.622127
0.701157
0.656941
0.707674
0.701234
0.681157
0.622418
0.622576
0.732446
0.747488
0.732372
0.70761
0.706892
0.706964
0.747513
0.732364
0.732436
0.751594
0.751608
0.749279
0.755544
0.755532
0.751604
0.75159
0.735833
0.748183
0.756998
0.757001
0.735819
0.74816
0.756999
0.756998
0.717115
0.765544
0.717115
0.765538
0.749921
0.749883
0.765545
0.717117
0.717117
0.765538
0.73705
0.772642
0.737062
0.750613
0.756939
0.772642
0.750616
0.772642
0.73706
0.737052
0.75693
0.772641
0.712916
0.73172
0.738827
0.717017
0.717017
0.712904
0.701302
0.656971
0.682291
0.622884
0.622723
0.701563
0.656933
0.682596
0.623033
0.623201
0.732426
0.747477
0.732352
0.707571
0.706866
0.706935
0.747501
0.732344
0.732416
0.751586
0.751599
0.749268
0.755536
0.755524
0.751595
0.751581
0.73583
0.748182
0.756996
0.756999
0.735816
0.748159
0.756997
0.756996
0.765539
0.717118
0.765544
0.717118
0.749917
0.717119
0.71712
0.765545
0.765539
0.73705
0.737062
0.756938
0.77264
0.772639
0.750611
0.737059
0.737051
0.750616
0.756929
0.77264
0.77264
0.712917
0.738826
0.717013
0.717013
0.731741
0.712904
0.701652
0.657006
0.683673
0.623522
0.623355
0.656981
0.701967
0.68396
0.705018
0.623678
0.623851
0.732406
0.747465
0.732332
0.707558
0.70684
0.706912
0.747488
0.732321
0.732395
0.751576
0.75159
0.749256
0.755527
0.755514
0.751584
0.75157
0.735826
0.748181
0.756997
0.735811
0.748157
0.756997
0.756995
0.71712
0.71712
0.765539
0.765544
0.717121
0.717122
0.765539
0.765545
0.737049
0.737061
0.750613
0.756937
0.772639
0.772638
0.737059
0.737051
0.772638
0.750615
0.756927
0.772638
0.712917
0.731721
0.738824
0.71701
0.71701
0.712904
0.702073
0.657101
0.685007
0.624188
0.624012
0.702438
0.65709
0.685284
0.706945
0.62435
0.624524
0.732377
0.747444
0.732297
0.707504
0.706793
0.706858
0.747454
0.732267
0.732344
0.751562
0.751575
0.749235
0.755508
0.755497
0.751566
0.751551
0.735821
0.748179
0.756993
0.756997
0.735804
0.748153
0.756996
0.765538
0.717121
0.765544
0.717121
0.756994
0.74987
0.765544
0.717121
0.717122
0.765537
0.772637
0.737048
0.772636
0.73706
0.756934
0.750609
0.750613
0.73706
0.737049
0.756923
0.772636
0.772637
0.712916
0.73172
0.738822
0.717005
0.717005
0.731738
0.712902
0.702544
0.657174
0.686085
0.624806
0.62467
0.702699
0.70274
0.657148
0.708384
0.686198
0.624896
0.624993
0.732326
0.747419
0.732257
0.706936
0.706953
0.747463
0.732309
0.732348
0.751538
0.751557
0.749217
0.755515
0.755485
0.75155
0.751525
0.735813
0.748174
0.735788
0.748137
0.75699
0.756988
0.765535
0.717121
0.71712
0.765541
0.749893
0.71712
0.717121
0.765533
0.765539
0.737047
0.737061
0.756926
0.772635
0.772635
0.750601
0.73706
0.737046
0.772633
0.750606
0.756908
0.772634
0.712914
0.731717
0.73882
0.716997
0.716998
0.731735
0.712902
0.657265
0.68552
0.625188
0.625087
0.701902
0.657316
0.707588
0.682609
0.694632
0.621719
0.624381
0.732371
0.747462
0.732309
0.706769
0.70685
0.747446
0.732238
0.732335
0.751512
0.751524
0.749208
0.755471
0.755462
0.751492
0.751485
0.735777
0.748133
0.73575
0.748099
0.757013
0.756992
0.717121
0.717123
0.765535
0.765538
0.749881
0.717138
0.717129
0.765552
0.765545
0.737042
0.73706
0.750591
0.756887
0.772629
0.77263
0.73707
0.737047
0.772633
0.750586
0.756863
0.772628
0.712914
0.738822
0.716981
0.716982
0.731738
0.712911
)
;
    }
    procBoundary5to0
    {
        type            processor;
        value           nonuniform List<scalar> 
74
(
1.69527
1.6563
1.63023
1.76247
1.75451
1.73014
1.69528
1.6563
1.63023
1.76249
1.75452
1.73014
1.69528
1.65631
1.63024
1.7625
1.75454
1.73014
1.69528
1.65631
1.63024
1.76249
1.75454
1.73013
1.69527
1.6563
1.63023
1.76245
1.75453
1.73012
1.69526
1.65629
1.63022
1.76241
1.75451
1.7301
1.69523
1.65626
1.63019
1.76233
1.75447
1.73006
1.69519
1.65623
1.63016
1.76227
1.75441
1.73
1.69513
1.65617
1.6301
1.76209
1.75431
1.72991
1.69504
1.65609
1.63002
1.76212
1.75421
1.7298
1.69494
1.65599
1.62993
1.76247
1.75412
1.72972
1.69485
1.65591
1.62986
1.75404
1.72966
1.69481
1.65587
1.62982
)
;
    }
    procBoundary5to3
    {
        type            processor;
        value           nonuniform List<scalar> 
373
(
1.94333
1.90195
1.84436
2.01088
1.9458
1.90093
1.84381
2.01168
1.94967
1.90041
1.84332
2.01362
1.95464
1.90044
1.84292
2.01647
1.96027
1.90099
1.84265
2.43227
1.96641
1.90208
1.84254
2.44252
1.97295
1.90358
1.84258
2.45111
2.45111
1.9797
1.90569
1.84287
2.08389
1.98664
1.90744
1.84305
2.09299
1.99335
1.91206
1.84431
2.0021
1.91086
1.84643
2.011
1.98156
1.94118
2.011
2.011
1.94123
2.01088
1.98193
2.01115
1.98401
2.01088
1.94169
2.01115
2.01115
1.94257
2.01168
1.98458
2.01255
1.98717
2.01168
1.94376
2.01255
2.01255
1.94531
2.01362
1.98791
2.01497
1.9909
2.01362
1.94709
2.01497
2.01497
1.94915
2.01647
1.99177
2.01647
2.01647
1.95135
1.95378
1.90089
1.95565
1.95279
1.9052
1.95378
1.95626
1.91221
1.90805
1.95626
2.4401
1.95893
1.9149
1.91893
1.95893
1.96164
1.92531
1.92143
1.96164
2.44907
1.9645
1.92765
1.93139
1.9645
1.96726
1.93714
1.93355
1.96726
2.08136
1.97015
1.93912
1.94256
1.97015
1.97328
1.94769
1.94438
1.97328
2.09089
1.97648
1.94944
1.95271
1.97648
1.97839
1.95732
1.95424
1.97839
1.98056
2.04349
2.04349
2.04349
2.04349
1.98056
1.98884
2.05225
2.05225
2.05225
2.05225
1.98884
1.99583
2.06031
2.06031
2.06031
2.06031
1.99583
2.61442
2.17384
2.17234
2.17622
2.17796
2.19737
2.19162
2.43497
1.91221
1.90805
1.95565
2.44478
1.92531
1.92143
2.07593
1.93714
1.93355
2.0863
1.94769
1.94438
2.09499
2.09499
1.95732
1.95732
1.95424
2.24158
2.2415
2.24158
1.9809
2.2415
2.24149
2.24142
2.24149
2.24142
1.98268
2.24156
2.24176
2.24156
1.98316
2.24176
2.24232
2.24198
2.24232
2.24198
1.98551
2.32824
2.24267
2.32824
2.24267
1.98617
2.24313
2.32858
2.32837
2.24418
2.24361
1.98897
2.32878
2.32907
2.24477
1.98978
2.24546
2.32971
2.32971
2.32935
2.28291
2.24691
2.24691
2.24614
1.99294
1.99294
1.95565
1.95279
2.43762
1.9149
1.91893
2.447
1.92765
1.93139
2.07871
1.93912
1.94256
2.08865
1.94944
1.95271
2.26717
2.43421
0.699245
2.27474
2.44195
0.701744
2.28135
2.28135
2.44903
2.44903
0.703989
0.703989
2.50699
2.72438
0.772177
2.51308
2.7314
0.774312
2.79542
3.01725
0.839482
2.79573
3.01768
0.835678
3.29002
0.911718
1.55657
2.26919
2.43625
0.699899
2.50164
2.71823
0.77029
2.51436
2.7331
0.774699
1.96025
2.13915
0.620243
1.96063
2.13974
0.620441
2.25662
1.96176
2.39456
2.14101
0.700836
0.620879
2.25678
2.39461
0.700833
2.27297
2.44012
0.701149
2.27981
2.44737
0.703456
2.50525
2.72235
0.771564
2.51158
2.72977
0.773835
2.76704
2.97583
0.828606
2.78538
2.93751
0.801964
2.25662
2.39456
0.700836
2.25668
2.39453
0.700825
2.25707
2.39475
0.700859
2.25724
2.39481
0.700876
2.26513
2.43222
0.698582
2.27109
2.43816
0.700528
2.27651
2.44382
0.702333
2.27816
2.44557
0.702898
2.50353
2.72042
0.77095
2.50856
2.72618
0.77275
2.51017
2.72803
0.773318
2.51436
2.7331
0.774699
2.79579
3.01691
0.840478
1.9615
2.14075
0.620786
1.96124
2.14044
0.620686
2.25745
2.25745
2.39497
2.39497
0.700913
0.700913
1.96036
2.13935
0.620307
1.96047
2.1395
0.620364
1.9608
2.13993
0.620511
1.96102
2.14021
0.620602
2.2569
2.39462
0.700834
2.17117
2.33907
0.679317
1.96419
2.14349
0.621717
2.26297
2.4301
0.697892
)
;
    }
    procBoundary5to4
    {
        type            processor;
        value           nonuniform List<scalar> 
338
(
2.00825
2.00825
1.99165
1.91743
1.91743
1.91743
1.92203
1.87579
1.84849
1.84959
1.80463
1.77846
1.77464
1.73275
1.70642
2.03243
2.13126
2.06418
2.13133
2.06419
2.0096
2.00785
1.98025
1.95487
2.00747
1.99417
1.95661
1.95661
1.95661
1.95661
1.92459
1.91818
1.88568
1.88568
1.8439
1.83823
1.81078
1.81078
2.28472
2.08317
2.01145
2.06037
2.07132
2.00888
1.92357
1.84242
2.04524
2.06531
2.00888
1.92357
1.84242
2.00943
2.05247
2.04757
2.04757
2.04757
2.04757
1.9167
2.02485
2.4754
2.05125
1.95239
1.99099
1.99119
2.17362
2.01957
2.03243
1.98735
2.02383
1.98735
1.98735
2.01304
1.99531
1.95897
1.95487
1.92711
2.33958
2.33958
2.31725
2.23473
2.11289
2.07746
2.07746
2.12906
2.07509
2.07509
2.04501
2.0487
2.0487
2.08317
2.08317
2.0235
2.09837
2.06531
2.07134
2.13496
2.08862
2.39359
2.0235
2.01303
2.33531
2.18831
2.18831
2.0235
2.01303
2.26307
2.09837
1.99583
2.03735
2.03737
1.94879
1.94768
1.94879
2.03344
2.03344
2.14123
2.24415
2.03393
2.14103
2.14103
2.00723
2.30414
2.14497
2.13657
2.29284
2.03735
2.1381
2.2431
1.99866
2.05054
1.99866
2.00699
2.05054
2.29072
2.07411
2.14254
2.02155
2.35705
2.05993
2.05993
2.06001
2.27524
2.1133
2.32148
2.25822
2.37225
2.04868
2.19748
2.085
2.03735
2.03735
1.98596
2.07973
2.03737
2.2555
1.98589
1.98589
2.33957
2.19557
2.26829
2.31724
2.31724
2.28669
2.20558
2.10045
2.11682
2.07746
2.33239
2.02624
2.02624
2.02627
2.15852
2.32931
2.18837
2.00992
2.0911
2.01588
2.04898
2.07293
2.01849
2.05548
2.07805
2.11028
2.04055
2.07199
2.03762
2.03667
2.02833
2.02833
2.04487
2.00122
2.00122
2.04524
2.03642
2.03642
2.07134
2.03642
2.07134
2.0368
2.06815
2.13133
2.12011
2.06419
1.92711
1.92671
1.90281
2.00785
1.98991
1.98025
2.29828
2.5652
0.749327
0.904593
2.39481
2.39481
2.65623
2.65623
0.778175
0.778175
2.24773
2.49588
0.728782
2.2079
2.458
0.717016
2.17033
2.4121
0.70709
2.22964
2.40178
0.708127
2.17024
2.17024
2.41209
2.41209
0.707033
0.707033
2.30767
2.57736
0.755585
2.30696
2.52982
0.738833
2.19011
2.44344
0.712919
2.39481
2.65623
0.778177
2.2677
2.55219
0.743665
2.24773
2.24773
2.4959
2.4959
0.728783
0.728783
2.25772
2.39562
0.701296
2.24258
2.47871
0.731719
2.07025
2.07025
2.24674
2.24674
0.656297
0.656297
2.27462
2.55187
0.747493
2.65525
0.605679
2.25378
2.39011
0.69894
2.65525
2.65525
0.605679
1.98761
2.14302
0.621364
2.20789
2.45798
0.717013
2.2079
2.458
0.717016
2.28322
2.54705
0.749908
2.20789
2.45798
0.717013
2.36024
2.58443
0.757081
2.21385
2.47342
0.717139
2.3507
2.62021
0.765563
2.28325
2.54705
0.749943
2.28322
2.54705
0.749908
2.24266
2.52174
0.737067
2.31261
2.54597
0.75066
2.25714
2.56394
0.756998
2.39465
2.64407
0.77269
2.23317
2.49361
0.732392
2.301
2.56862
0.751653
2.27392
2.52807
0.735864
2.28347
2.54728
0.748248
2.07479
2.25149
0.657859
)
;
    }
    procBoundary5to4throughBack
    {
        type            processorCyclic;
        value           nonuniform List<scalar> 
177
(
2.04443
1.99353
1.9175
1.83763
2.07094
2.02814
2.00099
1.98982
1.95606
1.88515
1.81028
2.0839
2.11247
2.12888
2.07507
2.04508
2.00963
2.00774
1.98003
1.99129
1.92152
1.84911
1.77419
2.00544
2.03207
2.11532
2.09995
2.14459
2.13626
2.15837
2.02661
2.04126
2.05573
2.06833
2.0488
2.0241
1.98773
1.99536
1.95469
1.92635
1.87535
1.8042
1.73234
1.70605
1.7781
1.84814
1.91718
1.94878
1.99605
1.9913
1.99874
2.24313
2.24258
2.47871
0.731736
0.712925
0.738826
0.716977
0.737058
0.772636
0.756811
0.750585
0.717149
0.765568
0.749895
0.757022
0.728576
0.748058
0.735715
0.743634
0.778163
0.751431
0.755422
0.749195
0.747387
0.732255
0.706759
0.707403
2.22798
2.24312
2.13976
2.20462
2.23459
2.28469
2.30405
2.33225
2.07753
2.07869
2.1106
2.12026
2.13118
2.06412
2.03331
2.0203
2.01888
2.01582
2.01309
1.95893
1.92699
1.90265
1.94765
2.00839
1.98602
2.00709
2.05065
2.13816
2.19013
2.44344
2.5298
2.45779
2.52162
2.64386
2.56306
2.54557
2.47337
2.62017
2.54667
2.58412
2.49484
2.54635
2.5273
2.5519
2.65603
2.56762
2.57665
2.56466
2.55153
2.49295
2.41128
2.39998
2.16896
2.23216
2.27412
2.29767
2.30691
2.2999
2.39486
2.34022
2.19625
2.26859
2.28691
2.31726
2.17367
2.05965
2.02158
2.07422
2.11316
2.04958
2.07277
2.25801
2.08472
2.04852
2.07965
2.25548
2.03744
2.29294
2.30698
2.20768
2.24252
2.39448
2.2562
2.31226
2.21385
2.35072
2.28281
2.36009
2.2466
2.28259
2.27319
2.26754
2.35709
2.27496
2.29089
2.14276
2.32148
2.37223
2.19747
)
;
    }
}


// ************************************************************************* //
