/*--------------------------------*- C++ -*----------------------------------*\
  =========                 |
  \\      /  F ield         | OpenFOAM: The Open Source CFD Toolbox
   \\    /   O peration     | Website:  https://openfoam.org
    \\  /    A nd           | Version:  10
     \\/     M anipulation  |
\*---------------------------------------------------------------------------*/
FoamFile
{
    format      ascii;
    class       volScalarField;
    location    "2000";
    object      omega;
}
// * * * * * * * * * * * * * * * * * * * * * * * * * * * * * * * * * * * * * //

dimensions      [0 0 -1 0 0 0 0];

internalField   nonuniform List<scalar> 
8636
(
1.50108
1.71403
1.157
0.569623
0.622947
0.508997
0.396122
0.374635
0.36218
0.308611
0.292723
0.283598
0.255972
0.242845
0.235118
3.85495
2.427
1.50108
1.71403
1.15699
1.02564
0.832092
0.720862
0.569627
0.622947
0.509001
0.557515
0.468633
0.419609
0.396127
0.374636
0.362185
0.420893
0.363973
0.328969
0.308615
0.292728
0.283602
0.336164
0.299318
0.273425
0.255975
0.242848
0.235122
5.08432
3.85494
2.42698
1.50107
1.71402
1.15699
1.02541
0.832092
0.720858
0.56963
0.622942
0.509003
0.557397
0.46864
0.419605
0.39613
0.374635
0.362187
0.420804
0.363977
0.32897
0.308616
0.292729
0.283603
0.336172
0.299322
0.273425
0.255976
0.242849
0.235123
5.08394
3.85491
2.42697
1.50107
1.71402
1.15698
1.02518
0.832088
0.720852
0.569629
0.622936
0.509003
0.557255
0.468639
0.419599
0.396129
0.374632
0.362187
0.420693
0.363975
0.328968
0.308615
0.292728
0.283603
0.336168
0.299324
0.273424
0.255974
0.242848
0.235122
5.08363
3.85487
2.42696
1.50107
1.71402
1.15698
1.02496
0.832081
0.720846
0.569626
0.622928
0.509001
0.557101
0.468632
0.419591
0.396125
0.374626
0.362184
0.420569
0.363968
0.328964
0.308611
0.292724
0.283599
0.33615
0.299323
0.27342
0.255971
0.242845
0.235119
5.08343
3.85483
2.42695
1.50107
1.71403
1.15697
1.02475
0.832071
0.720838
0.56962
0.622918
0.508993
0.556939
0.468619
0.41958
0.396118
0.374616
0.362176
0.420428
0.363954
0.328956
0.308604
0.292717
0.283593
0.336118
0.299317
0.273414
0.255965
0.242839
0.235113
5.08333
3.85479
2.42694
1.50106
1.71403
1.15696
1.02456
0.832056
0.720828
0.569606
0.622904
0.508979
0.55677
0.468594
0.419561
0.396102
0.374599
0.362162
0.420277
0.363931
0.328941
0.308591
0.292703
0.28358
0.336073
0.299303
0.273402
0.255954
0.242829
0.235103
5.0833
3.85475
2.42694
1.50106
1.71403
1.15695
1.02437
0.832031
0.720805
0.569577
0.622882
0.508951
0.556592
0.468552
0.419528
0.396073
0.37457
0.362136
0.420106
0.363892
0.328913
0.308566
0.29268
0.283559
0.33601
0.29928
0.27338
0.255935
0.242812
0.235087
5.08333
3.85471
2.42692
1.50104
1.71403
1.15693
1.02418
0.831983
0.720763
0.569516
0.62284
0.508901
0.556388
0.468475
0.419465
0.396017
0.374517
0.36209
0.419914
0.363826
0.328866
0.308524
0.292642
0.283524
0.335925
0.299241
0.273348
0.255905
0.242785
0.235061
5.08339
3.85467
2.42689
1.50096
1.714
1.15687
4.85411
1.02395
0.831869
0.720653
0.569378
0.622747
0.5088
0.556128
0.468335
0.419352
0.395917
0.374429
0.362016
0.419673
0.363725
0.32879
0.308457
0.292582
0.283472
0.335804
0.299179
0.273299
0.255861
0.242745
0.235026
5.0835
3.85461
2.4268
1.50071
1.71392
1.15671
4.84363
1.0236
0.831542
0.720337
0.569055
0.622521
0.508618
0.555707
0.468089
0.419154
0.395752
0.374289
0.361907
0.419425
0.363586
0.328682
0.308366
0.292504
0.283406
0.33571
0.29911
0.273236
0.255807
0.242698
0.234985
5.08356
3.85439
2.42626
1.49971
1.71353
1.15628
4.85907
1.02268
0.83064
0.719484
0.568469
0.621987
0.508345
0.555338
0.467748
0.41888
0.395538
0.374112
0.361784
0.419292
0.363471
0.32857
0.308271
0.292426
0.283343
0.33582
0.299092
0.273182
0.255758
0.242656
0.234948
5.0839
3.85277
2.42254
1.49642
1.71031
1.15542
7.1657
1.02132
0.829197
0.718115
0.568035
0.621211
0.508171
0.467514
0.418702
0.395406
0.374001
0.361717
0.363392
0.328512
0.308224
0.292387
0.283313
0.299065
0.273157
0.255735
0.242636
0.234932
1.35843
1.69809
2.52185
2.81862
2.26815
1.67189
2.04595
1.67353
1.40031
1.71411
1.32776
0.862072
0.832994
4.2809
3.54253
2.93407
2.5214
2.93427
2.52186
2.8186
2.26882
2.81863
2.26813
2.04642
1.67187
2.04593
1.67351
2.42702
1.98653
1.01952
0.9521
1.40029
0.928612
0.885295
1.5011
1.40032
0.928604
0.885313
1.32774
0.862026
0.832981
1.71411
1.32776
0.862042
0.832999
5.31652
5.31658
4.28089
3.54283
4.28088
3.54253
2.93404
2.52141
2.93425
2.52187
2.8186
2.2688
2.81864
2.26811
2.04641
1.67185
2.04592
1.6735
1.69988
3.86843
1.31114
5.08472
3.86897
1.48096
1.31113
2.81356
1.23114
1.12784
3.85528
2.8136
1.23115
1.12784
1.98757
1.01951
0.952079
2.427
1.98653
1.0195
0.952062
1.4003
0.928589
0.885278
1.5011
1.40033
0.928583
0.885298
1.32773
0.861999
0.832985
1.71411
1.32776
0.862018
0.833001
5.31654
5.31657
4.28087
3.54284
4.28086
3.54254
2.93403
2.52142
2.93425
2.52187
2.81861
2.26879
2.81865
2.2681
2.0464
1.67184
2.04591
1.67349
1.7038
1.69889
3.86836
1.48086
1.3111
5.08432
3.86889
1.48077
1.31109
2.81356
1.23114
1.12783
3.85526
2.81359
1.23114
1.12784
1.98758
1.01949
0.952047
2.42699
1.98654
1.01949
0.952034
1.4003
0.92857
0.885265
1.5011
1.40033
0.928566
0.885286
1.32773
0.861977
0.832985
1.7141
1.32775
0.861999
0.833
5.31653
5.31654
4.28086
3.54284
4.28084
3.54254
2.93403
2.52142
2.93426
2.52187
2.81863
2.26877
2.81867
2.26809
2.04639
1.67183
2.04591
1.67348
1.70283
1.698
3.86828
1.48067
1.31105
5.08399
3.86879
1.48057
1.31103
2.81355
1.23113
1.12783
3.85522
2.81358
1.23113
1.12783
1.98758
1.01948
0.952022
2.42698
1.98654
1.01948
0.952012
1.4003
0.928554
0.885254
1.50109
1.40033
0.928552
0.885276
1.32772
0.861959
0.832983
1.7141
1.32775
0.861982
0.832998
5.31648
5.31649
4.28084
3.54285
4.28083
3.54254
2.93404
2.52142
2.93428
2.52186
2.81864
2.26876
2.81869
2.26808
2.04639
1.67183
2.04591
1.67348
1.70197
1.69722
3.86818
1.48047
1.311
5.08377
3.8687
1.48037
1.31098
2.81354
1.23112
1.12783
3.85518
2.81357
1.23112
1.12783
1.98759
1.01947
0.952003
2.42697
1.98654
1.01947
0.951995
1.4003
0.928542
0.885244
1.50109
1.40033
0.92854
0.885266
1.32772
0.861944
0.83298
1.71411
1.32774
0.861968
0.832993
5.31643
5.31642
4.28083
3.54285
4.28082
3.54255
2.93406
2.52141
2.93429
2.52185
2.81866
2.26875
2.81871
2.26807
2.04639
1.67182
2.04591
1.67347
1.70122
1.69654
3.86809
1.48027
1.31094
5.08364
3.86861
1.48018
1.31091
2.81352
1.23111
1.12782
3.85514
2.81355
1.23111
1.12782
1.98759
1.01946
0.951987
2.42696
1.98654
1.01946
0.95198
1.40029
0.92853
0.885233
1.50109
1.40032
0.928528
0.885254
1.32771
0.861931
0.832975
1.71411
1.32773
0.861954
0.832986
1.35274
5.31636
5.31636
4.28082
3.54285
4.28082
3.54254
2.93407
2.5214
2.9343
2.52184
2.81868
2.26874
2.81872
2.26806
2.04638
1.67181
2.0459
1.67346
1.70056
1.69594
3.868
1.48009
1.31087
5.0836
3.86853
1.48001
1.31085
2.81351
1.2311
1.12781
3.8551
2.81353
1.23109
1.12781
1.98759
1.01945
0.951971
2.42695
1.98654
1.01944
0.951963
1.40029
0.928517
0.88522
1.50109
1.40031
0.928513
0.885238
1.3277
0.861916
0.832966
1.71411
1.32772
0.861936
0.832974
1.35235
1.35185
5.3163
5.31629
4.28082
3.54285
4.28082
3.54254
2.93409
2.52139
2.93431
2.52183
2.81869
2.26874
2.81874
2.26805
2.04639
1.6718
2.0459
1.67345
1.69999
1.6954
3.86792
1.47992
1.3108
5.08362
3.86845
1.47984
1.31077
2.81349
1.23107
1.12779
3.85506
2.81351
1.23106
1.12778
1.98758
1.01943
0.95195
2.42694
1.98653
1.01942
0.951935
1.40027
0.928497
0.885199
1.50107
1.40029
0.928483
0.885208
1.32769
0.861893
0.832948
1.71411
1.3277
0.861906
0.832949
1.35146
1.35096
5.31621
5.31621
4.28082
3.54284
4.28083
3.54252
2.9341
2.52137
2.93431
2.5218
2.81871
2.26873
2.81875
2.26802
2.04638
1.6718
2.04588
1.67343
1.69946
1.69488
3.86785
1.47976
1.31072
5.08367
3.86839
1.47967
1.31066
2.81346
1.23103
1.12775
3.85501
2.81347
1.23099
1.12772
1.98757
1.01939
0.951911
2.42691
1.9865
1.01936
0.951875
1.40024
0.928455
0.885156
1.50103
1.40024
0.928417
0.885143
1.32766
0.861851
0.832913
1.71409
1.32766
0.861842
0.832896
1.35056
4.85664
1.35002
5.31613
5.31609
4.28082
3.54282
4.28081
3.54247
2.93409
2.52134
2.93428
2.52175
2.81873
2.26871
2.81874
2.26796
2.04637
1.67179
2.04582
1.67341
1.69895
1.69436
3.86779
1.47957
1.31057
5.08373
3.86832
1.47946
1.31046
2.81342
1.23091
1.12764
3.85495
2.81339
1.2308
1.12753
1.98754
1.01929
0.951813
2.42683
1.98642
1.01918
0.951704
1.40016
0.928345
0.885052
1.5009
1.4001
0.928221
0.884965
1.32759
0.861751
0.832829
1.71403
1.32754
0.861676
0.832762
1.34957
4.84517
1.34904
5.316
5.31584
4.2808
3.54276
4.28066
3.54228
2.93405
2.52128
2.93411
2.52155
2.81871
2.26865
2.81867
2.26775
2.04632
1.67176
2.04563
1.67333
1.69847
1.69379
3.86773
1.4793
1.31025
5.08396
3.86819
1.47903
1.30989
2.81333
1.23058
1.12729
3.85477
2.81308
1.23021
1.12691
1.98742
1.01897
0.951508
2.4265
1.98607
1.01859
0.95115
1.39992
0.928
0.884751
1.50041
1.39965
0.927596
0.884425
1.3274
0.861467
0.832609
1.71378
1.3272
0.861189
0.832398
1.34861
4.84267
1.34786
5.31567
5.31424
4.28055
3.54246
4.27902
3.5407
2.9338
2.52101
2.93292
2.52033
2.81859
2.26845
2.8181
2.26689
2.04614
1.67168
2.04488
1.67311
1.69792
1.69333
3.86759
1.47853
1.30923
5.08321
3.86717
1.47771
1.30819
2.81291
1.22956
1.12624
3.85358
2.81119
1.22862
1.12524
1.98691
1.01794
0.950495
2.42405
1.9837
1.01693
0.949372
1.39907
0.926932
0.883855
1.49838
1.39807
0.92589
0.883048
1.32678
0.860688
0.83203
1.71173
1.32609
0.859991
0.831551
1.34745
5.97942
1.34947
5.31313
5.31081
4.27784
3.53987
4.27454
3.53638
2.93203
2.51924
2.93017
2.51778
2.81766
2.26746
2.81621
2.26542
2.04534
1.67148
2.04372
1.67293
3.86617
1.47688
1.30706
5.08619
3.86518
1.47656
1.30658
2.80996
1.22756
1.12405
3.8511
2.80628
1.22705
1.12343
1.98332
1.01568
0.947896
2.41798
1.97844
1.01497
0.947002
1.3966
0.924774
0.882163
1.49534
1.39581
0.924259
0.881799
1.3251
0.8591
0.83101
1.70765
1.32462
0.858603
0.830756
3.79987
9.31357
4.60275
2.0339
2.9161
1.95101
3.10144
5.33845
5.3331
5.37519
5.54024
7.60349
5.96322
11.3116
16.2608
5.17579
3.70161
5.11453
3.71092
5.44277
6.0123
2.49252
1.69449
2.52647
3.83812
2.34864
3.78089
2.35028
5.17525
3.71445
3.8331
2.35346
5.23685
5.23674
1.07711
1.15704
1.07721
0.782271
0.749696
5.23686
5.23675
1.07712
0.782203
0.749374
1.15703
1.07721
0.782259
0.749693
5.23686
5.23675
2.08493
3.75428
2.16852
3.85525
2.08608
3.75399
2.16974
1.07712
0.782191
0.74937
1.15703
1.07721
0.782249
0.74969
5.23686
5.23675
2.31358
4.03302
2.74404
5.08446
2.30976
4.03428
2.74438
2.08492
3.75429
2.16852
3.85523
2.08608
3.75399
2.16974
1.07712
0.782182
0.749366
1.15702
1.07721
0.78224
0.749685
5.23685
5.23674
2.31336
4.03276
2.74362
5.0841
2.30955
4.03402
2.74396
2.08492
3.75427
2.16851
3.8552
2.08607
3.75397
2.16973
1.07712
0.782174
0.749361
1.15701
1.07721
0.782233
0.74968
5.23684
5.23674
2.31313
4.03252
2.74322
5.08382
2.30932
4.03379
2.74358
2.08491
3.75424
2.16849
3.85516
2.08606
3.75394
2.16971
1.07711
0.782167
0.749355
1.15701
1.07721
0.782225
0.749673
5.23684
5.23673
2.31292
4.03231
2.74288
5.08364
2.3091
4.0336
2.74326
2.0849
3.75421
2.16847
3.85512
2.08605
3.7539
2.16968
1.07711
0.782159
0.749348
1.157
1.0772
0.782217
0.749663
5.23683
5.23672
2.31272
4.03215
2.74261
5.08356
2.3089
4.03345
2.74301
2.08488
3.75417
2.16844
3.85508
2.08604
3.75387
2.16965
1.0771
0.782149
0.749337
1.15699
1.07719
0.782202
0.749647
2.68895
2.68628
5.23682
5.23672
2.31255
4.03204
2.74242
5.08355
2.30873
4.03334
2.74283
2.08486
3.75414
2.16841
3.85504
2.08602
3.75383
2.16961
1.07708
0.782131
0.74932
1.15697
1.07717
0.782177
0.749618
2.68241
2.6799
5.23682
5.2367
2.31241
4.03196
2.74229
5.08359
2.30858
4.03328
2.74272
2.08482
3.7541
2.16837
3.855
2.08599
3.75379
2.16955
1.07706
0.782095
0.749286
1.15694
1.07712
0.782121
0.749561
4.86286
2.67648
2.67411
5.23681
5.2367
2.31228
4.03192
2.74223
5.08365
2.30846
4.03324
2.74267
2.08473
3.75405
2.16831
3.85495
2.08594
3.75373
2.16947
1.07699
0.782013
0.749213
1.15684
1.07702
0.781987
0.749437
4.85062
2.6711
2.66884
5.23678
5.23669
2.31215
4.03194
2.74224
5.0838
2.30837
4.03328
2.74269
2.08449
3.75397
2.16819
3.85485
2.08582
3.7536
2.16924
1.07684
0.781804
0.749045
1.15658
1.07677
0.781643
0.749156
4.84152
2.66627
2.66431
5.23672
5.23664
2.3116
4.03197
2.74226
5.08347
2.30813
4.03312
2.7426
2.08354
3.75368
2.16778
3.85442
2.08534
3.75307
2.16839
1.07647
0.781286
0.748671
1.15591
1.07625
0.780927
0.748655
2.92387
4.93901
2.9449
1.83418
2.66453
1.83473
2.66928
5.23647
5.23649
2.74214
5.08576
2.74278
2.3097
4.03102
2.30687
4.03181
2.07994
3.75173
2.16568
3.852
2.08294
3.75027
2.16518
1.07587
0.780508
0.748173
1.15523
1.0758
0.780421
0.748343
5.23691
5.13157
4.26528
5.23107
2.5214
4.42318
2.65642
4.42303
2.65395
5.23151
2.81859
5.27292
3.12386
5.27291
3.12393
5.19029
2.26883
4.03549
2.67565
4.03568
2.67581
5.19019
4.26521
5.13159
4.26514
5.13158
2.45224
2.70149
1.65608
1.67346
2.45198
1.65723
2.70183
5.23674
5.23692
4.26513
5.13159
4.26527
5.13159
2.79504
2.04643
3.59742
1.75835
3.5975
1.75751
2.79522
2.45197
1.67189
2.70186
1.65728
1.65607
2.45227
2.7015
4.28091
3.94298
3.9431
3.54284
3.75918
3.75935
5.5999
5.5818
2.86709
2.93424
5.59993
5.58199
2.8694
5.23144
4.42303
2.65392
2.52181
5.23107
4.42313
2.6564
5.59989
2.93405
5.58204
2.8694
5.58181
2.86708
5.59987
5.23107
2.52141
4.42318
2.65641
4.42303
2.65393
5.23149
5.27293
3.12393
2.8186
5.27295
3.12382
5.19012
4.03567
2.6758
2.2681
5.19028
4.03543
2.6756
2.81859
5.27297
3.12386
5.27296
3.12394
5.19027
2.26881
4.03547
2.67563
4.03567
2.67579
5.19017
4.2652
5.13161
4.26513
5.13159
2.79519
3.5975
1.7575
2.04589
2.79503
3.59737
1.7583
2.45223
2.70146
1.65607
1.67345
2.45196
1.65722
2.70179
5.23674
5.23692
4.26512
5.1316
4.26525
5.13161
2.79502
2.04642
3.59741
1.75834
3.59749
1.7575
2.79521
2.45196
1.67187
2.70183
1.65727
1.65607
2.45226
2.70147
5.31653
5.31654
3.94309
4.28084
3.94294
3.75936
3.54249
3.75915
4.28089
3.94298
3.9431
3.54283
3.75919
3.75937
5.59985
5.58181
2.86703
2.93421
5.59987
5.582
2.86934
5.23142
4.42303
2.65391
2.52182
5.23106
4.42312
2.65639
5.59984
2.93403
5.58206
2.86935
5.58182
2.86702
5.59983
5.23104
2.52142
4.42317
2.6564
4.42302
2.65392
5.23147
5.27298
3.12394
2.81861
5.27299
3.12382
5.19011
4.03566
2.67578
2.26808
5.19027
4.03541
2.67558
2.8186
5.27301
3.12387
5.273
3.12394
5.19026
2.26879
4.03545
2.67562
4.03565
2.67577
5.19016
4.26519
5.13162
4.26512
5.1316
2.79517
3.59749
1.75749
2.04588
2.79502
3.59736
1.75829
2.45221
2.70143
1.65606
1.67344
2.45195
1.65722
2.70177
5.23674
5.23692
4.26511
5.13161
4.26524
5.13161
2.79501
2.0464
3.59741
1.75833
3.59748
1.75749
2.7952
2.45195
1.67186
2.7018
1.65727
1.65606
2.45225
2.70144
5.00717
3.69158
3.69205
5.00655
1.70431
2.34777
2.34938
2.24482
3.877
2.17639
3.86896
2.24084
3.87812
2.17819
2.30986
5.08454
4.03446
2.74463
4.03315
2.74426
2.31371
2.24083
3.8684
3.87811
2.17821
3.87696
2.17638
2.2448
1.98481
3.52041
1.74023
2.81357
1.9861
3.52012
1.74044
2.08607
3.85494
3.75403
2.16978
3.75429
2.16852
2.08496
1.98609
2.81356
3.52017
1.74046
3.52042
1.74022
1.98485
5.31654
5.31654
3.9431
4.28082
3.94294
3.75938
3.5425
3.75917
4.28087
3.94298
3.9431
3.54284
3.75922
3.75939
5.5998
5.58183
2.86698
2.93421
5.59983
5.58202
2.8693
5.23139
4.42302
2.6539
2.52182
5.23103
4.4231
2.65638
5.5998
2.93403
5.58209
2.86932
5.58185
2.86699
5.59979
5.23101
2.52142
4.42315
2.65639
4.42301
2.65391
5.23144
5.27302
3.12395
2.81862
5.27302
3.12383
5.1901
4.03564
2.67577
2.26806
5.19026
4.03539
2.67557
2.81862
5.27304
3.12388
5.27303
3.12395
5.19025
2.26878
4.03544
2.67561
4.03563
2.67576
5.19016
4.26518
5.13162
4.26511
5.1316
2.79516
3.59748
1.75748
2.04587
2.79501
3.59736
1.75828
2.45221
2.70141
1.65606
1.67342
2.45195
1.65721
2.70175
5.23674
5.23692
4.2651
5.1316
4.26524
5.13161
2.795
2.0464
3.5974
1.75832
3.59748
1.75748
2.79519
2.45194
1.67185
2.70178
1.65727
1.65606
2.45225
2.70142
5.00582
3.69165
5.00635
3.69117
2.34883
1.69937
2.34721
5.00574
3.69084
3.69128
5.0053
1.7033
2.34673
2.34831
2.24474
3.8769
2.17636
3.86889
2.24077
3.87802
2.17816
2.30966
5.08413
4.03419
2.74421
4.03289
2.74383
2.3135
2.24074
3.86832
3.87799
2.17817
3.87685
2.17634
2.24471
1.9848
3.52042
1.74022
2.81357
1.98609
3.52012
1.74042
2.08607
3.85492
3.75402
2.16977
3.75428
2.16852
2.08496
1.98609
2.81356
3.52016
1.74045
3.52042
1.74021
1.98484
5.31652
5.31651
3.94309
4.2808
3.94293
3.7594
3.5425
3.75919
4.28085
3.94297
3.94309
3.54285
3.75923
3.75941
5.59977
5.58186
2.86696
2.93422
5.59979
5.58205
2.86928
5.23135
4.423
2.65389
2.52182
5.231
4.42308
2.65637
5.59977
2.93404
5.58211
2.86931
5.58188
2.86697
5.59976
5.23098
2.52142
4.42313
2.65638
4.42299
2.6539
5.2314
5.27305
3.12396
2.81864
5.27305
3.12384
5.1901
4.03562
2.67576
2.26805
5.19026
4.03538
2.67556
2.81863
5.27305
3.1239
5.27305
3.12396
5.19025
2.26876
4.03542
2.6756
4.03561
2.67575
5.19015
4.26517
5.13161
4.2651
5.13159
2.79516
3.59748
1.75747
2.04586
2.795
3.59736
1.75828
2.4522
2.70139
1.65606
1.67342
2.45194
1.65721
2.70173
5.23673
5.23691
4.26509
5.13159
4.26523
5.1316
2.795
2.04639
3.5974
1.75832
3.59748
1.75747
2.79518
2.45194
1.67184
2.70177
1.65726
1.65605
2.45224
2.70141
5.00492
3.69094
5.00529
3.6905
2.34783
1.69842
2.34624
5.00501
3.69025
3.69065
1.70239
2.34584
2.34739
2.24464
3.87678
2.17631
3.8688
2.24068
3.87789
2.17811
2.30944
5.08378
4.03395
2.7438
4.03264
2.74342
2.31328
2.24064
3.86823
3.87787
2.17811
3.87672
2.17628
2.24461
1.9848
3.52041
1.7402
2.81356
1.98609
3.52011
1.74041
2.08606
3.85489
3.75399
2.16975
3.75426
2.1685
2.08495
1.98609
2.81355
3.52015
1.74044
3.52041
1.7402
1.98484
5.31648
5.31646
3.94309
4.28079
3.94293
3.75942
3.5425
3.7592
4.28084
3.94297
3.94308
3.54285
3.75924
3.75942
5.59974
5.58188
2.86695
2.93422
5.59976
5.58207
2.86927
5.23131
4.42298
2.65388
2.52182
5.23096
4.42306
2.65636
5.59975
2.93405
5.58212
2.86931
5.58189
2.86697
5.59973
5.23093
2.52141
4.42311
2.65637
4.42296
2.6539
5.23135
5.27306
3.12397
2.81866
5.27306
3.12385
5.19009
4.03561
2.67575
2.26804
5.19025
4.03536
2.67555
2.81865
5.27306
3.1239
5.27306
3.12397
5.19025
2.26875
4.03541
2.67559
4.0356
2.67575
5.19015
4.26517
5.1316
4.26509
5.13158
2.79515
3.59748
1.75747
2.04586
2.795
3.59736
1.75827
2.4522
2.70138
1.65605
1.67341
2.45194
1.65721
2.70172
5.23673
5.2369
4.26509
5.13157
4.26523
5.13158
2.79499
2.04639
3.5974
1.75831
3.59748
1.75747
2.79518
2.45193
1.67184
2.70177
1.65726
1.65605
2.45224
2.7014
3.69038
3.68997
2.34699
1.69759
2.34544
3.68979
3.69016
1.70158
2.34513
2.34663
2.24453
3.87665
2.17625
3.86871
2.24057
3.87776
2.17804
2.30921
5.08353
4.03373
2.74344
4.03241
2.74305
2.31306
2.24053
3.86813
3.87774
2.17805
3.8766
2.17622
2.2445
1.98479
3.5204
1.74019
2.81354
1.98608
3.5201
1.7404
2.08606
3.85485
3.75396
2.16973
3.75423
2.16848
2.08494
1.98608
2.81353
3.52013
1.74043
3.52039
1.74019
1.98483
5.31642
5.3164
3.94308
4.28078
3.94292
3.75942
3.54251
3.75921
4.28083
3.94296
3.94307
3.54285
3.75925
3.75942
5.59972
5.58189
2.86695
2.93424
5.59974
5.58208
2.86928
5.23127
4.42295
2.65387
2.52181
5.23091
4.42304
2.65635
5.59972
2.93406
5.58213
2.86932
5.5819
2.86698
5.59971
5.23089
2.5214
4.42308
2.65637
4.42294
2.65389
5.23131
5.27306
3.12398
2.81867
5.27306
3.12386
5.19009
4.0356
2.67575
2.26803
5.19025
4.03535
2.67555
2.81867
5.27305
3.12391
5.27305
3.12398
5.19024
2.26875
4.0354
2.67559
4.03558
2.67574
5.19014
4.26517
5.13158
4.26509
5.13156
2.79515
3.59748
1.75746
2.04586
2.79499
3.59736
1.75827
2.4522
2.70138
1.65605
1.6734
2.45193
1.6572
2.70172
5.23672
5.2369
4.26509
5.13155
4.26523
5.13156
2.79499
2.04639
3.59741
1.75831
3.59748
1.75746
2.79518
2.45193
1.67183
2.70177
1.65726
1.65605
2.45224
2.7014
3.68996
3.68958
2.34632
1.69686
2.34481
5.0049
3.68945
3.68979
5.00477
4.55266
4.55607
3.67416
1.70088
2.34458
2.4482
2.34605
2.45031
3.67372
2.24442
3.87653
2.17619
3.86861
2.24046
3.87764
2.17798
2.309
5.08338
4.03356
2.74316
4.03223
2.74274
2.31285
2.24042
3.86804
3.87763
2.17798
3.87648
2.17616
2.24439
1.98479
3.52038
1.74018
2.81353
1.98607
3.52007
1.74039
2.08604
3.85481
3.75393
2.1697
3.75419
2.16845
2.08493
1.98607
2.81351
3.5201
1.74041
3.52036
1.74018
1.98482
5.31635
5.31634
3.94307
4.28077
3.94291
3.75942
3.5425
3.75921
4.28082
3.94296
3.94307
3.54285
3.75925
3.75942
5.5997
5.58189
2.86697
2.93425
5.59972
5.58208
2.8693
5.23122
4.42293
2.65387
2.5218
5.23087
4.42301
2.65635
5.59971
2.93408
5.58212
2.86934
5.58189
2.867
5.59969
5.23084
2.5214
4.42306
2.65636
4.42291
2.65388
5.23126
5.27305
3.12398
2.81869
5.27305
3.12387
5.19008
4.03558
2.67574
2.26802
5.19024
4.03535
2.67555
2.81869
5.27304
3.12391
5.27304
3.12398
5.19021
2.26874
4.03539
2.67559
4.03557
2.67574
5.19013
4.26517
5.13156
4.2651
5.13154
2.79516
3.59749
1.75746
2.04586
2.795
3.59737
1.75827
2.4522
2.70138
1.65605
1.67339
2.45193
1.6572
2.70173
5.23671
5.23689
4.26509
5.13153
4.26524
5.13154
2.795
2.04639
3.59741
1.7583
3.59749
1.75746
2.79519
2.45193
1.67182
2.70177
1.65725
1.65605
2.45224
2.7014
5.00494
3.68965
5.00504
3.68929
4.55097
4.54768
3.67393
2.34581
2.44921
1.69623
3.67429
2.34434
2.44713
5.00526
3.68922
3.68953
5.00519
4.54303
4.54615
3.67461
1.70027
2.34418
2.44618
2.34561
2.4482
3.67434
2.24432
3.87642
2.17612
3.86853
2.24035
3.87753
2.17791
2.30881
5.08331
4.03343
2.74294
4.03209
2.74251
2.31266
2.24032
3.86795
3.87752
2.17791
3.87637
2.17609
2.24429
1.98477
3.52035
1.74017
2.81351
1.98606
3.52005
1.74038
2.08602
3.85477
3.75389
2.16967
3.75416
2.16842
2.08491
1.98606
2.8135
3.52007
1.7404
3.52034
1.74017
1.9848
2.68302
2.6856
5.31627
5.31627
3.94306
4.28077
3.94291
3.75942
3.5425
3.7592
4.28082
3.94294
3.94306
3.54284
3.75924
3.75942
5.59968
5.58188
2.86699
2.93426
5.5997
5.58207
2.86933
5.23118
4.4229
2.65386
2.52178
5.23082
4.42298
2.65634
5.59969
2.93409
5.58211
2.86938
5.58188
2.86703
5.59968
5.2308
2.52138
4.42303
2.65635
4.42288
2.65387
5.23122
5.27303
3.12398
2.81871
5.27302
3.12386
5.19007
4.03557
2.67574
2.26801
5.19021
4.03534
2.67554
2.8187
5.27301
3.1239
5.27301
3.12398
5.1902
2.26873
4.03538
2.67558
4.03557
2.67573
5.19012
4.26518
5.13154
4.2651
5.13152
2.79516
3.59749
1.75746
2.04585
2.795
3.59737
1.75826
2.45219
2.70139
1.65604
1.67338
2.45193
1.65719
2.70173
5.23671
5.23689
4.2651
5.13151
4.26524
5.13152
2.795
2.04638
3.59742
1.7583
3.59749
1.75746
2.79519
2.45193
1.67181
2.70178
1.65724
1.65604
2.45224
2.70141
5.00545
3.68943
5.0055
3.68909
4.5416
4.53858
3.67482
2.34543
2.44727
1.69566
3.67505
2.34399
2.44525
5.00581
3.68905
3.68935
5.00578
4.53445
4.5373
3.67562
1.69972
2.34387
2.44445
2.34528
2.4464
3.67547
2.24422
3.87632
2.17605
3.86845
2.24025
3.87744
2.17784
2.30865
5.08332
4.03335
2.7428
4.032
2.74235
2.31251
2.24022
3.86788
3.87744
2.17784
3.87629
2.17602
2.2442
1.98475
3.52032
1.74016
2.81349
1.98605
3.52002
1.74036
2.086
3.85473
3.75385
2.16962
3.75412
2.16839
2.08488
1.98604
2.81347
3.52004
1.74038
3.52031
1.74015
1.98478
2.67694
2.67937
5.3162
5.31619
3.94305
4.28078
3.9429
3.75941
3.54249
3.75919
4.28083
3.94293
3.94305
3.54283
3.75922
3.7594
5.59967
5.58186
2.86703
2.93427
5.59969
5.58205
2.86936
5.23114
4.42288
2.65386
2.52176
5.23078
4.42296
2.65633
5.59967
2.93409
5.58208
2.86941
5.58186
2.86707
5.59966
5.23074
2.52136
4.42302
2.65635
4.42286
2.65387
5.23119
5.27301
3.12398
2.81872
5.273
3.12386
5.19003
4.03557
2.67573
2.268
5.1902
4.03532
2.67553
2.81872
5.27299
3.12389
5.27299
3.12397
5.19019
2.26872
4.03537
2.67556
4.03556
2.67572
5.19009
4.26518
5.13152
4.2651
5.13149
2.79516
3.5975
1.75746
2.04584
2.795
3.59738
1.75825
2.45219
2.70139
1.65603
1.67337
2.45193
1.65718
2.70174
5.23669
5.23687
4.2651
5.13148
4.26524
5.1315
2.795
2.04638
3.59742
1.75828
3.5975
1.75745
2.79519
2.45193
1.67181
2.70179
1.65722
1.65603
2.45223
2.70142
5.00611
3.68928
5.00612
3.68896
4.53327
4.53054
3.67616
2.34516
2.44559
1.69513
3.67629
2.34373
2.44364
5.00649
3.68894
3.68923
5.00648
4.52692
4.52952
3.67703
1.69921
2.34365
2.44294
2.34505
2.44485
3.67697
2.24414
3.87625
2.17598
3.86838
2.24017
3.87738
2.17776
2.30852
5.08336
4.0333
2.74272
4.03194
2.74226
2.31238
2.24014
3.86782
3.87738
2.17775
3.87623
2.17595
2.24412
1.98472
3.52029
1.74014
2.81346
1.98603
3.51998
1.74033
2.08597
3.85469
3.7538
2.16956
3.75408
2.16834
2.08482
1.98601
2.81344
3.52
1.74033
3.52027
1.74012
1.98472
4.86021
2.67144
2.67373
5.3161
5.31609
3.94304
4.28078
3.94288
3.75939
3.54246
3.75915
4.28083
3.9429
3.94303
3.5428
3.75916
3.75937
5.59966
5.58184
2.86707
2.93426
5.59967
5.58202
2.8694
5.23109
4.42286
2.65385
2.52173
5.23073
4.42294
2.65633
5.59966
2.93408
5.58203
2.86944
5.58183
2.86711
5.59965
5.23073
2.52132
4.423
2.65634
4.42285
2.65387
5.23116
5.27299
3.12395
2.81873
5.27298
3.12383
5.19
4.03556
2.67571
2.26796
5.19019
4.0353
2.6755
2.81872
5.27296
3.12383
5.27296
3.12393
5.19016
2.26869
4.03534
2.67551
4.03555
2.67569
5.19005
4.26518
5.13149
4.26511
5.13147
2.79516
3.5975
1.75744
2.04581
2.79501
3.59737
1.75822
2.45218
2.7014
1.65601
1.67336
2.45192
1.65714
2.70174
5.2367
5.23686
4.26511
5.13146
4.26523
5.13147
2.795
2.04635
3.59741
1.75823
3.5975
1.75743
2.79518
2.45191
1.67179
2.70178
1.65717
1.656
2.45221
2.70142
5.00678
3.68917
5.0068
3.68884
4.52594
4.52336
3.67772
2.34494
2.44413
1.69459
3.67781
2.34352
2.44221
5.00713
3.68883
3.68912
5.00717
4.52012
4.52248
3.67859
1.6987
2.34346
2.44159
2.34485
2.44346
3.67861
2.24407
3.87619
2.17591
3.86832
2.24009
3.87732
2.17766
2.30841
5.08342
4.03329
2.7427
4.03192
2.74222
2.31226
2.24008
3.86776
3.87734
2.17761
3.87618
2.17586
2.24406
1.98463
3.52025
1.7401
2.81341
1.98598
3.51993
1.74025
2.08589
3.85464
3.75372
2.16942
3.75402
2.16826
2.08468
1.98593
2.81339
3.51992
1.7402
3.52022
1.74005
1.98458
4.84831
2.66641
2.66857
5.31594
5.31591
3.94299
4.28072
3.94281
3.75932
3.54237
3.75906
4.28075
3.94272
3.94292
3.54268
3.75895
3.75923
5.59964
5.58178
2.86711
2.93418
5.59965
5.58194
2.86942
5.23107
4.42284
2.65385
2.52163
5.23071
4.42292
2.65632
5.59964
2.93398
5.58195
2.86944
5.58176
2.86714
5.59963
5.2307
2.5212
4.42294
2.6563
4.42282
2.65386
5.23111
5.27296
3.12389
2.8187
5.27294
3.12373
5.18996
4.03553
2.67565
2.26785
5.19014
4.03526
2.67542
2.81868
5.27292
3.12364
5.27293
3.1238
5.1901
2.26859
4.03525
2.67534
4.0355
2.67558
5.18996
4.26518
5.13146
4.2651
5.13144
2.79512
3.59748
1.7574
2.04571
2.79499
3.59734
1.75814
2.45214
2.70139
1.65597
1.67331
2.4519
1.65706
2.70174
5.23667
5.23682
4.2651
5.13143
4.26522
5.13144
2.79496
2.04627
3.59733
1.75809
3.59746
1.75735
2.79511
2.45187
1.67174
2.70177
1.65702
1.65592
2.45214
2.7014
5.00802
3.68913
5.00769
3.68889
4.51966
4.51786
3.67976
2.3448
2.44289
1.69413
3.67963
2.34344
2.44113
5.009
3.68931
3.6894
5.00957
4.5179
4.51822
3.68092
1.69821
2.34358
2.44134
2.34489
2.44264
3.68133
2.24401
3.87617
2.17579
3.86823
2.24004
3.8773
2.17745
2.30831
5.08369
4.03334
2.74275
4.032
2.74227
2.31203
2.24005
3.86769
3.87733
2.17726
3.87619
2.17569
2.244
1.98436
3.52016
1.73996
2.81326
1.98585
3.5198
1.74
2.08567
3.85454
3.75349
2.16901
3.75388
2.16807
2.08422
1.98568
2.8132
3.51967
1.73971
3.52007
1.7398
1.98407
4.84158
2.91877
2.92042
1.8354
2.66284
2.66443
1.83152
5.3154
5.31499
3.94271
4.28024
3.94231
3.75898
3.54183
3.75847
4.27986
3.94104
3.94199
3.54177
3.75713
3.75818
5.59961
5.5817
2.86709
2.93375
5.59963
5.58178
2.86933
5.23096
4.42274
2.6538
2.52117
5.23066
4.42274
2.65602
5.59958
2.93329
5.5815
2.86909
5.58151
2.86695
5.59955
5.23049
2.52049
4.42235
2.65539
4.4225
2.65352
5.23066
5.27291
3.1236
2.81851
5.27287
3.12328
5.18976
4.03542
2.67542
2.26743
5.19002
4.03505
2.67504
2.81834
5.27274
3.12247
5.27282
3.12308
5.18981
2.26814
4.03476
2.67441
4.03523
2.67502
5.18948
4.26513
5.13144
4.26508
5.13141
2.79499
3.59739
1.75725
2.04533
2.79491
3.59717
1.75787
2.45201
2.70136
1.65583
1.67317
2.45182
1.6568
2.70169
5.23659
5.23668
4.26504
5.13138
4.26511
5.13141
2.79479
2.04587
3.59694
1.75759
3.59724
1.75707
2.79484
2.45171
1.67161
2.70168
1.65659
1.65567
2.4519
2.70134
5.01264
3.68978
5.01046
3.68948
4.52299
4.54719
3.68452
2.34498
2.44305
1.69336
3.68242
2.34357
2.44291
3.69342
5.053
5.02206
3.69038
4.84034
4.64381
2.46286
2.34461
3.72642
3.69578
1.69777
2.34517
2.45015
2.24387
3.87616
2.17545
3.8679
2.23998
3.87715
2.17672
2.74237
2.30767
5.08285
4.03245
4.03166
2.7421
2.31077
2.23974
3.86719
3.87662
2.17564
3.87591
2.17488
2.2435
1.98329
3.51983
1.73942
2.81254
1.98532
3.5192
1.73895
2.08459
3.85393
3.75212
2.16717
3.75311
2.16711
2.0822
1.98441
2.8121
3.51811
1.73726
3.51917
1.73843
1.98166
5.14214
3.27441
3.01559
2.75762
1.87821
1.84481
2.69012
5.3118
5.31085
3.93994
4.27622
3.93824
3.75599
3.53813
3.75416
4.27499
3.93642
3.93704
3.53722
3.75226
3.75296
5.59933
5.58102
2.86649
2.93117
5.59945
5.58078
2.86821
5.22981
4.4218
2.65282
2.51864
5.22997
4.42134
2.6542
5.59917
2.93037
5.58052
2.86795
5.58042
2.86594
5.59906
5.22918
2.51771
4.4208
2.6536
4.42087
2.65195
5.22932
5.27262
3.12181
2.81713
5.27245
3.12082
5.18879
4.03476
2.67409
2.2659
5.18932
4.03408
2.67317
2.81658
5.27214
3.11985
5.27228
3.12021
5.18869
2.2667
4.03369
2.67252
4.03416
2.67294
5.18844
4.26493
5.13138
4.26495
5.13133
2.79451
3.59688
1.75673
2.04406
2.79456
3.59642
1.75709
2.45163
2.70124
1.6554
1.6729
2.45153
1.6562
2.70155
5.23634
5.23645
4.26483
5.13127
4.26493
5.13131
2.79427
2.04474
3.59614
1.75692
3.59643
1.75635
2.79433
2.45133
1.67142
2.70153
1.65609
1.65515
2.45154
2.7012
2.24242
3.87513
2.17362
3.86582
2.23911
3.87555
2.17393
5.08587
2.74287
2.74235
2.3061
4.03177
4.03062
2.30933
2.23835
3.86498
3.87506
2.17317
3.87422
2.17228
2.24206
1.97887
3.51753
1.73616
2.80832
1.98232
3.51585
1.73426
2.08099
3.8513
3.74917
2.16426
3.74999
2.16405
2.0788
1.9799
2.80707
3.51444
1.73267
3.51533
1.73339
1.97754
1.25171
1.7677
1.26677
1.71407
1.25273
1.76741
1.2672
1.5022
2.21242
1.62429
2.42697
1.50342
2.21211
1.62446
1.2517
1.76771
1.26673
1.71406
1.25273
1.76741
1.26717
0.896951
0.798862
0.694227
1.02548
0.896894
0.798163
0.694014
0.772169
0.644778
0.59755
0.832059
0.772139
0.644522
0.597365
1.50219
2.21242
1.62427
2.42696
1.50341
2.21211
1.62445
1.25169
1.76771
1.26671
1.71406
1.25272
1.76742
1.26715
0.896921
0.798482
0.694211
1.02524
0.89686
0.797799
0.693988
0.772173
0.644769
0.597547
0.832056
0.772142
0.644512
0.597363
1.50218
2.21242
1.62425
2.42694
1.5034
2.21211
1.62443
1.25169
1.76771
1.2667
1.71406
1.25271
1.76742
1.26713
0.896884
0.798136
0.69418
1.02502
0.89682
0.797473
0.693954
0.772174
0.644759
0.597545
0.832051
0.772142
0.644501
0.597361
1.50218
2.21242
1.62424
2.42693
1.5034
2.21211
1.62442
1.25168
1.76771
1.26669
1.71406
1.25271
1.76741
1.26712
0.896841
0.797827
0.694138
1.0248
0.896775
0.797179
0.693907
0.772173
0.644746
0.597543
0.832043
0.772139
0.644488
0.597357
1.50217
2.21242
1.62424
2.42693
1.50339
2.21211
1.62442
1.25167
1.76771
1.26668
1.71406
1.2527
1.76741
1.26712
0.896795
0.797554
0.694089
1.02461
0.896727
0.796924
0.693855
0.772169
0.644732
0.597537
0.83203
0.772133
0.644468
0.597347
1.50217
2.21242
1.62423
2.42692
1.50339
2.21211
1.62441
1.25166
1.76771
1.26668
1.71407
1.25269
1.76741
1.26712
0.896738
0.797312
0.694025
1.02441
0.896674
0.796693
0.693789
0.77216
0.644708
0.597526
0.832011
0.77212
0.644441
0.597331
1.50216
2.21241
1.62422
2.42691
1.50338
2.2121
1.62439
1.25164
1.76771
1.26668
1.71407
1.25268
1.7674
1.26711
0.896681
0.797092
0.693958
1.02423
0.896609
0.79648
0.693713
0.772142
0.644675
0.597505
0.831972
0.772091
0.644386
0.597297
1.50213
2.2124
1.6242
2.42689
1.50337
2.21209
1.62436
1.25161
1.76769
1.26666
1.71406
1.25266
1.76738
1.2671
0.896604
0.796879
0.693868
1.024
0.896503
0.796225
0.69359
0.772099
0.644613
0.59746
0.831899
0.772022
0.644287
0.597217
1.50206
2.21238
1.62416
2.42685
1.50332
2.21205
1.62428
1.25153
1.76766
1.26663
1.71403
1.25261
1.76733
1.26705
0.896464
0.796615
0.693724
1.02373
0.896306
0.795901
0.693375
0.771987
0.644473
0.597349
0.831708
0.771829
0.644054
0.597022
1.50181
2.21228
1.62402
2.42669
1.50319
2.21189
1.62401
1.2513
1.76755
1.2665
1.71391
1.25247
1.76717
1.26687
0.896151
0.796162
0.693395
1.02314
0.895759
0.795143
0.692818
0.771656
0.644109
0.597041
0.831144
0.771269
0.643441
0.596516
1.50065
2.2118
1.62335
2.4258
1.50255
2.21106
1.62275
1.25048
1.76712
1.2659
1.71324
1.25203
1.76649
1.26579
0.895255
0.795127
0.692606
1.0219
0.894449
0.793681
0.691749
0.770768
0.643208
0.596294
0.829871
0.77002
0.642255
0.595549
1.49514
2.20807
1.6193
2.4204
1.49865
2.20569
1.61696
1.24786
1.76475
1.26296
1.70881
1.25024
1.76332
1.26204
0.893728
0.769353
0.641962
0.595271
0.828834
0.768994
0.641542
0.59492
1.25271
1.71404
1.76743
1.26727
1.76769
1.26681
1.25173
1.50343
2.42701
2.21215
1.62451
2.21242
1.62431
1.50224
1.44449
1.98757
2.09862
1.37673
2.09908
1.37978
1.44296
1.25271
1.71403
1.76744
1.26723
1.76771
1.26677
1.25173
1.44294
2.09909
1.37979
1.9865
1.4445
2.0986
1.37672
1.50342
2.42699
2.21215
1.62449
2.21242
1.62428
1.50223
1.44449
1.98758
2.09864
1.37673
2.0991
1.37978
1.44296
1.25271
1.71403
1.76745
1.2672
1.76771
1.26674
1.25172
1.44294
2.09911
1.37979
1.98651
1.44451
2.09862
1.37671
1.50341
2.42698
2.21214
1.62447
2.21242
1.62426
1.50222
1.44449
1.98758
2.09865
1.37672
2.09911
1.37977
1.44296
1.2527
1.71402
1.76745
1.26718
1.76771
1.26672
1.25171
1.44294
2.09912
1.37978
1.98651
1.4445
2.09863
1.3767
1.5034
2.42697
2.21214
1.62446
2.21242
1.62425
1.50221
1.44449
1.98758
2.09866
1.37671
2.09913
1.37977
1.44295
1.25269
1.71402
1.76745
1.26717
1.76771
1.26671
1.2517
1.44294
2.09913
1.37977
1.98651
1.4445
2.09864
1.3767
1.50339
2.42696
2.21214
1.62445
2.21242
1.62424
1.50221
1.44448
1.98759
2.09867
1.37671
2.09913
1.37976
1.44295
1.25268
1.71402
1.76745
1.26717
1.76771
1.2667
1.2517
1.44293
2.09914
1.37977
1.98652
1.4445
2.09864
1.37669
1.50339
2.42695
2.21214
1.62445
2.21242
1.62423
1.5022
1.44448
1.98759
2.09867
1.3767
2.09914
1.37975
1.44294
1.25268
1.71403
1.76744
1.26717
1.76771
1.2667
1.25169
1.44292
2.09914
1.37976
1.98651
1.44449
2.09865
1.37668
1.50338
2.42694
2.21214
1.62443
2.21242
1.62423
1.50219
1.44447
1.98759
2.09868
1.37669
2.09914
1.37974
1.44293
1.25267
1.71404
1.76744
1.26716
1.76771
1.2667
1.25167
1.44291
2.09914
1.37975
1.98651
1.44448
2.09864
1.37666
1.50337
2.42693
2.21213
1.62442
2.21241
1.62421
1.50218
1.44446
1.98758
2.09867
1.37667
2.09914
1.37973
1.44292
1.25265
1.71403
1.76743
1.26715
1.7677
1.26669
1.25165
1.44288
2.09913
1.37973
1.98649
1.44447
2.09863
1.37663
1.50335
2.42691
2.21211
1.62437
2.21239
1.62419
1.50213
1.44444
1.98756
2.09864
1.37662
2.09912
1.3797
1.44287
1.25262
1.71402
1.7674
1.26712
1.76768
1.26667
1.2516
1.44281
2.0991
1.37968
1.98644
1.44442
2.09859
1.37655
1.50328
2.42686
2.21203
1.62423
2.21234
1.62411
1.502
1.44436
1.9875
2.09856
1.37648
2.09907
1.37962
1.44273
1.25254
1.71398
1.76731
1.26703
1.76762
1.2666
1.25147
1.44255
2.09899
1.37954
1.98628
1.44428
2.09842
1.3763
1.50299
2.42661
2.2117
1.62367
2.21214
1.6238
1.5015
1.4441
1.98727
2.09821
1.37598
2.09884
1.37935
1.44224
1.2523
1.71381
1.767
1.26663
1.76741
1.26633
1.25104
1.44146
2.09849
1.37902
1.98539
1.44376
2.09756
1.37524
1.5014
2.42525
2.20931
1.62069
2.21074
1.62215
1.4987
1.44294
1.98588
2.09582
1.37369
2.09744
1.37823
1.43971
1.25143
1.71263
1.76537
1.26432
1.76639
1.26487
1.24944
1.4363
2.09476
1.37656
1.98041
1.4404
2.09223
1.37126
1.49525
2.41879
2.20332
1.61504
2.20439
1.61582
1.49322
1.43712
1.98005
2.08989
1.37008
2.09112
1.37408
1.43455
1.24875
1.70771
1.76214
1.26099
1.76278
1.26093
1.24719
0.720818
0.685013
0.565838
0.541032
0.609787
0.503265
0.486703
0.622982
0.609772
0.503421
0.486539
0.685096
0.566084
0.541469
0.720815
0.685014
0.565827
0.541041
0.609795
0.503254
0.486702
0.622979
0.609779
0.50341
0.486537
0.685094
0.56607
0.541475
0.72081
0.685011
0.565815
0.541044
0.609799
0.503243
0.486699
0.622974
0.609781
0.503401
0.486533
0.68509
0.56606
0.541476
0.720804
0.685006
0.565806
0.541044
0.6098
0.503234
0.486695
0.622967
0.60978
0.503391
0.486529
0.685085
0.566053
0.541474
0.720797
0.685
0.565795
0.541039
0.609798
0.503224
0.48669
0.622957
0.609777
0.50338
0.486522
0.685077
0.566042
0.541468
0.720788
0.68499
0.565781
0.54103
0.609793
0.503213
0.486681
0.622946
0.60977
0.503368
0.486511
0.685066
0.566029
0.541457
0.720774
0.684975
0.565762
0.541013
0.609783
0.503197
0.486668
0.622928
0.609756
0.503347
0.486493
0.685046
0.566002
0.541435
0.720746
0.684946
0.565723
0.540975
0.609765
0.503173
0.486647
0.622898
0.609729
0.503308
0.486456
0.685004
0.565951
0.541387
0.720678
0.684876
0.565635
0.540893
0.609726
0.503125
0.486601
0.622836
0.609671
0.503231
0.486388
0.684896
0.565826
0.541271
0.720489
0.684698
0.56542
0.540704
0.60964
0.50302
0.48651
0.622691
0.609537
0.503058
0.486242
0.684596
0.565491
0.540977
0.719952
0.6842
0.564874
0.540238
0.609431
0.502774
0.486299
0.622334
0.609212
0.502677
0.485933
0.683804
0.564688
0.540291
0.718752
0.683086
0.563852
0.539383
0.608954
0.502261
0.485875
0.621624
0.608588
0.502047
0.485438
0.682517
0.56363
0.539395
0.717751
0.682118
0.563254
0.538868
0.608286
0.501666
0.485376
0.621041
0.608123
0.501708
0.485171
8.36595
16.2793
28.9649
8.12567
15.4203
28.2612
8.36589
16.2791
28.9648
8.12534
15.4203
28.2595
8.36582
16.279
28.9647
8.12509
15.4203
28.2575
8.36576
16.2789
28.9645
8.12491
15.4201
28.2555
8.3657
16.2788
28.9644
8.12481
15.4199
28.2536
8.36565
16.2788
28.9642
8.12478
15.4197
28.2521
8.36562
16.2788
28.964
8.1248
15.4195
28.2511
8.36559
16.2788
28.9638
8.12486
15.4192
28.2506
8.36559
16.2788
28.9635
8.84831
16.2489
28.9794
8.12504
15.4191
28.2501
8.36563
16.2789
28.9633
8.85073
16.2664
29.0166
8.12557
15.419
28.2493
8.36579
16.279
28.9628
8.89027
16.3263
29.084
8.12905
15.4236
28.2589
8.36553
16.2783
28.9628
14.962
28.1972
8.46506
16.432
28.885
8.461
16.1603
28.6193
8.50404
16.4791
29.5139
8.50402
16.479
29.5138
8.46505
16.432
28.8851
8.46111
16.1605
28.6191
8.46501
16.4319
28.8852
8.46096
16.1602
28.6189
8.50401
16.479
29.5138
8.50397
16.4789
29.5138
8.465
16.4319
28.8852
8.46108
16.1603
28.6188
8.46496
16.4317
28.8853
8.46092
16.1601
28.6187
8.50396
16.4788
29.5137
8.50392
16.4787
29.5137
8.46495
16.4317
28.8853
8.46104
16.1602
28.6185
8.46491
16.4316
28.8853
8.46088
16.16
28.6185
8.5039
16.4787
29.5137
8.50387
16.4786
29.5136
8.46491
16.4316
28.8853
8.46101
16.1601
28.6183
8.46488
16.4316
28.8853
8.46085
16.1599
28.6183
8.50385
16.4786
29.5136
8.50382
16.4786
29.5136
8.46488
16.4316
28.8852
8.46097
16.16
28.6182
8.46485
16.4315
28.8852
8.46082
16.1598
28.6182
8.5038
16.4785
29.5136
8.50378
16.4785
29.5135
8.46486
16.4315
28.8852
8.46094
16.16
28.6181
8.46484
16.4315
28.8851
8.4608
16.1597
28.6182
8.50377
16.4785
29.5135
8.50375
16.4785
29.5135
8.46485
16.4315
28.8851
8.46092
16.1599
28.618
8.46484
16.4315
28.8851
8.46077
16.1597
28.6181
8.50374
16.4785
29.5135
8.50372
16.4784
29.5134
8.46486
16.4315
28.885
8.4609
16.1599
28.618
8.46486
16.4315
28.885
8.46076
16.1597
28.6181
8.50372
16.4784
29.5134
8.50371
16.4784
29.5133
8.46488
16.4315
28.8849
8.46089
16.1598
28.6179
8.46489
16.4315
28.8848
8.46076
16.1596
28.618
8.50371
16.4784
29.5133
8.50371
16.4784
29.5133
8.46492
16.4315
28.8848
8.46089
16.1598
28.6179
8.46495
16.4315
28.8847
8.46078
16.1596
28.6179
8.5037
16.4784
29.5132
8.50358
16.4782
29.5133
8.46497
16.4316
28.8846
8.46093
16.1598
28.6177
8.46494
16.4315
28.8845
8.46088
16.1595
28.6175
8.50349
16.4782
29.5131
8.50352
16.4778
29.5136
8.46493
16.4315
28.8843
8.46095
16.1595
28.6171
8.46492
16.4311
28.8842
8.46045
16.1578
28.616
20.993
10.0349
18.5124
32.5411
10.0917
18.5884
32.643
16.6323
35.5231
23.7555
8.31278
15.6487
28.813
8.41199
16.0742
28.8076
8.41197
16.0742
28.8076
8.41196
16.0742
28.8076
8.38997
16.3082
29.0869
8.36602
16.2794
28.9648
8.38992
16.3081
29.0871
8.41195
16.0742
28.8076
8.09315
15.7167
28.1521
8.12557
15.4204
28.2606
8.09336
15.717
28.1508
8.3899
16.308
29.0868
8.36595
16.2792
28.9647
8.38985
16.3079
29.0871
8.41195
16.0742
28.8076
8.09295
15.7167
28.152
8.12526
15.4204
28.2588
8.09315
15.717
28.1506
8.38983
16.3078
29.0868
8.36588
16.2791
28.9646
8.38977
16.3077
29.087
8.41195
16.0742
28.8076
8.09277
15.7168
28.1516
8.12502
15.4203
28.2568
8.09299
15.7171
28.1501
8.38975
16.3077
29.0866
8.36582
16.279
28.9644
8.3897
16.3076
29.0869
8.41195
16.0742
28.8076
8.09263
15.717
28.1509
8.12487
15.4201
28.2548
8.09285
15.7173
28.1494
8.38968
16.3076
29.0865
8.36577
16.279
28.9642
8.38963
16.3075
29.0867
8.41196
16.0742
28.8076
8.09253
15.7171
28.1502
8.12478
15.4199
28.253
8.09276
15.7174
28.1486
8.38961
16.3075
29.0864
8.36572
16.2789
28.9641
8.38956
16.3074
29.0866
8.41198
16.0742
28.8076
8.09247
15.7172
28.1494
8.12477
15.4197
28.2516
8.09271
15.7175
28.1479
8.38955
16.3074
29.0862
8.36569
16.2789
28.9639
8.38951
16.3074
29.0864
8.412
16.0742
28.8076
8.09243
15.7173
28.1487
8.1248
15.4194
28.2507
8.09268
15.7176
28.1473
8.38951
16.3074
29.0861
8.36567
16.2789
28.9637
8.38946
16.3073
29.0863
8.84726
16.2362
28.9489
8.41202
16.0743
28.8075
8.09242
15.7173
28.1483
8.12487
15.4192
28.2503
8.09267
15.7176
28.1468
8.38947
16.3073
29.0859
8.36567
16.279
28.9634
8.38943
16.3072
29.0861
8.41204
16.0743
28.8075
8.09253
15.7175
28.1476
8.12517
15.4193
28.2496
8.09284
15.7177
28.146
8.38946
16.3073
29.0857
8.36573
16.2791
28.9631
8.38943
16.3072
29.0859
8.85258
16.2727
29.0237
8.41207
16.0743
28.8075
8.09263
15.7171
28.1471
8.12541
15.4181
28.25
8.09266
15.7167
28.1465
8.3895
16.3072
29.0853
8.36585
16.279
28.9626
8.38944
16.307
29.0857
8.41207
16.0743
28.8074
8.13367
15.432
28.2695
8.09216
15.7159
28.1501
8.09311
15.7176
28.1492
8.3893
16.3066
29.0853
8.36547
16.2783
28.9627
8.38931
16.3065
29.0855
8.38323
16.1233
29.1346
8.40772
16.3374
29.0966
8.29925
15.986
28.3275
8.41194
16.0742
28.8077
8.29919
15.986
28.3278
8.46508
16.4321
28.885
8.43103
16.2198
28.7302
8.46114
16.1605
28.6192
8.35125
16.2108
28.9919
8.29711
16.1561
29.0062
8.40775
16.3375
29.0964
8.4077
16.3374
29.0964
8.29925
15.986
28.3275
8.41193
16.0742
28.8077
8.29919
15.9859
28.3278
8.50403
16.4791
29.5138
8.50403
16.4791
29.5138
8.43107
16.2198
28.7299
8.46503
16.432
28.8851
8.35134
16.2109
28.9913
8.46098
16.1603
28.6191
8.46504
16.4319
28.8852
8.43099
16.2197
28.7301
8.4611
16.1604
28.6189
8.35123
16.2107
28.9915
8.29709
16.1559
29.0069
8.29708
16.1561
29.0062
8.38325
16.1233
29.1343
8.40774
16.3375
29.0961
8.38327
16.1233
29.1341
8.4077
16.3374
29.0961
8.29924
15.986
28.3275
8.41191
16.0741
28.8077
8.29919
15.9859
28.3278
8.05309
15.2649
28.1318
8.504
16.4789
29.5138
8.50399
16.4789
29.5138
8.43103
16.2196
28.7298
8.46498
16.4318
28.8852
8.35132
16.2107
28.991
8.46094
16.1601
28.6188
8.46498
16.4318
28.8852
8.43095
16.2195
28.73
8.46106
16.1603
28.6186
8.35121
16.2105
28.9913
8.29708
16.1559
29.0068
8.29706
16.1559
29.0068
8.40774
16.3374
29.0959
8.4077
16.3374
29.096
8.29924
15.986
28.3275
8.41191
16.0741
28.8077
8.29918
15.9859
28.3278
8.05248
15.2648
28.1281
8.50395
16.4788
29.5137
8.50394
16.4788
29.5137
8.43099
16.2195
28.7297
8.46493
16.4317
28.8853
8.3513
16.2106
28.9908
8.46091
16.16
28.6186
8.46493
16.4317
28.8853
8.4309
16.2194
28.7299
8.46102
16.1602
28.6184
8.35119
16.2104
28.9911
8.29704
16.1559
29.0068
8.29701
16.1561
29.006
8.40773
16.3374
29.0958
8.40769
16.3373
29.0959
8.29923
15.986
28.3275
8.4119
16.0741
28.8077
8.29918
15.9859
28.3278
8.05235
15.2651
28.1244
8.5039
16.4787
29.5136
8.50388
16.4787
29.5137
8.43095
16.2194
28.7296
8.46489
16.4316
28.8853
8.35127
16.2105
28.9906
8.46087
16.1599
28.6184
8.46489
16.4316
28.8853
8.43087
16.2193
28.7298
8.46099
16.1601
28.6183
8.35115
16.2103
28.991
8.29699
16.1561
29.006
8.29701
16.1559
29.0067
8.29699
16.1559
29.0066
8.29697
16.156
29.0059
8.40773
16.3374
29.0957
8.40769
16.3373
29.0958
8.29923
15.986
28.3275
8.41191
16.0741
28.8077
8.29917
15.9859
28.3278
8.50385
16.4786
29.5136
8.50383
16.4786
29.5136
8.43091
16.2193
28.7296
8.46486
16.4315
28.8852
8.35124
16.2104
28.9905
8.46084
16.1598
28.6183
8.46487
16.4315
28.8852
8.43083
16.2193
28.7298
8.46096
16.16
28.6181
8.35112
16.2102
28.9909
8.29695
16.1558
29.0066
8.40772
16.3373
29.0956
8.38323
16.1231
29.1338
8.40768
16.3372
29.0957
8.29922
15.986
28.3275
8.41191
16.0741
28.8077
8.29917
15.9859
28.3278
8.5038
16.4785
29.5135
8.50379
16.4785
29.5135
8.43088
16.2192
28.7295
8.46485
16.4315
28.8852
8.3512
16.2103
28.9904
8.46081
16.1598
28.6182
8.46485
16.4315
28.8851
8.4308
16.2192
28.7297
8.46093
16.1599
28.6181
8.35109
16.2101
28.9909
8.29692
16.156
29.0058
8.29694
16.1558
29.0065
8.40771
16.3373
29.0955
8.3832
16.123
29.1338
8.40767
16.3372
29.0957
8.29922
15.986
28.3276
8.41193
16.0742
28.8077
8.29917
15.9859
28.3278
8.05239
15.2651
28.1297
8.36525
15.4772
27.8532
8.36464
15.4835
27.8769
8.50376
16.4785
29.5135
8.50375
16.4785
29.5135
8.43085
16.2192
28.7295
8.46484
16.4315
28.8851
8.35117
16.2103
28.9904
8.46079
16.1597
28.6181
8.46485
16.4315
28.8851
8.43078
16.2192
28.7297
8.46091
16.1599
28.618
8.35105
16.2101
28.9908
8.3832
16.123
29.1339
8.4077
16.3372
29.0955
8.38318
16.1229
29.1338
8.40766
16.3372
29.0957
8.29922
15.986
28.3276
8.41194
16.0742
28.8076
8.29916
15.9859
28.3278
8.05298
15.2659
28.1369
8.36437
15.4929
27.906
8.50373
16.4785
29.5134
8.50373
16.4785
29.5134
8.43083
16.2192
28.7294
8.46485
16.4315
28.885
8.35114
16.2102
28.9904
8.46077
16.1597
28.6181
8.46487
16.4315
28.885
8.43077
16.2191
28.7296
8.46089
16.1598
28.618
8.35103
16.21
28.9908
8.29683
16.1559
29.0056
8.40769
16.3372
29.0955
8.40765
16.3371
29.0956
8.29922
15.986
28.3276
8.41196
16.0742
28.8076
8.29917
15.9859
28.3278
8.36436
15.4956
27.912
8.05345
15.2667
28.1447
8.36474
15.503
27.9335
8.50372
16.4784
29.5134
8.50371
16.4784
29.5134
8.43082
16.2191
28.7293
8.46488
16.4315
28.8849
8.35111
16.2102
28.9904
8.46076
16.1596
28.618
8.4649
16.4315
28.8849
8.43077
16.2191
28.7295
8.46089
16.1598
28.6179
8.35101
16.21
28.9908
8.29681
16.1556
29.0063
8.2968
16.1558
29.0055
8.38314
16.1229
29.1339
8.40769
16.3372
29.0955
8.38312
16.1228
29.1338
8.40765
16.3371
29.0956
8.29922
15.986
28.3276
8.41198
16.0742
28.8076
8.29917
15.9859
28.3278
8.05363
15.2673
28.1516
8.36486
15.5056
27.9392
8.05395
15.2678
28.1539
8.50371
16.4784
29.5133
8.50371
16.4784
29.5132
8.43083
16.2191
28.7292
8.46492
16.4315
28.8848
8.3511
16.2101
28.9903
8.46077
16.1596
28.618
8.46495
16.4316
28.8847
8.43079
16.2191
28.7294
8.46091
16.1598
28.6178
8.351
16.2099
28.9908
8.29679
16.1556
29.0062
8.29677
16.1556
29.0061
8.40769
16.3371
29.0954
8.40764
16.337
29.0955
8.29924
15.986
28.3276
8.41201
16.0742
28.8075
8.29919
15.9859
28.3278
8.05495
15.2697
28.1606
8.36617
15.5161
27.9642
8.50369
16.4783
29.5132
8.50365
16.4783
29.5131
8.43085
16.2191
28.729
8.46497
16.4315
28.8846
8.3511
16.2101
28.9902
8.46082
16.1596
28.6178
8.46499
16.4316
28.8845
8.43083
16.2189
28.7291
8.46098
16.1598
28.6175
8.35108
16.2098
28.9904
8.29675
16.1555
29.006
8.29672
16.1556
29.0052
8.40769
16.337
29.0953
8.40765
16.3368
29.0952
8.29926
15.986
28.3275
8.41205
16.0742
28.8075
8.29922
15.9859
28.3277
8.07429
15.2923
28.1985
8.50348
16.478
29.5133
8.50342
16.4779
29.5133
8.43085
16.2188
28.7285
8.4649
16.4314
28.8843
8.35114
16.2098
28.9896
8.46082
16.1591
28.6168
8.46487
16.4312
28.8842
8.43082
16.2178
28.7281
8.46069
16.1586
28.6163
8.35098
16.2084
28.9894
8.29645
16.155
29.0054
8.38308
16.1227
29.1335
8.40764
16.3367
29.0947
8.38304
16.1222
29.1333
8.40738
16.3355
29.094
8.29925
15.9859
28.3276
8.41205
16.0742
28.8075
8.2992
15.9859
28.3278
8.2596
15.9446
28.8003
8.25958
15.9445
28.8007
8.2596
15.9446
28.8006
8.25956
15.9445
28.8009
8.25959
15.9446
28.8006
8.25957
15.9446
28.8006
8.25953
15.9446
28.8007
8.25947
15.9445
28.801
8.25944
15.9445
28.8007
8.25954
15.9445
28.8007
8.25961
15.9446
28.8003
8.25957
15.9445
28.8008
8.25962
15.9446
28.8004
8.2596
15.9446
28.8005
8.25958
15.9446
28.8006
8.25952
15.9445
28.801
8.25949
15.9445
28.8011
8.25952
15.9446
28.8006
8.25945
15.9445
28.8011
8.2595
15.9446
28.8006
8.2594
15.9444
28.8006
8.86191
16.2896
29.0391
8.08258
15.1822
27.2848
12.4415
28.2215
8.25956
15.9446
28.8002
8.25954
15.9445
28.8006
8.2596
15.9446
28.8002
8.25956
15.9445
28.8007
8.27519
16.2249
28.9135
8.12574
15.4203
28.2614
8.27519
16.2248
28.9132
8.36598
16.2793
28.9648
8.05704
15.1482
27.2261
8.27505
16.2246
28.9138
8.27505
16.2246
28.9133
8.36591
16.2792
28.9647
8.25959
15.9445
28.8008
8.25962
15.9446
28.8004
8.05705
15.1483
27.224
8.1254
15.4204
28.2598
8.05644
15.1477
27.2213
8.27492
16.2244
28.9139
8.27492
16.2245
28.9134
8.36585
16.279
28.9645
8.25958
15.9445
28.8008
8.25961
15.9446
28.8005
8.05647
15.1477
27.2193
8.12512
15.4203
28.2579
8.05594
15.147
27.217
8.27479
16.2243
28.9139
8.12493
15.4202
28.2558
8.27481
16.2244
28.9133
8.36579
16.279
28.9643
8.25957
15.9445
28.8009
8.05599
15.1471
27.2152
8.05552
15.1464
27.2136
8.27469
16.2243
28.9138
8.12482
15.42
28.2539
8.27473
16.2244
28.9131
8.36574
16.2789
28.9642
8.05559
15.1464
27.212
8.05518
15.1457
27.2112
8.36559
15.4749
27.8465
8.27461
16.2243
28.9136
8.27466
16.2244
28.9129
8.3657
16.2789
28.964
8.25954
15.9445
28.801
8.25956
15.9446
28.8006
8.05528
15.1458
27.21
8.12477
15.4198
28.2523
8.05495
15.1452
27.2101
8.27455
16.2243
28.9134
8.27462
16.2245
28.9127
8.36567
16.2789
28.9638
8.25952
15.9445
28.801
8.25954
15.9446
28.8006
8.05508
15.1453
27.2092
8.36448
15.486
27.8833
8.12477
15.4195
28.2511
8.05483
15.1448
27.2103
8.27451
16.2244
28.9132
8.12483
15.4193
28.2505
8.2746
16.2245
28.9125
8.36566
16.2789
28.9636
8.2595
15.9445
28.801
8.05499
15.145
27.2096
8.05482
15.1446
27.2116
8.84792
16.2447
28.9695
8.27449
16.2244
28.913
8.12492
15.4191
28.2502
8.27461
16.2246
28.9122
8.36568
16.279
28.9633
8.055
15.1448
27.2112
8.05489
15.1447
27.214
8.84945
16.2614
29.0081
8.36554
15.5133
27.9599
8.27454
16.2245
28.9126
8.2748
16.2247
28.9116
8.36583
16.2791
28.9628
8.25946
15.9445
28.801
8.25949
15.9446
28.8006
8.05527
15.1452
27.2135
8.12551
15.4194
28.249
8.05632
15.1467
27.2137
8.37109
15.5269
27.9769
8.27473
16.2245
28.912
8.2745
16.2238
28.9123
8.36565
16.2785
28.9627
8.25945
15.9445
28.8009
8.25947
15.9446
28.8006
8.05664
15.1468
27.214
8.38023
15.5371
27.9919
8.12598
15.4186
28.2536
8.06608
15.1542
27.2404
13.1246
28.9204
9.03636
16.4836
29.3291
8.27435
16.2236
28.9128
8.137
15.4399
28.2925
8.27491
16.2249
28.9111
8.36556
16.2786
28.9623
8.25943
15.9444
28.8009
8.84853
16.2528
28.9893
10.0211
18.494
32.5204
10.3374
18.8931
33.1463
9.02298
16.4706
29.3426
11.1983
20.1226
34.8613
48.6961
8.20562
15.4714
28.5047
8.10539
15.219
27.3496
13.5323
26.4548
9.04985
15.94
28.3526
8.73247
15.5463
27.542
8.35688
15.765
29.0347
8.1176
15.2482
27.3921
8.13617
15.4379
28.2852
9.2192
16.2017
28.9652
8.41196
16.0742
28.8077
8.29713
16.1561
29.0062
8.29714
16.1559
29.0069
8.38324
16.1233
29.1345
8.38324
16.1233
29.1345
8.41194
16.0742
28.8077
8.44186
16.0696
28.3529
8.44184
16.0695
28.353
8.2971
16.1561
29.0062
8.41192
16.1619
29.1399
8.29711
16.1559
29.0069
8.41193
16.0742
28.8077
8.44187
16.0696
28.353
8.44184
16.0695
28.353
8.29706
16.1561
29.0061
8.38327
16.1233
29.1341
8.38327
16.1233
29.1341
8.41192
16.0742
28.8077
8.44187
16.0696
28.353
8.44184
16.0695
28.3531
8.29703
16.1561
29.0061
8.41192
16.1617
29.1393
8.41191
16.1617
29.1393
8.38328
16.1232
29.134
8.38327
16.1232
29.134
8.41191
16.0741
28.8077
8.44187
16.0696
28.353
8.44185
16.0695
28.3531
8.0522
15.2649
28.125
8.05241
15.265
28.1254
8.38327
16.1232
29.1339
8.38326
16.1231
29.1339
8.41191
16.0741
28.8077
8.44187
16.0696
28.353
8.44185
16.0695
28.353
8.29696
16.156
29.0059
8.41194
16.1616
29.139
8.29697
16.1558
29.0066
8.41193
16.1616
29.139
8.38325
16.1231
29.1339
8.41192
16.0742
28.8077
8.44188
16.0696
28.353
8.44185
16.0695
28.353
8.41194
16.1615
29.1389
8.38323
16.123
29.1339
8.41193
16.0742
28.8076
8.44188
16.0696
28.3529
8.44186
16.0695
28.353
8.29689
16.1559
29.0057
8.29691
16.1558
29.0064
8.41195
16.0742
28.8076
8.44189
16.0696
28.3529
8.44187
16.0695
28.3529
8.05269
15.2655
28.1354
8.29685
16.1559
29.0057
8.29687
16.1557
29.0064
8.38317
16.1229
29.1339
8.38316
16.1229
29.1339
8.41196
16.0742
28.8076
8.4419
16.0696
28.3528
8.44187
16.0695
28.3528
8.05312
15.2663
28.1428
8.29682
16.1558
29.0056
8.41195
16.1614
29.1387
8.29683
16.1557
29.0063
8.41198
16.0742
28.8076
8.44191
16.0696
28.3528
8.44188
16.0695
28.3528
8.29678
16.1558
29.0055
8.38311
16.1228
29.1339
8.3831
16.1228
29.1338
8.41201
16.0742
28.8075
8.44192
16.0696
28.3527
8.4419
16.0696
28.3527
8.29674
16.1557
29.0053
8.41196
16.1614
29.1387
8.41194
16.1614
29.1387
8.38309
16.1228
29.1338
8.38308
16.1228
29.1338
8.41204
16.0742
28.8075
8.44194
16.0696
28.3526
8.44191
16.0695
28.3526
8.06099
15.2746
28.1695
8.05835
15.2733
28.1638
8.29667
16.1555
29.005
8.4119
16.1614
29.1385
8.29671
16.1555
29.0056
8.41181
16.1613
29.1386
8.41207
16.0743
28.8074
8.44196
16.0696
28.3524
8.44194
16.0694
28.3523
8.41201
16.0743
28.8076
8.29926
15.986
28.3275
8.46163
16.4606
29.2729
8.4975
16.2679
28.4406
8.49749
16.2679
28.4406
8.4617
16.4607
29.2728
8.38323
16.1233
29.1347
8.61417
16.5682
29.486
8.42704
16.273
28.7282
8.42707
16.273
28.728
8.40775
16.3374
29.0966
8.61416
16.5682
29.486
8.29921
15.986
28.3277
8.25958
15.9446
28.8003
8.41199
16.0742
28.8076
8.44185
16.0695
28.3529
8.44185
16.0695
28.3529
8.29926
15.986
28.3275
8.41194
16.162
29.1402
8.41191
16.1619
29.1402
8.43109
16.2199
28.73
8.35134
16.2109
28.9915
8.4119
16.1619
29.14
8.41193
16.1619
29.1401
8.46167
16.4607
29.2728
8.49749
16.2679
28.4405
8.46161
16.4605
29.2729
8.49748
16.2678
28.4405
8.29713
16.1559
29.0069
8.49747
16.2678
28.4404
8.49747
16.2678
28.4405
8.46158
16.4605
29.2729
8.46165
16.4606
29.2727
8.42708
16.273
28.728
8.42703
16.273
28.7282
8.40771
16.3374
29.0965
8.61413
16.5681
29.486
8.61416
16.5682
29.486
8.38325
16.1233
29.1343
8.42704
16.273
28.7282
8.42707
16.273
28.728
8.38325
16.1233
29.1344
8.40773
16.3374
29.0963
8.61413
16.5682
29.486
8.61412
16.5681
29.4859
8.29921
15.986
28.3277
8.41197
16.0742
28.8077
8.44185
16.0695
28.353
8.44186
16.0695
28.353
8.25956
15.9445
28.8008
8.29926
15.986
28.3275
8.16386
15.981
28.6334
8.27527
16.2249
28.913
8.16411
15.9813
28.6322
8.12586
15.4203
28.2617
8.09346
15.7169
28.1507
8.09327
15.7167
28.1519
8.27512
16.2247
28.9136
8.16405
15.9812
28.6324
8.16381
15.9809
28.6337
8.46865
16.3095
28.9944
8.4686
16.3094
28.9947
8.36593
16.2792
28.9648
8.38988
16.308
29.0871
8.38994
16.3081
29.0869
8.46858
16.3093
28.9947
8.46864
16.3094
28.9944
8.43101
16.2197
28.7301
8.35124
16.2107
28.9917
8.4119
16.1619
29.1399
8.43105
16.2197
28.7298
8.35133
16.2108
28.9912
8.4119
16.1618
29.1397
8.41191
16.1619
29.1397
8.49745
16.2678
28.4404
8.49745
16.2677
28.4403
8.46161
16.4606
29.2727
8.46156
16.4605
29.2728
8.49743
16.2677
28.4403
8.49743
16.2677
28.4403
8.46159
16.4605
29.2726
8.46152
16.4604
29.2728
8.42708
16.273
28.728
8.42702
16.273
28.7282
8.38326
16.1233
29.1342
8.4077
16.3374
29.0963
8.6141
16.5681
29.4859
8.61413
16.5682
29.4859
8.42702
16.2729
28.7282
8.42706
16.2729
28.728
8.61409
16.5681
29.4858
8.38326
16.1233
29.1342
8.40773
16.3374
29.0961
8.61411
16.5681
29.4858
8.2992
15.986
28.3277
8.25962
15.9446
28.8004
8.41197
16.0742
28.8077
8.44185
16.0695
28.3531
8.44186
16.0695
28.353
8.29925
15.986
28.3275
8.05272
15.2647
28.1305
8.05738
15.1485
27.2263
8.16374
15.9809
28.6338
8.27513
16.2247
28.9133
8.16399
15.9811
28.6325
8.1255
15.4203
28.2604
8.09324
15.717
28.1508
8.09305
15.7167
28.1521
8.27499
16.2245
28.9138
8.16393
15.9811
28.6326
8.16369
15.9808
28.6339
8.46862
16.3094
28.9943
8.46856
16.3093
28.9946
8.36586
16.279
28.9648
8.38981
16.3078
29.0871
8.38987
16.3079
29.0868
8.46853
16.3092
28.9946
8.4686
16.3093
28.9943
8.43097
16.2196
28.73
8.35123
16.2106
28.9914
8.41191
16.1618
29.1396
8.4119
16.1618
29.1396
8.43101
16.2196
28.7297
8.35131
16.2107
28.9909
8.41191
16.1617
29.1394
8.46155
16.4605
29.2726
8.49741
16.2676
28.4402
8.4615
16.4604
29.2727
8.4974
16.2676
28.4402
8.41192
16.1618
29.1394
8.29704
16.1561
29.0061
8.46146
16.4603
29.2727
8.49738
16.2676
28.4402
8.49738
16.2676
28.4402
8.46154
16.4605
29.2725
8.61408
16.5681
29.4857
8.42706
16.2729
28.728
8.61411
16.5681
29.4857
8.42701
16.2729
28.7282
8.40769
16.3374
29.0961
8.38327
16.1233
29.134
8.38327
16.1232
29.1341
8.427
16.2729
28.7282
8.42704
16.2729
28.728
8.40772
16.3374
29.0959
8.61409
16.5681
29.4857
8.61408
16.5681
29.4856
8.2992
15.986
28.3277
8.25962
15.9446
28.8005
8.41196
16.0742
28.8077
8.44185
16.0695
28.3531
8.44186
16.0695
28.3531
8.25957
15.9445
28.8009
8.29925
15.986
28.3275
8.05277
15.265
28.1291
8.05675
15.148
27.2236
8.05257
15.265
28.1269
8.05228
15.2648
28.1262
8.05675
15.148
27.2216
8.16362
15.9808
28.634
8.27499
16.2245
28.9133
8.16387
15.9811
28.6326
8.09306
15.7171
28.1505
8.09286
15.7168
28.1518
8.27485
16.2244
28.9139
8.16381
15.9811
28.6326
8.16357
15.9808
28.634
8.46857
16.3093
28.9942
8.46851
16.3091
28.9945
8.36579
16.2789
28.9646
8.38973
16.3077
29.0869
8.38979
16.3078
29.0867
8.46848
16.3091
28.9944
8.46854
16.3092
28.9941
8.43093
16.2195
28.7299
8.3512
16.2105
28.9912
8.43097
16.2195
28.7297
8.35128
16.2106
28.9907
8.41192
16.1617
29.1392
8.41193
16.1617
29.1392
8.46151
16.4604
29.2725
8.49737
16.2675
28.4401
8.49735
16.2675
28.4401
8.46145
16.4603
29.2726
8.29702
16.1559
29.0067
8.49734
16.2675
28.4401
8.49733
16.2675
28.4401
8.46149
16.4604
29.2724
8.46142
16.4603
29.2726
8.42704
16.2729
28.728
8.42699
16.2729
28.7282
8.40769
16.3373
29.0959
8.61407
16.5681
29.4856
8.61409
16.5681
29.4856
8.38327
16.1232
29.1339
8.42699
16.2729
28.7281
8.42703
16.2729
28.728
8.61407
16.5681
29.4855
8.38327
16.1232
29.134
8.40772
16.3374
29.0957
8.61408
16.5681
29.4855
8.29919
15.9859
28.3277
8.25961
15.9446
28.8005
8.41196
16.0742
28.8076
8.44185
16.0695
28.3531
8.44186
16.0695
28.3531
8.25957
15.9445
28.8009
8.29924
15.986
28.3275
8.05619
15.1474
27.219
8.05623
15.1474
27.2171
8.12521
15.4203
28.2585
8.16351
15.9808
28.6339
8.27487
16.2244
28.9133
8.16377
15.9811
28.6325
8.125
15.4202
28.2565
8.09291
15.7172
28.1498
8.0927
15.7169
28.1513
8.27474
16.2243
28.9138
8.16371
15.9811
28.6324
8.16347
15.9808
28.6338
8.46851
16.3091
28.9941
8.46845
16.309
28.9943
8.36573
16.2788
28.9645
8.38966
16.3075
29.0868
8.38971
16.3076
29.0866
8.46842
16.309
28.9943
8.46849
16.3091
28.994
8.43089
16.2194
28.7299
8.35117
16.2104
28.991
8.41193
16.1617
29.1391
8.41192
16.1616
29.1391
8.43093
16.2194
28.7296
8.35125
16.2105
28.9906
8.41193
16.1616
29.1391
8.41193
16.1616
29.1391
8.49731
16.2674
28.4401
8.46141
16.4603
29.2725
8.49731
16.2674
28.4401
8.46147
16.4604
29.2724
8.46138
16.4602
29.2725
8.49729
16.2674
28.4401
8.49728
16.2674
28.4401
8.46146
16.4604
29.2724
8.42702
16.2729
28.7279
8.61409
16.5681
29.4854
8.42697
16.2729
28.7281
8.40768
16.3373
29.0959
8.61407
16.568
29.4854
8.38325
16.1231
29.1339
8.61408
16.5681
29.4854
8.42697
16.2729
28.7281
8.42701
16.2729
28.7279
8.61407
16.568
29.4854
8.38326
16.1231
29.1339
8.40771
16.3373
29.0957
8.29919
15.9859
28.3277
8.41196
16.0742
28.8076
8.44186
16.0695
28.353
8.44187
16.0695
28.353
8.25955
15.9445
28.801
8.29924
15.986
28.3275
8.05573
15.1467
27.2151
8.05579
15.1467
27.2134
8.16342
15.9809
28.6337
8.27478
16.2244
28.9132
8.16368
15.9812
28.6323
8.12486
15.4201
28.2545
8.09279
15.7173
28.1491
8.09258
15.717
28.1505
8.27465
16.2243
28.9137
8.16364
15.9812
28.6321
8.16339
15.9809
28.6335
8.46846
16.3091
28.9939
8.4684
16.309
28.9942
8.36568
16.2788
28.9643
8.38959
16.3074
29.0867
8.38964
16.3075
29.0864
8.46837
16.3089
28.9941
8.46843
16.309
28.9938
8.43085
16.2193
28.7298
8.35114
16.2103
28.9909
8.43089
16.2193
28.7295
8.35122
16.2104
28.9905
8.41194
16.1616
29.1389
8.46144
16.4604
29.2723
8.49727
16.2674
28.4401
8.46138
16.4602
29.2725
8.49726
16.2673
28.4401
8.41193
16.1615
29.1389
8.29694
16.156
29.0058
8.46135
16.4602
29.2725
8.49725
16.2673
28.4401
8.49724
16.2673
28.4401
8.46143
16.4604
29.2723
8.61407
16.568
29.4853
8.427
16.2729
28.7279
8.42695
16.2729
28.7281
8.38324
16.1231
29.1339
8.40767
16.3373
29.0958
8.61409
16.5681
29.4853
8.38323
16.123
29.1339
8.42695
16.2729
28.728
8.42699
16.2729
28.7279
8.40771
16.3373
29.0956
8.61408
16.568
29.4853
8.61408
16.568
29.4853
8.29918
15.9859
28.3277
8.41197
16.0742
28.8076
8.44186
16.0695
28.353
8.44187
16.0695
28.353
8.25954
15.9445
28.801
8.29924
15.986
28.3275
8.05535
15.146
27.2122
8.05242
15.2652
28.1264
8.05226
15.2649
28.1275
8.05543
15.1461
27.2108
8.36591
15.4731
27.8376
8.22223
15.0539
26.5535
8.22202
15.0543
26.5566
8.16335
15.981
28.6334
8.2747
16.2244
28.913
8.16361
15.9813
28.6319
8.09272
15.7175
28.1483
8.0925
15.7172
28.1498
8.27458
16.2243
28.9135
8.16358
15.9813
28.6318
8.16333
15.981
28.6332
8.46841
16.309
28.9938
8.46835
16.3089
28.994
8.36564
16.2788
28.9641
8.38953
16.3074
29.0865
8.38958
16.3075
29.0863
8.46832
16.3088
28.994
8.46839
16.3089
28.9937
8.43082
16.2192
28.7298
8.35111
16.2102
28.9909
8.41193
16.1615
29.1389
8.43086
16.2192
28.7295
8.35118
16.2103
28.9904
8.41194
16.1615
29.1389
8.41194
16.1615
29.1389
8.49723
16.2673
28.4401
8.49722
16.2673
28.4401
8.46142
16.4603
29.2723
8.46135
16.4602
29.2724
8.29692
16.1558
29.0065
8.29691
16.156
29.0057
8.49721
16.2673
28.4401
8.4972
16.2673
28.4402
8.46141
16.4603
29.2723
8.46134
16.4602
29.2724
8.42699
16.2729
28.7278
8.42693
16.2729
28.7281
8.38322
16.123
29.1339
8.40767
16.3372
29.0957
8.61408
16.568
29.4852
8.6141
16.568
29.4852
8.42693
16.2728
28.728
8.42697
16.2728
28.7279
8.61408
16.568
29.4852
8.38321
16.123
29.1339
8.4077
16.3372
29.0956
8.61409
16.568
29.4852
8.29918
15.9859
28.3277
8.41198
16.0742
28.8076
8.44187
16.0695
28.3529
8.44188
16.0696
28.3529
8.29923
15.986
28.3275
8.0525
15.2652
28.1284
8.05507
15.1454
27.2105
8.36503
15.4791
27.8618
8.22199
15.0559
26.5627
8.2221
15.0553
26.5595
8.05265
15.2654
28.1308
8.05518
15.1455
27.2094
8.12479
15.4199
28.2528
8.05252
15.2653
28.1323
8.36478
15.4815
27.8684
8.22211
15.0569
26.5657
8.22201
15.0575
26.5691
8.1633
15.9811
28.633
8.27465
16.2244
28.9128
8.16357
15.9814
28.6315
8.12479
15.4196
28.2515
8.09268
15.7176
28.1476
8.09245
15.7173
28.149
8.27453
16.2243
28.9133
8.16355
15.9815
28.6314
8.16329
15.9811
28.6328
8.46837
16.3089
28.9936
8.46831
16.3088
28.9939
8.36561
16.2788
28.9639
8.38948
16.3073
29.0864
8.38953
16.3074
29.0861
8.46829
16.3088
28.9938
8.46835
16.3089
28.9935
8.4308
16.2192
28.7297
8.35107
16.2101
28.9908
8.41195
16.1615
29.1388
8.41194
16.1614
29.1389
8.43084
16.2192
28.7294
8.35115
16.2102
28.9904
8.41194
16.1614
29.1388
8.41195
16.1614
29.1388
8.49719
16.2673
28.4402
8.46134
16.4602
29.2724
8.49719
16.2673
28.4402
8.46141
16.4603
29.2723
8.29688
16.1557
29.0064
8.29687
16.1559
29.0057
8.46133
16.4602
29.2724
8.49718
16.2673
28.4402
8.49717
16.2673
28.4402
8.46141
16.4603
29.2723
8.42697
16.2728
28.7278
8.6141
16.568
29.4851
8.42692
16.2729
28.7281
8.38319
16.123
29.1339
8.40766
16.3372
29.0957
8.61409
16.568
29.4852
8.38318
16.1229
29.1339
8.6141
16.568
29.4851
8.42692
16.2728
28.728
8.42696
16.2728
28.7279
8.40769
16.3372
29.0955
8.6141
16.568
29.4851
8.29918
15.9859
28.3278
8.25955
15.9446
28.8007
8.412
16.0742
28.8076
8.44188
16.0695
28.3529
8.44188
16.0696
28.3529
8.29923
15.986
28.3275
8.05278
15.2656
28.1337
8.05489
15.145
27.21
8.36443
15.4881
27.8916
8.22216
15.0593
26.5757
8.22217
15.0586
26.5722
8.05287
15.2658
28.1389
8.05503
15.1451
27.2092
8.36434
15.4907
27.8978
8.22236
15.0604
26.5789
8.22235
15.0611
26.5824
8.16328
15.9812
28.6326
8.27462
16.2245
28.9126
8.16355
15.9815
28.6311
8.12483
15.4194
28.2507
8.09266
15.7176
28.1471
8.09243
15.7174
28.1485
8.2745
16.2244
28.9131
8.16354
15.9816
28.631
8.16328
15.9812
28.6324
8.46833
16.3089
28.9934
8.46828
16.3088
28.9937
8.36559
16.2788
28.9637
8.38944
16.3073
29.0862
8.38949
16.3074
29.086
8.46826
16.3087
28.9936
8.46832
16.3089
28.9934
8.43078
16.2192
28.7297
8.35104
16.2101
28.9908
8.41195
16.1614
29.1388
8.41194
16.1614
29.1388
8.43083
16.2192
28.7294
8.35112
16.2102
28.9904
8.41194
16.1614
29.1388
8.41195
16.1614
29.1388
8.4614
16.4603
29.2723
8.49717
16.2673
28.4402
8.46133
16.4602
29.2724
8.49717
16.2673
28.4402
8.29685
16.1557
29.0063
8.49717
16.2673
28.4402
8.49715
16.2673
28.4403
8.46133
16.4602
29.2725
8.46141
16.4604
29.2723
8.42696
16.2728
28.7278
8.42691
16.2728
28.728
8.40765
16.3371
29.0957
8.6141
16.568
29.4851
8.61412
16.568
29.4851
8.38315
16.1229
29.1338
8.42691
16.2728
28.728
8.42695
16.2728
28.7278
8.38315
16.1229
29.1339
8.40768
16.3372
29.0955
8.61411
16.568
29.4851
8.61411
16.568
29.4851
8.29918
15.9859
28.3278
8.41202
16.0743
28.8075
8.44189
16.0695
28.3528
8.44189
16.0696
28.3528
8.25947
15.9445
28.8011
8.29923
15.986
28.3275
8.05316
15.2662
28.1407
8.05483
15.1447
27.2107
8.36448
15.4979
27.9198
8.2227
15.0632
26.5893
8.22261
15.0623
26.5857
8.05499
15.1449
27.2102
8.05337
15.2667
28.147
8.36456
15.5006
27.9257
8.84767
16.2406
28.9593
8.223
15.0644
26.5926
8.22308
15.0652
26.5963
8.16327
15.9813
28.6322
8.27461
16.2245
28.9124
8.16356
15.9816
28.6308
8.12491
15.4191
28.2504
8.09271
15.7176
28.1466
8.09244
15.7174
28.148
8.27451
16.2245
28.9128
8.16358
15.9816
28.6305
8.16329
15.9813
28.632
8.46832
16.3088
28.9933
8.46827
16.3087
28.9935
8.36561
16.2788
28.9634
8.38942
16.3072
29.086
8.38946
16.3073
29.0858
8.46826
16.3087
28.9934
8.46831
16.3088
28.9931
8.43078
16.2191
28.7296
8.35102
16.21
28.9908
8.41194
16.1614
29.1388
8.43083
16.2191
28.7293
8.3511
16.2101
28.9903
8.41194
16.1614
29.1388
8.41195
16.1614
29.1387
8.49716
16.2673
28.4403
8.49716
16.2673
28.4403
8.46141
16.4604
29.2723
8.46134
16.4602
29.2724
8.49718
16.2673
28.4403
8.49715
16.2673
28.4403
8.46143
16.4604
29.2723
8.46135
16.4602
29.2725
8.42695
16.2728
28.7278
8.4269
16.2728
28.728
8.38313
16.1229
29.1339
8.40764
16.3371
29.0957
8.61412
16.568
29.4851
8.61413
16.568
29.4851
8.4269
16.2728
28.728
8.42694
16.2728
28.7278
8.61413
16.568
29.4851
8.38312
16.1228
29.1339
8.40768
16.3371
29.0955
8.61413
16.568
29.4851
8.29918
15.9859
28.3278
8.2595
15.9446
28.8007
8.41204
16.0743
28.8075
8.4419
16.0696
28.3527
8.44191
16.0696
28.3527
8.29924
15.986
28.3275
8.05367
15.2672
28.1491
8.05484
15.1446
27.2127
8.36508
15.5079
27.947
8.22354
15.0673
26.6035
8.2234
15.0665
26.5997
8.05392
15.2679
28.1564
8.05503
15.1448
27.2125
8.36524
15.5105
27.9527
8.84897
16.2569
28.9988
8.22388
15.0686
26.6069
8.22409
15.0696
26.6106
8.16335
15.9814
28.6316
8.27468
16.2247
28.912
8.16367
15.9817
28.6301
8.12538
15.4195
28.2494
8.09294
15.7177
28.1456
8.09267
15.7176
28.1469
8.27465
16.2246
28.9122
8.16382
15.9818
28.6295
8.16348
15.9815
28.631
8.46833
16.3088
28.993
8.46828
16.3087
28.9932
8.36571
16.279
28.963
8.38945
16.3072
29.0857
8.38949
16.3073
29.0855
8.4683
16.3086
28.9931
8.46836
16.3088
28.9928
8.43079
16.2191
28.7295
8.35101
16.21
28.9908
8.41195
16.1614
29.1387
8.41194
16.1614
29.1388
8.43084
16.2191
28.7292
8.35111
16.2101
28.9903
8.41194
16.1614
29.1388
8.46145
16.4604
29.2723
8.49717
16.2673
28.4403
8.46137
16.4602
29.2724
8.49718
16.2673
28.4403
8.41195
16.1614
29.1387
8.29676
16.1557
29.0054
8.46139
16.4603
29.2724
8.49721
16.2674
28.4403
8.49719
16.2673
28.4403
8.46149
16.4604
29.2723
8.61414
16.568
29.485
8.42695
16.2728
28.7278
8.61415
16.5681
29.485
8.4269
16.2728
28.728
8.40764
16.337
29.0956
8.38309
16.1228
29.1338
8.38309
16.1228
29.1339
8.42689
16.2728
28.728
8.42694
16.2728
28.7278
8.40768
16.3371
29.0954
8.61416
16.568
29.485
8.61415
16.568
29.485
8.29919
15.9859
28.3277
8.25949
15.9446
28.8007
8.41207
16.0743
28.8075
8.44191
16.0695
28.3527
8.44192
16.0696
28.3527
8.25944
15.9445
28.801
8.29926
15.986
28.3275
8.0545
15.2689
28.1586
8.05541
15.1454
27.2142
8.36704
15.5197
27.969
8.22555
15.0733
26.6166
8.22474
15.0716
26.6137
8.05615
15.2713
28.1617
8.05708
15.2724
28.1626
8.05594
15.1465
27.2137
8.85575
16.2798
29.0295
8.36877
15.5232
27.9716
8.22709
15.0761
26.6186
8.22912
15.0783
26.6207
8.16359
15.9814
28.6306
8.27481
16.2245
28.9115
8.16383
15.9814
28.6293
8.09203
15.7152
28.1488
8.09216
15.7157
28.1488
8.27463
16.2241
28.9123
8.16343
15.9804
28.6303
8.16344
15.9807
28.6311
8.46838
16.3087
28.9925
8.46831
16.3085
28.9929
8.36574
16.2787
28.9627
8.38933
16.3067
29.0858
8.38943
16.3069
29.0852
8.46825
16.3082
28.9927
8.46835
16.3085
28.9923
8.43082
16.2191
28.7293
8.35103
16.2099
28.9907
8.43087
16.219
28.7288
8.35113
16.21
28.9899
8.41192
16.1614
29.1386
8.41195
16.1614
29.1386
8.46151
16.4604
29.2723
8.49722
16.2674
28.4403
8.49723
16.2674
28.4403
8.46143
16.4603
29.2724
8.29674
16.1555
29.0059
8.49726
16.2674
28.4403
8.49725
16.2674
28.4403
8.46154
16.4604
29.2722
8.46146
16.4603
29.2723
8.42695
16.2728
28.7278
8.42689
16.2728
28.728
8.40765
16.3369
29.0954
8.61415
16.568
29.485
8.61417
16.5681
29.485
8.38307
16.1227
29.1336
8.42689
16.2728
28.728
8.42695
16.2728
28.7277
8.61417
16.568
29.485
8.38309
16.1227
29.1337
8.40768
16.3369
29.0951
8.61417
16.5681
29.485
8.29922
15.9859
28.3277
8.25948
15.9446
28.8006
8.4121
16.0743
28.8074
8.44193
16.0695
28.3525
8.44194
16.0696
28.3525
8.25944
15.9444
28.801
8.29928
15.986
28.3275
8.05658
15.1453
27.2168
8.42747
15.5973
28.0824
8.2439
15.0896
26.643
8.23244
15.0812
26.6251
8.1161
15.3428
28.2961
8.05763
15.1462
27.222
8.12526
15.4172
28.2516
8.58428
15.7818
28.4282
9.46076
17.2143
30.2651
8.40901
15.2964
26.9728
8.28527
15.1358
26.724
8.16311
15.9801
28.6315
8.27436
16.2239
28.9123
8.16332
15.9806
28.6303
8.09431
15.7203
28.1491
8.09353
15.7191
28.1507
8.27455
16.2243
28.912
8.1637
15.9815
28.6289
8.16324
15.9808
28.6308
8.46823
16.3082
28.992
8.46818
16.3078
28.9923
8.36549
16.2785
28.9625
8.38935
16.3063
29.085
8.38936
16.3065
29.0848
8.46795
16.3071
28.9916
8.4681
16.3076
28.9915
8.43084
16.2186
28.7286
8.35111
16.2094
28.9899
8.4308
16.2182
28.7281
8.35106
16.209
28.9892
8.41159
16.1609
29.1391
8.41171
16.1612
29.1387
8.49725
16.2674
28.4403
8.49722
16.2674
28.4403
8.46149
16.4603
29.2723
8.46149
16.4603
29.2723
8.2966
16.1552
29.0056
8.49714
16.2672
28.4406
8.49721
16.2673
28.4404
8.46136
16.4601
29.2726
8.46141
16.4601
29.2725
8.42694
16.2728
28.7277
8.42688
16.2728
28.728
8.38307
16.1226
29.1334
8.40759
16.3364
29.0947
8.61415
16.568
29.4849
8.61416
16.568
29.4849
8.42681
16.2727
28.7282
8.42691
16.2728
28.7278
8.61406
16.5678
29.485
8.38308
16.1224
29.1333
8.40749
16.336
29.0942
8.61411
16.5679
29.4849
8.29923
15.9859
28.3277
8.41206
16.0742
28.8075
8.44188
16.0692
28.3522
8.44194
16.0694
28.3522
8.25938
15.9443
28.801
8.29923
15.9859
28.3277
)
;

boundaryField
{
    front
    {
        type            cyclic;
    }
    Back
    {
        type            cyclic;
    }
    inlet
    {
        type            fixedValue;
        value           nonuniform List<scalar> 0();
    }
    outlet
    {
        type            inletOutlet;
        inletValue      uniform 1.78;
        value           nonuniform List<scalar> 
390
(
1.07711
1.07712
0.508997
0.36218
0.283598
0.235118
1.07712
0.509001
0.362185
0.283602
0.235122
1.07712
0.509003
0.362187
0.283603
0.235123
1.07712
0.509003
0.362187
0.283603
0.235122
1.07711
0.509001
0.362184
0.283599
0.235119
1.07711
0.508993
0.362176
0.283593
0.235113
1.0771
0.508979
0.362162
0.28358
0.235103
1.07708
0.508951
0.362136
0.283559
0.235087
1.07706
0.508901
0.36209
0.283524
0.235061
1.07699
0.5088
0.362016
0.283472
0.235026
1.07684
0.508618
0.361907
0.283406
0.234985
1.07647
0.508345
0.361784
0.283343
0.234948
1.07587
0.508171
0.361717
0.283313
0.234932
1.67189
1.67353
1.67187
1.67351
1.67185
1.6735
1.67184
1.67349
1.67183
1.67348
1.67183
1.67348
1.67182
1.67347
1.67181
1.67346
1.6718
1.67345
1.6718
1.67343
1.67179
1.67341
1.67176
1.67333
1.67168
1.67311
1.67148
1.67293
0.749696
1.07721
0.749374
0.749693
1.07721
0.74937
0.74969
1.07721
0.749366
0.749685
1.07721
0.749361
0.74968
1.07721
0.749355
0.749673
1.07721
0.749348
0.749663
1.0772
0.749337
0.749647
1.07719
0.74932
0.749618
1.07717
0.749286
0.749561
1.07712
0.749213
0.749437
1.07702
0.749045
0.749156
1.07677
0.748671
0.748655
1.07625
0.748173
0.748343
1.0758
1.67346
2.70183
2.70149
2.70186
2.7015
1.67189
1.67345
2.70179
2.70146
2.70183
2.70147
1.67187
1.67344
2.70177
2.70143
2.7018
2.70144
1.67186
1.67342
2.70175
2.70141
2.70178
2.70142
1.67185
1.67342
2.70173
2.70139
2.70177
2.70141
1.67184
1.67341
2.70172
2.70138
2.70177
2.7014
1.67184
1.6734
2.70172
2.70138
2.70177
2.7014
1.67183
1.67339
2.70173
2.70138
2.70177
2.7014
1.67182
1.67338
2.70173
2.70139
2.70178
2.70141
1.67181
1.67337
2.70174
2.70139
2.70179
2.70142
1.67181
1.67336
2.70174
2.7014
2.70178
2.70142
1.67179
1.67331
2.70174
2.70139
2.70177
2.7014
1.67174
1.67317
2.70169
2.70136
2.70168
2.70134
1.67161
1.6729
2.70155
2.70124
2.70153
2.7012
1.67142
8.2596
15.9446
28.8003
8.25958
15.9445
28.8007
8.2596
15.9446
28.8006
8.25956
15.9445
28.8009
8.25959
15.9446
28.8006
8.25957
15.9446
28.8006
8.25953
15.9446
28.8007
8.25947
15.9445
28.801
8.25944
15.9445
28.8007
8.25954
15.9445
28.8007
8.25961
15.9446
28.8003
8.25957
15.9445
28.8008
8.25962
15.9446
28.8004
8.2596
15.9446
28.8005
8.25958
15.9446
28.8006
8.25952
15.9445
28.801
8.25949
15.9445
28.8011
8.25952
15.9446
28.8006
8.25945
15.9445
28.8011
8.2595
15.9446
28.8006
8.2594
15.9444
28.8006
8.25956
15.9446
28.8002
8.25954
15.9445
28.8006
8.2596
15.9446
28.8002
8.25956
15.9445
28.8007
8.25959
15.9445
28.8008
8.25962
15.9446
28.8004
8.25958
15.9445
28.8008
8.25961
15.9446
28.8005
8.25957
15.9445
28.8009
8.25954
15.9445
28.801
8.25956
15.9446
28.8006
8.25952
15.9445
28.801
8.25954
15.9446
28.8006
8.2595
15.9445
28.801
8.25946
15.9445
28.801
8.25949
15.9446
28.8006
8.25945
15.9445
28.8009
8.25947
15.9446
28.8006
8.25943
15.9444
28.8009
8.25958
15.9446
28.8003
8.25956
15.9445
28.8008
8.25962
15.9446
28.8004
8.25962
15.9446
28.8005
8.25957
15.9445
28.8009
8.25961
15.9446
28.8005
8.25957
15.9445
28.8009
8.25955
15.9445
28.801
8.25954
15.9445
28.801
8.25955
15.9446
28.8007
8.25947
15.9445
28.8011
8.2595
15.9446
28.8007
8.25949
15.9446
28.8007
8.25944
15.9445
28.801
8.25948
15.9446
28.8006
8.25944
15.9444
28.801
8.25938
15.9443
28.801
)
;
    }
    upperPatch
    {
        type            slip;
    }
    ground
    {
        beta1           0.075;
        blended         0;
        type            omegaWallFunction;
        value           nonuniform List<scalar> 
1398
(
28.9649
28.2612
28.9648
28.2595
28.9647
28.2575
28.9645
28.2555
28.9644
28.2536
28.9642
28.2521
28.964
28.2511
28.9638
28.2506
28.9635
28.9794
28.2501
28.9633
29.0166
28.2493
28.9628
29.084
28.2589
28.9628
28.1972
28.885
28.6193
29.5139
29.5138
28.8851
28.6191
28.8852
28.6189
29.5138
29.5138
28.8852
28.6188
28.8853
28.6187
29.5137
29.5137
28.8853
28.6185
28.8853
28.6185
29.5137
29.5136
28.8853
28.6183
28.8853
28.6183
29.5136
29.5136
28.8852
28.6182
28.8852
28.6182
29.5136
29.5135
28.8852
28.6181
28.8851
28.6182
29.5135
29.5135
28.8851
28.618
28.8851
28.6181
29.5135
29.5134
28.885
28.618
28.885
28.6181
29.5134
29.5133
28.8849
28.6179
28.8848
28.618
29.5133
29.5133
28.8848
28.6179
28.8847
28.6179
29.5132
29.5133
28.8846
28.6177
28.8845
28.6175
29.5131
29.5136
28.8843
28.6171
28.8842
28.616
20.993
32.5411
32.643
35.5231
23.7555
28.813
28.8076
28.8076
28.8076
29.0869
28.9648
29.0871
28.8076
28.1521
28.2606
28.1508
29.0868
28.9647
29.0871
28.8076
28.152
28.2588
28.1506
29.0868
28.9646
29.087
28.8076
28.1516
28.2568
28.1501
29.0866
28.9644
29.0869
28.8076
28.1509
28.2548
28.1494
29.0865
28.9642
29.0867
28.8076
28.1502
28.253
28.1486
29.0864
28.9641
29.0866
28.8076
28.1494
28.2516
28.1479
29.0862
28.9639
29.0864
28.8076
28.1487
28.2507
28.1473
29.0861
28.9637
29.0863
28.9489
28.8075
28.1483
28.2503
28.1468
29.0859
28.9634
29.0861
28.8075
28.1476
28.2496
28.146
29.0857
28.9631
29.0859
29.0237
28.8075
28.1471
28.25
28.1465
29.0853
28.9626
29.0857
28.8074
28.2695
28.1501
28.1492
29.0853
28.9627
29.0855
29.1346
29.0966
28.3275
28.8077
28.3278
28.885
28.7302
28.6192
28.9919
29.0062
29.0964
29.0964
28.3275
28.8077
28.3278
29.5138
29.5138
28.7299
28.8851
28.9913
28.6191
28.8852
28.7301
28.6189
28.9915
29.0069
29.0062
29.1343
29.0961
29.1341
29.0961
28.3275
28.8077
28.3278
28.1318
29.5138
29.5138
28.7298
28.8852
28.991
28.6188
28.8852
28.73
28.6186
28.9913
29.0068
29.0068
29.0959
29.096
28.3275
28.8077
28.3278
28.1281
29.5137
29.5137
28.7297
28.8853
28.9908
28.6186
28.8853
28.7299
28.6184
28.9911
29.0068
29.006
29.0958
29.0959
28.3275
28.8077
28.3278
28.1244
29.5136
29.5137
28.7296
28.8853
28.9906
28.6184
28.8853
28.7298
28.6183
28.991
29.006
29.0067
29.0066
29.0059
29.0957
29.0958
28.3275
28.8077
28.3278
29.5136
29.5136
28.7296
28.8852
28.9905
28.6183
28.8852
28.7298
28.6181
28.9909
29.0066
29.0956
29.1338
29.0957
28.3275
28.8077
28.3278
29.5135
29.5135
28.7295
28.8852
28.9904
28.6182
28.8851
28.7297
28.6181
28.9909
29.0058
29.0065
29.0955
29.1338
29.0957
28.3276
28.8077
28.3278
28.1297
27.8532
27.8769
29.5135
29.5135
28.7295
28.8851
28.9904
28.6181
28.8851
28.7297
28.618
28.9908
29.1339
29.0955
29.1338
29.0957
28.3276
28.8076
28.3278
28.1369
27.906
29.5134
29.5134
28.7294
28.885
28.9904
28.6181
28.885
28.7296
28.618
28.9908
29.0056
29.0955
29.0956
28.3276
28.8076
28.3278
27.912
28.1447
27.9335
29.5134
29.5134
28.7293
28.8849
28.9904
28.618
28.8849
28.7295
28.6179
28.9908
29.0063
29.0055
29.1339
29.0955
29.1338
29.0956
28.3276
28.8076
28.3278
28.1516
27.9392
28.1539
29.5133
29.5132
28.7292
28.8848
28.9903
28.618
28.8847
28.7294
28.6178
28.9908
29.0062
29.0061
29.0954
29.0955
28.3276
28.8075
28.3278
28.1606
27.9642
29.5132
29.5131
28.729
28.8846
28.9902
28.6178
28.8845
28.7291
28.6175
28.9904
29.006
29.0052
29.0953
29.0952
28.3275
28.8075
28.3277
28.1985
29.5133
29.5133
28.7285
28.8843
28.9896
28.6168
28.8842
28.7281
28.6163
28.9894
29.0054
29.1335
29.0947
29.1333
29.094
28.3276
28.8075
28.3278
28.8003
28.8007
28.8006
28.8009
28.8006
28.8006
28.8007
28.801
28.8007
28.8007
28.8003
28.8008
28.8004
28.8005
28.8006
28.801
28.8011
28.8006
28.8011
28.8006
28.8006
29.0391
27.2848
28.2215
28.8002
28.8006
28.8002
28.8007
28.9135
28.2614
28.9132
28.9648
27.2261
28.9138
28.9133
28.9647
28.8008
28.8004
27.224
28.2598
27.2213
28.9139
28.9134
28.9645
28.8008
28.8005
27.2193
28.2579
27.217
28.9139
28.2558
28.9133
28.9643
28.8009
27.2152
27.2136
28.9138
28.2539
28.9131
28.9642
27.212
27.2112
27.8465
28.9136
28.9129
28.964
28.801
28.8006
27.21
28.2523
27.2101
28.9134
28.9127
28.9638
28.801
28.8006
27.2092
27.8833
28.2511
27.2103
28.9132
28.2505
28.9125
28.9636
28.801
27.2096
27.2116
28.9695
28.913
28.2502
28.9122
28.9633
27.2112
27.214
29.0081
27.9599
28.9126
28.9116
28.9628
28.801
28.8006
27.2135
28.249
27.2137
27.9769
28.912
28.9123
28.9627
28.8009
28.8006
27.214
27.9919
28.2536
27.2404
28.9204
29.3291
28.9128
28.2925
28.9111
28.9623
28.8009
28.9893
32.5204
33.1463
29.3426
34.8613
48.6961
28.5047
27.3496
26.4548
28.3526
27.542
29.0347
27.3921
28.2852
28.9652
28.8077
29.0062
29.0069
29.1345
29.1345
28.8077
28.3529
28.353
29.0062
29.1399
29.0069
28.8077
28.353
28.353
29.0061
29.1341
29.1341
28.8077
28.353
28.3531
29.0061
29.1393
29.1393
29.134
29.134
28.8077
28.353
28.3531
28.125
28.1254
29.1339
29.1339
28.8077
28.353
28.353
29.0059
29.139
29.0066
29.139
29.1339
28.8077
28.353
28.353
29.1389
29.1339
28.8076
28.3529
28.353
29.0057
29.0064
28.8076
28.3529
28.3529
28.1354
29.0057
29.0064
29.1339
29.1339
28.8076
28.3528
28.3528
28.1428
29.0056
29.1387
29.0063
28.8076
28.3528
28.3528
29.0055
29.1339
29.1338
28.8075
28.3527
28.3527
29.0053
29.1387
29.1387
29.1338
29.1338
28.8075
28.3526
28.3526
28.1695
28.1638
29.005
29.1385
29.0056
29.1386
28.8074
28.3524
28.3523
28.8076
28.3275
29.2729
28.4406
28.4406
29.2728
29.1347
29.486
28.7282
28.728
29.0966
29.486
28.3277
28.8003
28.8076
28.3529
28.3529
28.3275
29.1402
29.1402
28.73
28.9915
29.14
29.1401
29.2728
28.4405
29.2729
28.4405
29.0069
28.4404
28.4405
29.2729
29.2727
28.728
28.7282
29.0965
29.486
29.486
29.1343
28.7282
28.728
29.1344
29.0963
29.486
29.4859
28.3277
28.8077
28.353
28.353
28.8008
28.3275
28.6334
28.913
28.6322
28.2617
28.1507
28.1519
28.9136
28.6324
28.6337
28.9944
28.9947
28.9648
29.0871
29.0869
28.9947
28.9944
28.7301
28.9917
29.1399
28.7298
28.9912
29.1397
29.1397
28.4404
28.4403
29.2727
29.2728
28.4403
28.4403
29.2726
29.2728
28.728
28.7282
29.1342
29.0963
29.4859
29.4859
28.7282
28.728
29.4858
29.1342
29.0961
29.4858
28.3277
28.8004
28.8077
28.3531
28.353
28.3275
28.1305
27.2263
28.6338
28.9133
28.6325
28.2604
28.1508
28.1521
28.9138
28.6326
28.6339
28.9943
28.9946
28.9648
29.0871
29.0868
28.9946
28.9943
28.73
28.9914
29.1396
29.1396
28.7297
28.9909
29.1394
29.2726
28.4402
29.2727
28.4402
29.1394
29.0061
29.2727
28.4402
28.4402
29.2725
29.4857
28.728
29.4857
28.7282
29.0961
29.134
29.1341
28.7282
28.728
29.0959
29.4857
29.4856
28.3277
28.8005
28.8077
28.3531
28.3531
28.8009
28.3275
28.1291
27.2236
28.1269
28.1262
27.2216
28.634
28.9133
28.6326
28.1505
28.1518
28.9139
28.6326
28.634
28.9942
28.9945
28.9646
29.0869
29.0867
28.9944
28.9941
28.7299
28.9912
28.7297
28.9907
29.1392
29.1392
29.2725
28.4401
28.4401
29.2726
29.0067
28.4401
28.4401
29.2724
29.2726
28.728
28.7282
29.0959
29.4856
29.4856
29.1339
28.7281
28.728
29.4855
29.134
29.0957
29.4855
28.3277
28.8005
28.8076
28.3531
28.3531
28.8009
28.3275
27.219
27.2171
28.2585
28.6339
28.9133
28.6325
28.2565
28.1498
28.1513
28.9138
28.6324
28.6338
28.9941
28.9943
28.9645
29.0868
29.0866
28.9943
28.994
28.7299
28.991
29.1391
29.1391
28.7296
28.9906
29.1391
29.1391
28.4401
29.2725
28.4401
29.2724
29.2725
28.4401
28.4401
29.2724
28.7279
29.4854
28.7281
29.0959
29.4854
29.1339
29.4854
28.7281
28.7279
29.4854
29.1339
29.0957
28.3277
28.8076
28.353
28.353
28.801
28.3275
27.2151
27.2134
28.6337
28.9132
28.6323
28.2545
28.1491
28.1505
28.9137
28.6321
28.6335
28.9939
28.9942
28.9643
29.0867
29.0864
28.9941
28.9938
28.7298
28.9909
28.7295
28.9905
29.1389
29.2723
28.4401
29.2725
28.4401
29.1389
29.0058
29.2725
28.4401
28.4401
29.2723
29.4853
28.7279
28.7281
29.1339
29.0958
29.4853
29.1339
28.728
28.7279
29.0956
29.4853
29.4853
28.3277
28.8076
28.353
28.353
28.801
28.3275
27.2122
28.1264
28.1275
27.2108
27.8376
26.5535
26.5566
28.6334
28.913
28.6319
28.1483
28.1498
28.9135
28.6318
28.6332
28.9938
28.994
28.9641
29.0865
29.0863
28.994
28.9937
28.7298
28.9909
29.1389
28.7295
28.9904
29.1389
29.1389
28.4401
28.4401
29.2723
29.2724
29.0065
29.0057
28.4401
28.4402
29.2723
29.2724
28.7278
28.7281
29.1339
29.0957
29.4852
29.4852
28.728
28.7279
29.4852
29.1339
29.0956
29.4852
28.3277
28.8076
28.3529
28.3529
28.3275
28.1284
27.2105
27.8618
26.5627
26.5595
28.1308
27.2094
28.2528
28.1323
27.8684
26.5657
26.5691
28.633
28.9128
28.6315
28.2515
28.1476
28.149
28.9133
28.6314
28.6328
28.9936
28.9939
28.9639
29.0864
29.0861
28.9938
28.9935
28.7297
28.9908
29.1388
29.1389
28.7294
28.9904
29.1388
29.1388
28.4402
29.2724
28.4402
29.2723
29.0064
29.0057
29.2724
28.4402
28.4402
29.2723
28.7278
29.4851
28.7281
29.1339
29.0957
29.4852
29.1339
29.4851
28.728
28.7279
29.0955
29.4851
28.3278
28.8007
28.8076
28.3529
28.3529
28.3275
28.1337
27.21
27.8916
26.5757
26.5722
28.1389
27.2092
27.8978
26.5789
26.5824
28.6326
28.9126
28.6311
28.2507
28.1471
28.1485
28.9131
28.631
28.6324
28.9934
28.9937
28.9637
29.0862
29.086
28.9936
28.9934
28.7297
28.9908
29.1388
29.1388
28.7294
28.9904
29.1388
29.1388
29.2723
28.4402
29.2724
28.4402
29.0063
28.4402
28.4403
29.2725
29.2723
28.7278
28.728
29.0957
29.4851
29.4851
29.1338
28.728
28.7278
29.1339
29.0955
29.4851
29.4851
28.3278
28.8075
28.3528
28.3528
28.8011
28.3275
28.1407
27.2107
27.9198
26.5893
26.5857
27.2102
28.147
27.9257
28.9593
26.5926
26.5963
28.6322
28.9124
28.6308
28.2504
28.1466
28.148
28.9128
28.6305
28.632
28.9933
28.9935
28.9634
29.086
29.0858
28.9934
28.9931
28.7296
28.9908
29.1388
28.7293
28.9903
29.1388
29.1387
28.4403
28.4403
29.2723
29.2724
28.4403
28.4403
29.2723
29.2725
28.7278
28.728
29.1339
29.0957
29.4851
29.4851
28.728
28.7278
29.4851
29.1339
29.0955
29.4851
28.3278
28.8007
28.8075
28.3527
28.3527
28.3275
28.1491
27.2127
27.947
26.6035
26.5997
28.1564
27.2125
27.9527
28.9988
26.6069
26.6106
28.6316
28.912
28.6301
28.2494
28.1456
28.1469
28.9122
28.6295
28.631
28.993
28.9932
28.963
29.0857
29.0855
28.9931
28.9928
28.7295
28.9908
29.1387
29.1388
28.7292
28.9903
29.1388
29.2723
28.4403
29.2724
28.4403
29.1387
29.0054
29.2724
28.4403
28.4403
29.2723
29.485
28.7278
29.485
28.728
29.0956
29.1338
29.1339
28.728
28.7278
29.0954
29.485
29.485
28.3277
28.8007
28.8075
28.3527
28.3527
28.801
28.3275
28.1586
27.2142
27.969
26.6166
26.6137
28.1617
28.1626
27.2137
29.0295
27.9716
26.6186
26.6207
28.6306
28.9115
28.6293
28.1488
28.1488
28.9123
28.6303
28.6311
28.9925
28.9929
28.9627
29.0858
29.0852
28.9927
28.9923
28.7293
28.9907
28.7288
28.9899
29.1386
29.1386
29.2723
28.4403
28.4403
29.2724
29.0059
28.4403
28.4403
29.2722
29.2723
28.7278
28.728
29.0954
29.485
29.485
29.1336
28.728
28.7277
29.485
29.1337
29.0951
29.485
28.3277
28.8006
28.8074
28.3525
28.3525
28.801
28.3275
27.2168
28.0824
26.643
26.6251
28.2961
27.222
28.2516
28.4282
30.2651
26.9728
26.724
28.6315
28.9123
28.6303
28.1491
28.1507
28.912
28.6289
28.6308
28.992
28.9923
28.9625
29.085
29.0848
28.9916
28.9915
28.7286
28.9899
28.7281
28.9892
29.1391
29.1387
28.4403
28.4403
29.2723
29.2723
29.0056
28.4406
28.4404
29.2726
29.2725
28.7277
28.728
29.1334
29.0947
29.4849
29.4849
28.7282
28.7278
29.485
29.1333
29.0942
29.4849
28.3277
28.8075
28.3522
28.3522
28.801
28.3277
)
;
    }
    procBoundary5to0
    {
        type            processor;
        value           nonuniform List<scalar> 
74
(
0.220391
0.208982
0.202049
0.280654
0.255299
0.235366
0.220393
0.208985
0.202051
0.280696
0.255302
0.235366
0.220394
0.208985
0.202052
0.280729
0.255304
0.235364
0.220393
0.208985
0.202051
0.280753
0.255305
0.235361
0.22039
0.208982
0.202049
0.280767
0.255303
0.235356
0.220385
0.208978
0.202044
0.28077
0.255295
0.235347
0.220376
0.208969
0.202037
0.28076
0.255282
0.235332
0.220363
0.208957
0.202025
0.280736
0.25526
0.235309
0.220342
0.208939
0.202007
0.280687
0.255224
0.235277
0.220313
0.208913
0.201983
0.280672
0.25519
0.235241
0.22028
0.208883
0.201956
0.281302
0.255211
0.235212
0.220252
0.208858
0.201934
0.255209
0.2352
0.220239
0.208847
0.201924
)
;
    }
    procBoundary5to3
    {
        type            processor;
        value           nonuniform List<scalar> 
373
(
0.769726
0.52175
0.390137
1.35638
0.767921
0.520586
0.389929
1.35522
0.766437
0.519512
0.389689
1.35419
0.76524
0.518535
0.389425
1.35324
0.764288
0.51765
0.389144
4.8988
0.763527
0.516859
0.388854
4.88155
0.762911
0.516141
0.388552
4.86671
4.86671
0.762358
0.515507
0.388246
2.93052
0.761863
0.514795
0.387886
2.92311
0.760937
0.514371
0.387587
0.771928
0.520594
0.391234
1.35697
2.4609
0.981669
1.35697
1.35697
0.980657
1.35638
2.46135
1.35573
2.45678
1.35638
0.980366
1.35573
1.35573
0.979482
1.35522
2.45742
1.35464
2.45339
1.35522
0.979306
1.35464
1.35464
0.978527
1.35419
2.45419
1.35365
2.45058
1.35419
0.978443
1.35365
1.35365
0.977742
1.35324
2.45149
1.35324
1.35324
0.977738
0.977098
1.85489
2.68972
2.69247
1.85081
0.977098
0.977139
1.84878
1.85283
0.977139
4.88513
0.976532
1.8508
1.84674
0.976532
0.976608
1.84475
1.84877
0.976608
4.8697
0.976024
1.84678
1.84275
0.976024
0.97609
1.84081
1.8448
0.97609
2.93136
0.975474
1.84284
1.83884
0.975474
0.975599
1.83694
1.84091
0.975599
2.92365
0.974984
1.83903
1.83508
0.974984
0.974746
1.83331
1.8372
0.974746
0.973753
1.50783
1.50783
1.50783
1.50783
0.973753
0.975177
1.51291
1.51291
1.51291
1.51291
0.975177
0.977268
1.57513
1.57513
1.57513
1.57513
0.977268
5.3344
3.08312
3.08218
3.0859
3.11324
3.76359
3.24484
4.89372
1.84878
1.85283
2.68972
4.87708
1.84475
1.84877
2.93542
1.84081
1.8448
2.92737
1.83694
1.84091
2.92047
2.92047
1.83331
1.83331
1.8372
3.68128
3.67978
3.68128
2.46363
3.67978
3.67797
3.67931
3.67797
3.67931
2.45871
3.6777
3.67653
3.6777
2.45929
3.67653
3.67539
3.67642
3.67539
3.67642
2.45498
5.00471
3.67546
5.00471
3.67546
2.45573
3.67459
5.00459
5.00483
3.67403
3.67478
2.4519
5.00478
5.00458
3.67436
2.45278
3.67373
5.00463
5.00463
5.00479
4.55786
3.67361
3.67361
3.67416
2.44932
2.44932
2.68972
2.69247
4.88987
1.8508
1.84674
4.87383
1.84678
1.84275
2.93452
1.84284
1.83884
2.92665
1.83903
1.83508
8.84859
16.201
28.8405
8.84707
16.2159
28.892
8.84711
8.84711
16.2321
16.2321
28.9381
28.9381
10.0134
18.4582
32.458
10.0161
18.4793
32.5031
12.3041
22.8056
40.3689
12.3832
22.9139
40.4584
21.0656
44.8363
35.2477
8.84796
16.2044
28.854
10.0127
18.4426
32.4183
10.0181
18.487
32.5116
8.22718
15.046
26.5193
8.2255
15.0469
26.5235
8.05213
8.22369
15.2648
15.0492
28.1243
26.5329
8.05213
15.2649
28.1243
8.84721
16.2119
28.8797
8.84687
16.2279
28.9272
10.0133
18.4533
32.4451
10.015
18.4739
32.4928
12.7096
23.3238
41.0912
13.8481
25.201
43.378
8.05213
15.2648
28.1243
8.0523
15.2651
28.1241
8.05213
15.2648
28.1248
8.05233
15.2651
28.1251
8.84917
16.1975
28.8268
8.84763
16.2082
28.8669
8.84686
16.2197
28.9041
8.84692
16.2239
28.9157
10.0127
18.4479
32.4322
10.0139
18.4634
32.47
10.0142
18.4681
32.482
10.0181
18.487
32.5116
12.2875
22.7794
40.3634
8.2239
15.0486
26.5309
8.22434
15.0483
26.5287
8.0522
8.0522
15.2649
15.2649
28.1259
28.1259
8.22649
15.0461
26.5206
8.22608
15.0467
26.5219
8.22514
15.0475
26.525
8.2246
15.0477
26.527
8.05232
15.2651
28.1243
8.36632
15.471
27.8307
8.2222
15.053
26.5508
8.85007
16.1944
28.8125
)
;
    }
    procBoundary5to4
    {
        type            processor;
        value           nonuniform List<scalar> 
338
(
1.157
1.157
0.569614
0.508986
0.508986
0.508986
0.396112
0.374628
0.362171
0.308603
0.292716
0.28359
0.255966
0.242838
0.235112
1.5011
1.98756
1.37979
1.98649
1.37672
0.720863
0.685093
0.541456
0.622979
0.557597
0.468619
0.41961
0.41961
0.41961
0.41961
0.420958
0.363964
0.328966
0.328966
0.336143
0.299312
0.273422
0.273422
3.85529
1.48104
1.3577
1.02571
0.832057
0.554807
0.419453
0.335833
0.793368
1.02142
0.554807
0.419453
0.335833
0.990116
1.36236
1.79396
1.79396
1.79396
1.79396
10.4826
1.69573
9.94661
4.48551
2.06597
3.15603
1.67354
2.9343
1.40028
1.5011
0.885331
0.928629
0.885331
0.885331
1.32774
0.862059
0.832973
0.622979
0.60976
5.31655
5.31655
3.54285
3.86903
1.31116
2.8136
2.8136
1.23115
1.12785
1.12785
1.01953
0.952123
0.952123
1.48104
1.48104
1.6993
2.35293
1.02142
0.893457
5.10699
5.79902
6.09566
1.6993
2.54271
5.14509
3.7133
3.7133
1.6993
2.54271
3.79289
2.35293
1.07719
2.7952
2.79505
0.749376
0.782215
0.749376
2.31378
2.31378
4.03328
5.0849
2.30995
4.03455
4.03455
2.74481
3.75402
2.16978
2.08496
5.23673
2.79524
4.26515
5.13156
2.70189
2.45229
2.70189
1.65729
2.45229
5.23144
2.5218
4.42312
2.65642
5.58203
2.86947
2.86947
2.86716
5.59993
2.8186
5.2729
3.12382
5.19014
2.26811
4.03545
2.67562
2.7952
2.7952
1.75752
2.04591
2.79505
3.59739
1.75832
1.75832
5.3165
4.28086
3.94294
3.54249
3.54249
3.75913
3.8782
2.17824
2.24487
2.81356
3.52016
1.74047
1.74047
1.74024
1.98485
5.00746
3.69196
1.7004
2.3483
1.2517
1.71407
1.76739
1.26724
1.50221
2.42699
2.21211
1.6245
0.896919
0.798552
0.694022
0.772132
0.772132
0.644532
0.597367
0.597367
0.793368
0.691286
0.691286
0.893457
0.691286
0.893457
0.6909
1.44294
1.98649
2.09858
1.37672
0.60976
0.503433
0.486537
0.685093
0.566098
0.541456
8.36604
16.2795
28.9648
21.6296
8.50404
8.50404
16.4792
16.4792
29.5139
29.5139
8.46116
16.1605
28.6194
8.44184
16.0695
28.3529
8.09338
15.7167
28.1516
8.12594
15.4203
28.2618
8.09358
8.09358
15.717
15.717
28.1504
28.1504
8.38994
16.3082
29.0872
8.41196
16.0742
28.8077
8.29919
15.986
28.3278
8.50405
16.4792
29.5139
8.46508
16.4321
28.8849
8.46102
8.46102
16.1603
16.1603
28.6194
28.6194
8.05311
15.2646
28.1335
8.2595
15.9445
28.8007
8.11679
8.11679
15.2576
15.2576
27.4072
27.4072
8.27532
16.225
28.9129
14.6592
28.5155
8.34957
15.7912
29.1087
14.6592
14.6592
28.5155
9.24072
16.2272
29.1728
8.44186
16.0696
28.3528
8.44184
16.0695
28.3529
8.29714
16.1561
29.0062
8.44184
16.0695
28.3528
8.41193
16.162
29.1404
8.4975
16.2679
28.4406
8.46172
16.4608
29.2728
8.29715
16.1559
29.0068
8.29714
16.1561
29.0062
8.42703
16.273
28.7281
8.38322
16.1233
29.1348
8.40773
16.3374
29.0968
8.61417
16.5681
29.4861
8.16415
15.9814
28.6319
8.4686
16.3094
28.9947
8.43105
16.2199
28.7303
8.35126
16.2108
28.9921
8.0574
15.1485
27.2284
)
;
    }
    procBoundary5to4throughBack
    {
        type            processorCyclic;
        value           nonuniform List<scalar> 
177
(
0.642135
0.467643
0.363457
0.299084
0.829142
0.769296
0.595314
0.563774
0.418825
0.328562
0.273182
1.47726
1.30725
1.2275
1.12392
1.01559
0.718048
0.682425
0.539408
0.568432
0.395512
0.308267
0.255757
2.74317
2.30651
2.23893
2.17255
2.16432
2.08117
1.98031
1.73362
1.61636
1.49495
1.43624
0.947968
0.924921
0.882262
0.85918
0.621131
0.501781
0.374092
0.292421
0.242654
0.234947
0.28334
0.361772
0.508311
0.748219
1.07585
1.6715
2.70121
5.13127
8.25934
15.9443
28.801
28.3279
28.8076
28.3521
28.728
29.485
29.0932
29.1333
28.4408
29.2729
29.0059
29.1393
28.6154
28.9884
28.7274
28.8843
29.5136
28.9905
29.084
28.9622
28.9109
28.6293
28.1489
28.2909
8.13871
5.08682
4.03117
3.87447
3.86521
3.85134
3.75004
3.51535
2.8067
2.41879
2.20432
2.09101
1.98013
1.37307
1.49642
1.39658
1.26161
1.2482
1.32513
0.830964
0.608256
0.485444
0.780596
1.15542
1.75642
1.6552
2.45133
4.26484
8.29917
15.9858
16.0741
16.0692
16.2726
16.5677
16.3352
16.1221
16.2671
16.4598
16.1547
16.1607
16.1576
16.2082
16.2176
16.4309
16.4778
16.3071
16.3065
16.2787
16.2254
15.9819
15.7212
15.4424
8.09486
8.16384
8.27521
8.36563
8.38947
8.46799
8.50364
5.31182
4.27535
3.93723
3.75315
3.53726
2.93041
2.86643
2.65207
2.51786
2.81603
1.70816
1.76277
3.12028
2.67299
2.2668
2.04485
3.59642
2.79424
5.23634
8.41201
8.44187
8.42683
8.61402
8.40733
8.38301
8.49709
8.46122
8.2963
8.41155
8.46048
8.35105
8.43091
8.46501
5.58063
5.59897
5.22918
4.4209
5.27207
5.18877
4.03413
)
;
    }
}


// ************************************************************************* //
