/*--------------------------------*- C++ -*----------------------------------*\
  =========                 |
  \\      /  F ield         | OpenFOAM: The Open Source CFD Toolbox
   \\    /   O peration     | Website:  https://openfoam.org
    \\  /    A nd           | Version:  10
     \\/     M anipulation  |
\*---------------------------------------------------------------------------*/
FoamFile
{
    format      ascii;
    class       labelList;
    location    "constant/polyMesh";
    object      pointProcAddressing;
}
// * * * * * * * * * * * * * * * * * * * * * * * * * * * * * * * * * * * * * //


12040
(
0
1
2
3
4
5
6
7
8
9
10
11
12
13
20
21
22
23
24
25
26
27
35
36
37
38
39
40
41
42
43
44
54
55
56
57
58
59
60
61
62
63
64
75
76
77
78
79
80
81
82
83
84
85
104
105
106
369
370
371
372
373
374
375
376
377
378
379
380
381
382
389
390
391
392
393
394
395
396
404
405
406
407
408
409
410
411
412
413
423
424
425
426
427
428
429
430
431
432
433
444
445
446
447
448
449
450
451
452
453
454
473
474
475
738
739
740
741
742
743
744
745
746
747
748
749
750
751
758
759
760
761
762
763
764
765
773
774
775
776
777
778
779
780
781
782
792
793
794
795
796
797
798
799
800
801
802
813
814
815
816
817
818
819
820
821
822
823
842
843
844
1107
1108
1109
1110
1111
1112
1113
1114
1115
1116
1117
1118
1119
1120
1127
1128
1129
1130
1131
1132
1133
1134
1142
1143
1144
1145
1146
1147
1148
1149
1150
1151
1161
1162
1163
1164
1165
1166
1167
1168
1169
1170
1171
1182
1183
1184
1185
1186
1187
1188
1189
1190
1191
1192
1211
1212
1213
1476
1477
1478
1479
1480
1481
1482
1483
1484
1485
1486
1487
1488
1489
1496
1497
1498
1499
1500
1501
1502
1503
1511
1512
1513
1514
1515
1516
1517
1518
1519
1520
1530
1531
1532
1533
1534
1535
1536
1537
1538
1539
1540
1551
1552
1553
1554
1555
1556
1557
1558
1559
1560
1561
1580
1581
1582
1845
1846
1847
1848
1849
1850
1851
1852
1853
1854
1855
1856
1857
1858
1865
1866
1867
1868
1869
1870
1871
1872
1880
1881
1882
1883
1884
1885
1886
1887
1888
1889
1899
1900
1901
1902
1903
1904
1905
1906
1907
1908
1920
1921
1922
1923
1924
1925
1926
1927
1928
1929
1930
1949
1950
1951
2214
2215
2216
2217
2218
2220
2221
2222
2223
2224
2234
2235
2236
2237
2238
2249
2250
2251
2252
2253
2268
2269
2270
2271
2272
2289
2290
2291
2292
2293
6299
6300
6314
6315
6333
6334
6647
6653
6654
6655
6666
6667
6668
6669
6681
6682
6683
6684
6685
6686
6702
6703
6704
6705
6724
6725
6726
6746
6747
7011
7012
7013
7014
7015
7016
7017
7018
7019
7020
7021
7022
7023
7024
7031
7032
7033
7034
7035
7036
7037
7038
7046
7047
7048
7049
7050
7051
7052
7053
7054
7055
7065
7066
7067
7068
7069
7070
7071
7072
7073
7074
7075
7086
7087
7088
7089
7090
7091
7092
7093
7094
7095
7096
7115
7116
7117
7380
7381
7382
7383
7384
7385
7386
7387
7388
7389
7390
7391
7392
7393
7400
7401
7402
7403
7404
7405
7406
7407
7415
7416
7417
7418
7419
7420
7421
7422
7423
7424
7434
7435
7436
7437
7438
7439
7440
7441
7442
7443
7444
7455
7456
7457
7458
7459
7460
7461
7462
7463
7464
7465
7484
7485
7486
7749
7750
7751
7752
7753
7756
7757
7758
7759
7760
7761
7762
7763
7764
7765
7766
7767
7768
7769
7770
7771
7772
7773
7774
7775
7781
7782
7784
7788
7789
7790
7791
7792
7793
7794
7795
7796
7797
7798
7799
7800
7801
7806
7845
7846
7847
7848
7849
7850
7851
7852
7853
7854
7855
7856
7861
7864
7865
7866
7867
7868
7869
7870
7871
7872
7873
7874
7875
7876
7877
7878
7879
7881
7882
7883
7884
7910
7913
7914
7915
7916
7917
7920
7921
7922
7923
7924
7925
7926
7927
7928
7929
7930
7950
7951
7952
7953
7954
7957
7958
7959
7960
7961
7963
7966
7967
7968
7969
7970
7971
7972
7973
7974
7975
7976
7977
7978
7979
7980
7981
7982
7983
7984
7985
7986
7987
7988
7989
7990
7991
7992
7994
7995
7996
7997
7998
7999
8000
8001
8009
8010
8011
8012
8013
8014
8015
8016
8017
8018
8019
8021
8028
8235
8236
8237
8238
8239
8240
8241
8242
8243
8244
8245
8246
8247
8248
8250
8251
8252
8253
8254
8255
8256
8257
8266
8267
8269
8273
8274
8275
8276
8277
8278
8279
8280
8281
8282
8283
8284
8285
8286
8287
8288
8289
8290
8292
8293
8294
8295
8296
8297
8304
8305
8306
8307
8308
8309
8310
8311
8312
8313
8314
8315
8316
8317
8318
8319
8320
8321
8322
8324
8325
8326
8327
8336
8337
8338
8339
8340
8341
8342
8343
8344
8345
8346
8347
8348
8349
8350
8351
8352
8353
8354
8355
8356
8357
8358
8359
8360
8361
8362
8363
8364
8365
8366
8367
8368
8369
8370
8371
8372
8373
8374
8375
8377
8379
8464
8465
8466
8467
8468
8469
8470
8471
8472
8473
8474
8475
8476
8477
8478
8479
8485
8486
8487
8488
8489
8490
8491
8492
8493
8494
8495
8496
8497
8498
8499
8500
8501
8502
8503
8504
8505
8506
8507
8508
8509
8510
8511
8512
8513
8518
8519
8520
8521
8522
8523
8524
8525
8526
8527
8528
8706
8707
8708
8709
8714
8722
8723
8724
8725
8726
8727
8728
8729
8730
8731
8732
8733
8738
8739
8740
8747
8748
8749
8750
8751
8752
8753
8754
8755
8756
8757
8758
8759
8760
8765
8766
8771
8772
8773
8774
8775
8776
8777
8778
8779
8780
8781
8782
8783
8786
8787
8788
8789
8790
8791
8792
8793
8794
8795
8796
8797
8798
8801
8802
8803
8804
8805
8806
8809
8829
8830
8831
8833
8834
8835
8836
8837
8838
8839
8842
8885
8886
8887
8888
8889
8890
8891
8892
8893
8894
8895
8896
8897
8900
8901
8977
8978
8979
8980
8981
8982
8983
8984
8987
8988
8993
8994
8995
8996
8997
8998
9002
9044
9045
9046
9047
9048
9049
9050
9051
9052
9053
9054
9055
9056
9057
9058
9059
9060
9061
9062
9063
9064
9065
9066
9067
9068
9069
9070
9071
9072
9073
9074
9075
9076
9077
9078
9079
9080
9081
9082
9083
9084
9085
9086
9087
9088
9089
9090
9091
9092
9093
9100
9101
9102
9103
9104
9105
9107
9114
9115
9117
9119
9120
9121
9122
9123
9124
9125
9126
9127
9135
9136
9137
9141
9296
9297
9298
9299
9300
9301
9302
9303
9304
9305
9306
9307
9308
9309
9310
9311
9312
9320
9321
9324
9325
9326
9327
9328
9329
9330
9331
9332
9333
9334
9335
9336
9337
9338
9339
9340
9341
9342
9343
9344
9345
9346
9347
9348
9349
9350
9351
9352
9353
9354
9355
9356
9357
9358
9359
9360
9361
9362
9363
9370
9371
9372
9373
9374
9380
9382
9383
9387
9388
9389
9390
9391
9392
9393
9394
9395
9396
9397
9398
9399
9400
9401
9402
9403
9404
9405
9406
9407
9408
9409
9410
9411
9412
9413
9414
9431
9432
9435
9436
9577
9578
9579
9580
9581
9582
9583
9584
9585
9586
9587
9588
9589
9590
9591
9592
9593
9594
9595
9596
9597
9598
9599
9600
9601
9602
9603
9615
9617
9618
9619
9644
9645
9646
9647
9648
9649
9650
9651
9652
9653
9659
9660
9661
9662
9663
9664
9665
9666
9667
9668
9669
9670
9671
9672
9673
9674
9675
9676
9677
9678
9679
9680
9681
9682
9683
9684
9685
9686
9687
9689
9690
9691
9692
9769
9770
9771
9772
9773
9774
9775
9776
9777
9778
9779
9780
9781
9782
9784
9785
9786
9793
9794
9795
9796
9797
9798
9799
9800
9801
9802
9803
9804
9805
9806
9807
9808
9809
9810
9811
9812
9813
9816
9817
9818
9819
9820
9863
9864
9865
9866
9867
9868
9869
9870
9871
9872
9873
9874
9875
9876
9877
9878
9879
9880
9881
9882
9883
9884
9885
9886
9887
9888
9889
9890
9891
9892
9893
9894
9895
9896
9897
9898
9899
9900
9901
9902
9903
9904
9905
9906
9907
9908
9909
9910
9911
9912
9913
9914
9915
9916
9917
9918
9919
9921
10200
10201
10202
10203
10204
10205
10206
10207
10208
10209
10210
10211
10212
10213
10214
10215
10231
10232
10233
10234
10235
10236
10237
10238
10239
10240
10241
10242
10243
10244
10245
10246
10247
10248
10249
10250
10251
10262
10263
10264
10265
10266
10267
10268
10272
10273
10274
10275
10276
10277
10278
10279
10280
10281
10282
10283
10284
10285
10286
10287
10288
10289
10290
10291
10292
10293
10294
10295
10296
10297
10298
10299
10300
10301
10302
10303
10304
10305
10306
10311
10312
10422
10423
10424
10425
10426
10427
10428
10429
10430
10431
10432
10433
10434
10436
10441
10442
10443
10444
10445
10446
10447
10448
10449
10450
10451
10452
10453
10454
10455
10456
10457
10458
10459
10460
10461
10462
10463
10464
10465
10466
10467
10468
10469
10470
10471
10472
10473
10474
10475
10476
10477
10478
10479
10480
10490
10491
10492
10493
10494
10636
10637
10638
10647
10648
10649
10650
10651
10652
10653
10654
10655
10656
10657
10658
10659
10660
10661
10662
10663
10664
10665
10666
10667
10668
10678
10679
10680
10681
10682
10683
10684
10685
10686
10687
10688
10689
10690
10691
10692
10693
10694
10695
10696
10697
10698
10699
10700
10701
10702
10703
10704
10714
10715
10716
10717
10718
10907
10908
10909
10910
10911
10912
10913
10914
10915
10916
10917
10918
10919
10920
10921
10922
10923
10924
10925
10926
10927
10928
10929
10930
10931
10932
10933
10934
10935
10936
10937
10938
10939
10946
10947
10948
10949
10950
10951
10952
11195
11196
11197
11198
11199
11200
11201
11202
11203
11204
11205
11206
11207
11208
11209
11210
11211
11212
11213
11214
11215
11216
11217
11218
11219
11220
11226
11227
11228
11229
11230
11244
11245
11246
11247
11248
11249
11250
11251
11252
11253
11254
11255
11256
11257
11258
11259
11260
11265
11266
11268
11330
11331
11332
11333
11334
11335
11336
11337
11338
11339
11340
11341
11342
11343
11344
11345
11346
11348
11349
11350
11351
11352
11353
11354
11355
11356
11357
11358
11359
11360
11361
11370
11371
11372
11373
11378
11380
11381
11382
11383
11384
11385
11386
11387
11388
11389
11390
11391
11392
11393
11394
11395
11396
11397
11399
11400
11401
11402
11403
11404
11405
11406
11407
11408
11409
11410
11411
11412
11421
11422
11423
11424
11429
11431
11432
11433
11434
11435
11436
11437
11438
11439
11440
11441
11443
11444
11445
11446
11447
11448
11449
11450
11452
11453
11454
11455
11456
11457
11458
11459
11460
11461
11462
11463
11464
11465
11466
11467
11468
11469
11473
11474
11475
11476
11477
11478
11479
11480
11481
11482
11483
11484
11485
11486
11487
11488
11489
11490
11491
11492
11499
11500
11501
11502
11503
11504
11505
11506
11507
11508
11509
11510
11516
11517
11518
11519
11520
11521
11522
11523
11524
11525
11526
11527
11528
11529
11530
11531
11532
11533
11534
11535
11536
11544
11546
11547
11548
11549
11550
11551
11552
11553
11554
11555
11556
11557
11558
11559
11560
11561
11562
11563
11564
11565
11566
11567
11568
11569
11570
11571
11572
11573
11574
11577
11581
11582
11583
11584
11585
11586
11587
11588
11589
11590
11591
11592
11593
11594
11595
11596
11597
11598
11599
11600
11601
11602
11603
11604
11611
11612
11613
11614
11615
11620
11621
11622
11623
11624
11625
11626
11627
11628
11629
11630
11631
11632
11633
11634
11635
11636
11637
11638
11639
11640
11641
11642
11643
11644
11645
11646
11647
11648
11649
11650
11651
11652
11653
11654
11660
11661
11662
11663
11664
11665
11666
11667
11668
11669
11670
11671
11672
11673
11674
11675
11676
11677
11678
11679
11680
11681
11682
11683
11684
11685
11686
11687
11688
11689
11690
11691
11692
11693
11694
11695
11696
11697
11698
11699
11700
11701
11702
11703
11704
11705
11706
11707
11708
11709
11710
11711
11712
11713
11714
11715
11716
11717
11718
11719
11720
11721
11722
11723
11724
11725
11726
11727
11728
11729
11730
11731
11732
11733
11737
11738
11739
11740
11741
11742
11743
11744
11745
11746
11747
11748
11749
11750
11751
11752
11753
11754
11755
11756
11757
11759
11760
11761
11762
11763
11766
11767
11768
11769
11770
11771
11772
11773
11774
11775
11776
11777
11778
11779
11780
11781
11782
11783
11784
11785
11786
11787
11788
11789
11790
11791
11792
11793
11795
11796
11797
11798
11799
11800
11801
11802
11803
11804
11805
11806
11807
11808
11809
11815
11816
11817
11818
11819
11820
11821
11822
11823
11824
11825
11826
11827
11828
11829
11830
11831
11832
11833
11834
11835
11836
11837
11838
11839
11840
11847
11848
11849
11850
11851
11852
11853
11854
11855
11856
11857
11858
11859
11860
11861
11862
11863
11864
11865
11866
11867
11868
11869
11870
11871
11872
11874
11875
11876
11877
11878
11879
11880
11881
11882
11883
11884
11885
11886
11887
11888
11889
11890
11898
11899
11901
11902
11903
11904
11908
11909
11910
11911
11912
11913
11914
11915
11916
11917
11918
11919
11920
11921
11922
11923
11924
11925
11926
11927
11929
11930
11931
11932
11936
11937
11938
11939
11940
11941
11942
11943
11944
11945
11946
11947
11948
11949
11950
11951
11952
11953
11954
11955
11958
11968
11969
11970
11971
11972
11976
11988
11989
12018
12019
12024
12025
12045
12046
12047
12048
12049
12050
12051
12052
12053
12054
12055
12056
12057
12058
12059
12060
12061
12062
12063
12064
12065
12066
12067
12068
12069
12070
12071
12072
12073
12074
12075
12076
12077
12078
12079
12080
12081
12082
12083
12084
12085
12086
12087
12088
12089
12090
12091
12092
12093
12094
12095
12096
12097
12098
12099
12100
12101
12102
12103
12104
12105
12106
12107
12108
12109
12110
12111
12112
12113
12122
12123
12124
12125
12126
12127
12129
12136
12138
12139
12142
12143
12144
12145
12146
12147
12149
12156
12158
12159
12162
12163
12164
12165
12166
12167
12168
12170
12177
12179
12180
12183
12184
12185
12186
12187
12188
12189
12191
12198
12200
12201
12204
12205
12206
12207
12208
12209
12210
12212
12225
12226
12461
12462
12464
12471
12473
12481
12482
12483
12485
12492
12494
12498
12499
12500
12501
12502
12503
12505
12512
12516
12517
12518
12519
12520
12521
12522
12523
12524
12525
12526
12531
12532
12533
12534
12535
12536
12537
12538
12540
12595
12596
12597
12598
12599
12600
12602
12605
12606
12607
12608
12609
12610
12611
12612
12613
12614
12615
12616
12617
12618
12619
12620
12621
12622
12623
12706
12707
12708
12709
12710
12713
12714
12721
12722
12723
12724
12725
12726
12727
12728
12729
12730
12764
12765
12766
12767
12768
12769
12770
12771
12772
12773
12774
12775
12776
12777
12778
12779
12780
12781
12782
12783
12784
12785
12786
12787
12788
12789
12790
12791
12792
12793
12797
12798
12799
12800
12801
12802
12803
12804
12805
12806
12807
12808
12809
12810
12829
12830
12831
12845
12846
12847
12848
12849
12850
12851
12852
12853
12854
12855
12862
12863
12864
12865
12866
12868
12869
12870
12871
12872
12873
12874
12875
12876
12877
12878
12879
12880
12881
12882
12883
12884
12885
12886
12890
12891
12892
12893
12894
12895
12896
12897
12898
12899
12900
12901
12902
12921
12922
12923
12924
12939
12940
12941
12942
12943
12944
12945
12946
12947
12955
12956
12957
12958
12960
12961
12962
12963
12964
12965
12966
12967
12968
12969
12970
12971
12972
12973
12974
12975
12976
12977
12978
12979
12980
12984
12985
12986
12987
12988
12989
12990
12991
12992
12993
12994
12995
12996
12997
12998
13017
13018
13019
13020
13035
13036
13037
13038
13039
13040
13041
13042
13043
13051
13052
13053
13054
13056
13057
13058
13059
13060
13061
13062
13063
13064
13065
13066
13067
13068
13069
13070
13071
13072
13073
13074
13075
13076
13077
13078
13079
13080
13084
13085
13086
13087
13088
13089
13090
13091
13092
13093
13094
13095
13096
13097
13098
13099
13118
13119
13120
13121
13136
13137
13138
13139
13140
13141
13142
13143
13144
13152
13153
13154
13155
13157
13158
13159
13160
13161
13162
13163
13164
13165
13166
13167
13168
13169
13170
13171
13172
13173
13174
13175
13176
13180
13181
13182
13183
13184
13185
13186
13187
13188
13189
13190
13191
13192
13193
13194
13195
13214
13215
13216
13217
13232
13234
13235
13238
13248
13254
13255
13256
13257
13258
13259
13260
13261
13262
13263
13264
13267
13276
13277
13278
13279
13280
13281
13282
14345
14347
14367
14368
14385
14388
14401
14418
14420
14421
14422
14423
14424
14436
14437
14438
14439
14440
14441
14442
14443
14462
14463
14464
14465
14480
14481
14482
14483
14484
14486
14487
14496
14497
14499
14502
14503
14504
14505
14506
14507
14508
14509
14510
14511
14512
14513
14514
14515
14516
14517
14518
14519
14520
14521
14522
14523
14524
14525
14526
14527
14528
14529
14533
14534
14535
14536
14537
14538
14539
14540
14559
14560
14576
14577
14578
14579
14580
14581
14582
14583
14589
14590
14592
14595
14620
14621
14622
14623
14624
14626
14627
14628
14629
14630
14631
14632
14633
14634
14635
14636
14637
14638
14639
14640
14641
14642
14643
14644
14645
14646
14647
14648
14649
14650
14651
14652
14653
14654
14656
14657
14683
14685
14722
14723
14724
14725
14727
14731
14732
14733
14734
14735
14736
14737
14738
14739
14740
14741
14742
14743
14744
14745
14924
14925
14926
14927
14928
14929
14930
14931
14932
14933
14934
14935
14936
14937
14938
14939
14940
14941
14942
14943
14944
14945
14946
14951
14952
14953
14954
14955
14956
14957
14958
14960
14962
14970
14972
15032
15033
15035
15036
15037
15038
15039
15040
15041
15042
15043
15044
15045
15127
15128
15129
15130
15131
15132
15133
15134
15135
15136
15137
15138
15139
15140
15141
15142
15143
15144
15145
15146
15147
15148
15149
15150
15151
15152
15153
15154
15155
15156
15157
15168
15169
15170
15171
15172
15173
15175
15176
15177
15178
15179
15180
15181
15182
15183
15184
15185
15190
15191
15192
15193
15194
15195
15196
15197
15198
15219
15220
15221
15224
15232
15233
15234
15235
15236
15237
15238
15239
15240
15241
15242
15243
15244
15245
15246
15247
15248
15249
15250
15251
15252
15253
15254
15255
15287
15288
15289
15290
15291
15292
15293
15294
15295
15296
15297
15298
15299
15300
15301
15302
15303
15304
15305
15306
15307
15308
15309
15310
15311
15312
15313
15314
15315
15316
15317
15318
15319
15320
15321
15322
15323
15324
15325
15326
15327
15328
15329
15330
15331
15341
15342
15343
15344
15345
15364
15365
15366
15367
15368
15369
15370
15371
15380
15381
15382
15383
15384
15385
15386
15387
15388
15389
15400
15401
15402
15403
15404
15405
15406
15407
15408
15409
15410
15411
15412
15413
15414
15415
15416
15417
15418
15419
15420
15421
15422
15423
15424
15425
15426
15436
15437
15438
15457
15458
15459
15460
15461
15462
15470
15471
15472
15473
15474
15475
15476
15484
15485
15486
15487
15488
15489
15490
15491
15492
15493
15494
15495
15496
15497
15498
15499
15500
15501
15502
15503
15504
15505
15506
15507
15508
15509
15510
15511
15512
15513
15514
15515
15525
15526
15527
15546
15547
15548
15549
15550
15551
15559
15560
15561
15562
15563
15564
15565
15573
15574
15575
15576
15577
15578
15579
15580
15581
15582
15583
15584
15585
15586
15587
15588
15589
15590
15591
15592
15593
15594
15595
15596
15597
15598
15599
15600
15610
15611
15612
15631
15632
15633
15634
15635
15636
15644
15645
15646
15647
15648
15649
15658
15659
15660
15661
15662
15663
15664
15665
15666
15667
15668
15669
15670
15671
15672
15673
15674
15675
15676
15677
15679
15680
15682
15693
15694
15741
15742
15747
15748
15750
15751
16674
16675
16676
16677
16678
16679
16689
16690
16691
16710
16711
16712
16713
16714
16723
16725
16726
16738
16739
16741
16742
16744
16745
16747
16748
16749
16752
16755
16756
16759
16760
16761
16763
16764
16765
16766
16767
16768
16769
16770
16771
16772
16773
16774
16775
16776
16786
16787
16788
16789
16809
16810
16811
16812
16813
16814
16823
16824
16825
16826
16829
16830
16841
16842
16843
16844
16845
16846
16847
16848
16849
16850
16851
16852
16853
16854
16855
16856
16857
16858
16859
16860
16861
16862
16863
16864
16865
16866
16867
16868
16869
16878
16879
16880
16881
16882
16897
16898
16899
16904
16905
16906
16907
16908
16909
16910
16916
16920
16921
16922
16923
16924
16925
16926
16927
16928
16929
16930
16931
16932
16933
16934
16935
16936
16937
16938
16939
16940
16941
16942
16943
16944
16945
16946
16947
16948
16949
16950
16951
16952
16953
16954
16955
16963
16964
16965
16966
16967
16968
16969
16970
16971
16972
16973
16974
16975
16976
16977
16978
16979
16980
16981
16982
16991
16992
17155
17156
17157
17158
17159
17160
17161
17162
17163
17164
17165
17166
17167
17168
17174
17175
17179
17180
17181
17182
17183
17184
17185
17186
17187
17188
17189
17190
17191
17192
17193
17194
17195
17196
17197
17198
17199
17200
17201
17202
17203
17204
17205
17206
17207
17208
17209
17210
17211
17212
17213
17214
17215
17344
17345
17346
17347
17348
17349
17350
17351
17352
17353
17360
17361
17362
17363
17375
17376
17377
17378
17379
17380
17381
17382
17383
17384
17385
17386
17387
17388
17389
17390
17391
17408
17409
17410
17411
17424
17425
17426
17450
17451
17452
17453
17454
17455
17456
17457
17462
17465
17466
17467
17468
17469
17470
17471
17472
17477
17480
17481
17482
17483
17484
17485
17486
17487
17492
17495
17496
17497
17498
17499
17500
17501
17502
17507
17510
17511
17512
17513
17514
17515
17516
17517
17525
17696
17709
17710
17711
17712
17751
17752
17753
17754
17755
17756
17757
17758
17759
17760
17761
17762
17763
17764
17765
17766
17767
17768
17769
17770
17771
17772
17773
17774
17775
17776
17777
17778
17779
17780
17799
17800
17801
17812
17813
17814
17815
17817
17818
17819
17820
17821
17827
17828
17829
17830
17831
17832
17833
17834
17835
17836
17837
17838
17839
17840
17841
17842
17843
17844
17845
17846
17847
17848
17849
17850
17851
17852
17853
17854
17855
17856
17875
17876
17877
17888
17889
17890
17891
17893
17894
17895
17896
17897
17903
17904
17905
17906
17907
17908
17909
17910
17911
17912
17913
17914
17915
17916
17917
17918
17919
17920
17921
17922
17923
17924
17925
17926
17927
17928
17929
17930
17931
17932
17951
17952
17953
17964
17965
17966
17967
17969
17970
17971
17972
17973
17979
17980
17981
17982
17983
17984
17985
17986
17987
17988
17989
17990
17991
17992
17993
17994
17995
17996
17997
17998
17999
18000
18001
18002
18003
18004
18005
18006
18007
18008
18009
18010
18011
18012
18013
18014
18033
18034
18035
18046
18047
18048
18049
18051
18052
18053
18061
18062
18063
18064
18065
18066
18067
18068
18069
18070
18071
18072
18073
18074
18075
18076
18077
18078
18079
18080
18081
18082
18083
18084
18085
18086
18089
18092
18093
18115
18143
18144
18147
18148
18157
18159
19075
19078
19079
19080
19100
19101
19113
19115
19152
19153
19154
19155
19156
19157
19158
19159
19160
19161
19162
19181
19182
19183
19194
19195
19196
19197
19199
19200
19262
19263
19264
19265
19266
19267
19301
19308
19309
19310
19311
19313
19314
19315
19316
19317
19318
19319
19320
19321
19322
19323
19324
19325
19326
19327
19328
19329
19330
19331
19332
19333
19334
19335
19336
19337
19338
19339
19340
19341
19342
19343
19344
19345
19346
19347
19348
19382
19383
19384
19385
19393
19394
19395
19396
19397
19398
19399
19400
19401
19402
19403
19404
19405
19407
19410
19412
19413
19414
19415
19416
19417
19418
19419
19420
19421
19422
19423
19424
19425
19426
19427
19428
19429
19430
19431
19432
19433
19434
19435
19436
19437
19438
19439
19440
19441
19442
19443
19444
19445
19446
19447
19481
19482
19483
19484
19492
19493
19494
19495
19496
19497
19498
19499
19500
19501
19502
19503
19504
19506
19509
19511
19512
19513
19514
19515
19516
19517
19518
19519
19520
19521
19522
19523
19524
19525
19526
19527
19528
19529
19530
19531
19532
19533
19534
19535
19536
19537
19538
19539
19540
19541
19542
19543
19544
19545
19546
19547
19548
19549
19583
19584
19585
19586
19594
19595
19596
19597
19598
19599
19600
19601
19602
19603
19604
19605
19606
19608
19611
19613
19614
19615
19616
19617
19618
19619
19620
19621
19622
19623
19624
19625
19626
19627
19628
19629
19630
19631
19632
19633
19634
19635
19636
19637
19638
19639
19640
19641
19642
19643
19644
19645
19646
19647
19648
19649
19650
19651
19652
19653
19654
19655
19656
19657
19691
19692
19693
19694
19702
19703
19704
19706
19707
19709
19712
19721
19722
19723
19724
19725
19726
19727
19728
19729
19730
19731
19732
19733
19734
19735
19736
19737
19738
19739
19740
19741
19743
19744
19746
20987
20988
21045
21046
21047
21048
21049
21050
21051
21052
21053
21054
21055
21056
21057
21058
21059
21060
21061
21095
21096
21097
21098
21106
21107
21108
21109
21111
21113
21114
21129
21130
21131
21132
21168
21169
21198
21199
21200
21201
21202
21203
21204
21205
21206
21207
21208
21210
21211
21212
21213
21214
21216
21217
21218
21219
21220
21273
21274
21275
21276
21277
21278
21279
21280
21282
21285
21286
21321
21322
21323
21324
21329
21330
21335
21336
21337
21338
21339
21340
21341
21355
21367
21368
21369
21370
21371
21372
21373
21374
21375
21376
21401
21402
21403
21404
21405
21406
21407
21408
21409
21410
21411
21412
21413
21414
21415
21416
21417
21418
21419
21420
21421
21422
21423
21424
21425
21426
21427
21440
21441
21442
21443
21458
21459
21460
21461
21462
21465
21466
21467
21468
21469
21470
21471
21476
21477
21478
21479
21480
21481
21482
21483
21484
21485
21486
21487
21488
21489
21490
21491
21492
21493
21494
21495
21496
21497
21498
21499
21500
21501
21502
21503
21504
21505
21506
21507
21508
21521
21522
21523
21524
21525
21540
21541
21542
21543
21544
21545
21549
21550
21551
21552
21553
21554
21555
21556
21557
21563
21564
21565
21566
21567
21568
21569
21570
21571
21572
21573
21574
21575
21576
21577
21578
21579
21580
21581
21582
21583
21584
21585
21586
21587
21588
21589
21590
21591
21592
21593
21594
21595
21596
21609
21610
21611
21612
21613
21628
21629
21630
21631
21632
21633
21637
21638
21639
21640
21641
21642
21643
21644
21645
21651
21652
21653
21654
21655
21656
21657
21658
21659
21660
21661
21662
21663
21664
21665
21666
21667
21668
21669
21670
21671
21672
21673
21674
21675
21676
21677
21678
21679
21680
21681
21682
21683
21684
21685
21686
21687
21688
21689
21702
21703
21704
21705
21706
21721
21722
21723
21724
21725
21726
21730
21731
21732
21733
21734
21735
21736
21737
21744
21745
21746
21747
21748
21749
21750
21751
21752
21753
21754
21755
21756
21757
21758
21759
21760
21761
21762
21763
21764
21765
21766
21767
21768
21769
21770
21772
21773
21774
21775
21777
21778
21779
21780
21781
21795
21796
21797
21798
21837
21838
21841
21842
21843
21845
21846
21847
21848
22891
22892
22895
22896
22897
22898
22912
22913
22914
22915
22931
22932
22933
22934
22935
22940
22942
22972
22973
22974
22975
22976
22977
22978
22979
22980
22981
22982
22983
22984
22997
22998
22999
23000
23014
23015
23016
23017
23018
23021
23022
23023
23099
23100
23101
23102
23103
23104
23105
23106
23107
23108
23109
23110
23111
23112
23113
23114
23127
23128
23129
23130
23131
23132
23182
23183
23186
23187
23188
23189
23190
23191
23192
23194
23195
23196
23197
23198
23199
23200
23201
23202
23203
23204
23205
23206
23207
23208
23209
23210
23211
23212
23213
23214
23215
23216
23217
23218
23219
23220
23221
23222
23223
23224
23225
23226
23227
23228
23229
23230
23231
23232
23233
23234
23235
23236
23237
23238
23239
23240
23241
23242
23243
23244
23245
23246
23247
23248
23249
23262
23263
23264
23265
23266
23267
23268
23269
23270
23271
23272
23273
23274
23324
23325
23326
23327
23328
23329
23330
23331
23332
23333
23340
23341
23342
23343
23344
23345
23346
23347
23348
23349
23350
23351
23352
23353
23354
23355
23357
23358
23360
23361
23365
23367
23368
23369
23370
23371
23372
23373
23374
23375
23376
23377
23378
23379
23380
23381
23382
23383
23384
23385
23386
23387
23388
23389
23390
23391
23392
23393
23394
23395
23396
23397
23398
23399
23400
23401
23402
23403
23404
23405
23406
23407
23408
23409
23410
23411
23412
23413
23414
23415
23416
23417
23418
23419
23420
23421
23422
23435
23436
23437
23438
23439
23440
23441
23442
23443
23444
23445
23446
23447
23497
23498
23499
23500
23501
23502
23503
23504
23505
23506
23513
23514
23515
23516
23517
23518
23519
23520
23521
23522
23523
23524
23525
23526
23527
23528
23530
23531
23533
23534
23538
23540
23541
23542
23543
23544
23545
23546
23547
23548
23549
23550
23551
23552
23553
23554
23555
23556
23557
23558
23559
23560
23561
23562
23563
23564
23565
23566
23567
23568
23569
23570
23571
23572
23573
23574
23575
23576
23577
23578
23579
23580
23581
23582
23583
23584
23585
23586
23587
23588
23589
23590
23591
23592
23593
23594
23595
23596
23597
23598
23599
23600
23601
23602
23603
23604
23605
23618
23619
23620
23621
23622
23623
23624
23625
23626
23627
23628
23629
23630
23680
23681
23682
23683
23684
23685
23686
23687
23688
23689
23696
23697
23698
23699
23700
23701
23702
23703
23704
23705
23706
23707
23708
23709
23710
23711
23713
23714
23716
23717
23721
23723
23724
23725
23726
23727
23728
23729
23730
23731
23732
23733
23734
23735
23736
23737
23738
23739
23740
23741
23742
23743
23744
23745
23746
23747
23748
23749
23750
23751
23752
23753
23754
23755
23756
23757
23758
23759
23760
23761
23762
23763
23764
23765
23766
23767
23768
23769
23770
23771
23772
23773
23774
23775
23776
23777
23778
23779
23780
23781
23782
23783
23784
23785
23786
23787
23788
23789
23790
23791
23792
23805
23806
23807
23808
23809
23810
23811
23812
23813
23814
23815
23816
23817
23867
23868
23869
23870
23871
23872
23873
23883
23884
23885
23892
23893
23910
23911
23912
23913
23914
23915
23916
23917
23918
23919
23920
23921
23922
23923
23924
23925
23926
23927
23928
23929
23930
23932
23933
23934
23935
23936
23937
23939
23940
23941
23942
23944
23945
23946
23955
23956
26052
26053
26058
26059
26060
26061
26119
26120
26131
26132
26197
26198
26204
26205
26206
26207
26208
26210
26211
26212
26213
26214
26215
26216
26217
26218
26219
26220
26221
26222
26223
26236
26237
26238
26239
26240
26241
26242
26243
26244
26245
26246
26247
26248
26298
26299
26300
26301
26302
26303
26304
26305
26306
26307
26314
26315
26316
26317
26318
26319
26324
26326
26327
26329
26445
26446
26447
26448
26449
26450
26451
26452
26453
26454
26455
26456
26457
26458
26459
26460
26461
26462
26463
26464
26465
26466
26467
26468
26469
26470
26471
26472
26476
26477
26478
26479
26480
26481
26482
26483
26484
26485
26486
26487
26488
26511
26512
26513
26518
26519
26520
26521
26522
26523
26524
26525
26529
26535
26536
26537
26538
26539
26540
26541
26542
26543
26544
26545
26546
26547
26548
26549
26550
26551
26552
26553
26554
26555
26556
26557
26558
26559
26560
26561
26562
26563
26564
26565
26566
26567
26568
26572
26573
26574
26575
26576
26577
26578
26579
26580
26581
26582
26583
26584
26585
26608
26609
26610
26616
26617
26618
26619
26620
26621
26622
26623
26625
26629
26635
26636
26637
26638
26639
26640
26641
26642
26643
26644
26645
26646
26647
26648
26649
26650
26651
26652
26653
26654
26655
26656
26657
26658
26659
26660
26661
26662
26663
26664
26665
26666
26667
26668
26669
26673
26674
26675
26676
26677
26678
26679
26680
26681
26682
26683
26684
26685
26686
26709
26710
26711
26717
26718
26719
26720
26721
26722
26723
26724
26726
26730
26736
26737
26738
26739
26740
26741
26742
26743
26744
26745
26746
26747
26748
26749
26750
26751
26752
26753
26754
26755
26756
26757
26758
26759
26760
26761
26762
26763
26764
26765
26766
26767
26768
26769
26770
26771
26772
26776
26777
26778
26779
26780
26781
26782
26783
26784
26785
26786
26787
26788
26789
26812
26813
26814
26820
26821
26822
26823
26824
26825
26826
26827
26829
26833
26839
26840
26841
26842
26843
26844
26845
26846
26847
26848
26849
26850
26851
26852
26853
26854
26855
26856
26857
26858
26859
26860
26861
26862
26863
26864
26865
26866
26867
26868
26869
26870
26871
26872
26873
26874
26875
26879
26880
26881
26883
26884
26888
26889
26890
26891
26892
26942
26943
26944
26945
26946
26947
26948
26949
26950
26952
26956
28115
28117
28118
28121
28122
28123
28128
28201
28203
28204
28205
28206
28207
28208
28209
28210
28211
28212
28213
28214
28218
28219
28220
28221
28222
28223
28224
28225
28226
28227
28228
28229
28230
28253
28254
28255
28261
28262
28265
28387
28388
28389
28390
28391
28392
28393
28394
28395
28396
28397
28398
28399
28400
28401
28402
28403
28404
28405
28406
28407
28408
28409
28410
28411
28412
28413
28414
28415
28416
28417
28418
28419
28420
28421
28422
28423
28424
28425
28426
28427
28428
28429
28430
28431
28432
28433
28434
28435
28436
28437
28438
28439
28440
28441
28442
28443
28444
28445
28446
28447
28448
28449
28450
28451
28452
28453
28454
28455
28456
28457
28458
28459
28460
28461
28462
28463
28464
28465
28466
28467
28468
28469
28470
28471
28530
28531
28532
28533
28534
28535
28536
28537
28566
28567
28568
28569
28570
28571
28572
28573
28574
28575
28576
28577
28578
28579
28580
28581
28582
28585
28586
28587
28588
28589
28590
28591
28592
28593
28594
28595
28596
28597
28598
28599
28610
28611
28612
28613
28614
28615
28616
28617
28618
28619
28620
28621
28622
28623
28624
28625
28626
28627
28628
28629
28630
28631
28632
28633
28634
28635
28636
28637
28638
28639
28640
28641
28642
28643
28644
28645
28646
28647
28648
28649
28650
28651
28652
28653
28654
28655
28656
28657
28658
28659
28660
28661
28662
28663
28664
28665
28666
28667
28668
28669
28670
28671
28672
28673
28674
28675
28676
28677
28678
28679
28680
28681
28682
28683
28684
28685
28686
28687
28688
28689
28690
28691
28692
28693
28694
28753
28754
28755
28756
28757
28758
28759
28760
28789
28790
28791
28792
28793
28794
28795
28796
28797
28798
28799
28800
28801
28802
28803
28804
28805
28808
28809
28810
28811
28812
28813
28814
28815
28816
28817
28818
28819
28820
28821
28822
28833
28834
28835
28836
28837
28838
28839
28840
28841
28842
28843
28844
28845
28846
28847
28848
28849
28850
28851
28852
28853
28854
28855
28856
28857
28858
28859
28860
28861
28862
28863
28864
28865
28866
28867
28868
28869
28870
28871
28872
28873
28874
28875
28876
28877
28878
28879
28880
28881
28882
28883
28884
28885
28886
28887
28888
28889
28890
28891
28892
28893
28894
28895
28896
28897
28898
28899
28900
28901
28902
28903
28904
28905
28906
28907
28908
28909
28910
28911
28912
28913
28914
28915
28916
28917
28918
28919
28978
28979
28980
28981
28982
28983
28984
28985
29014
29015
29016
29017
29018
29019
29020
29021
29022
29023
29024
29025
29026
29027
29028
29029
29030
29033
29034
29035
29036
29037
29038
29039
29040
29041
29042
29043
29044
29045
29046
29047
29058
29059
29060
29061
29062
29063
29064
29065
29066
29067
29068
29069
29070
29071
29072
29073
29074
29075
29076
29077
29078
29079
29080
29081
29082
29083
29084
29085
29086
29087
29088
29089
29090
29091
29092
29093
29094
29095
29096
29097
29098
29099
29100
29101
29102
29103
29104
29105
29106
29107
29108
29109
29110
29111
29112
29113
29114
29115
29116
29117
29118
29119
29120
29121
29122
29123
29124
29125
29126
29127
29128
29129
29130
29131
29132
29133
29134
29135
29136
29137
29138
29139
29140
29141
29142
29143
29144
29145
29146
29147
29148
29149
29150
29151
29152
29153
29154
29155
29156
29157
29158
29159
29218
29219
29220
29221
29222
29223
29224
29225
29254
29255
29256
29257
29258
29259
29260
29261
29262
29263
29264
29265
29266
29267
29268
29269
29273
29274
29275
29276
29277
29278
29279
29280
29281
29298
29299
29300
29301
29302
29303
29304
29305
29306
29307
29308
29309
29310
29311
29312
29313
29314
29315
29316
29317
29318
29319
29320
29321
29322
29323
29324
29325
29326
29327
29328
29329
29330
29331
29332
29333
29334
29335
29336
29337
29338
29341
29344
29345
29346
29347
29348
29349
29350
29351
29352
29353
29354
29355
29356
29357
29358
29359
29360
29361
29362
29363
29364
29365
29366
29367
29368
29369
29370
29371
29372
29378
29379
29380
29387
29388
29389
29390
29391
29458
29460
29538
29539
29540
29541
29542
29549
29550
29551
29552
29553
29584
29585
29590
29591
32223
32257
32261
32263
32264
32265
32266
32269
32270
32272
32273
32274
32275
32276
32277
32278
32279
32339
32341
32342
32343
32344
32345
32375
32377
32378
32379
32380
32381
32383
32385
32386
32387
32388
32395
32398
32451
32452
32453
32454
32455
32456
32479
32480
32481
32482
32483
32484
32485
32486
32487
32488
32489
32490
32491
32492
32493
32494
32495
32496
32497
32498
32499
32500
32501
32502
32503
32504
32563
32564
32565
32566
32567
32568
32569
32596
32597
32598
32599
32600
32601
32602
32603
32604
32605
32606
32607
32608
32609
32613
32614
32615
32616
32617
32723
32724
32725
32726
32728
32813
32814
32815
32816
32817
32818
32819
32820
32821
32826
32827
32831
32832
32833
32834
32835
32836
32837
32842
32843
32845
32846
32848
32849
32850
32851
32852
32853
32854
32859
32860
32862
32863
32865
32866
32867
32868
32869
32870
32875
32876
32878
32879
32881
32882
32883
32884
32885
32886
32887
32892
32893
32895
32896
32898
32899
32900
32901
32902
32903
32904
32915
33113
33124
33125
33130
33131
33133
33136
33137
33138
33139
33140
33141
33142
33147
33148
33151
33152
33154
33155
33156
33157
33163
33166
33167
33277
33278
33279
33280
33281
33282
33283
33286
33287
33296
33297
33298
33299
33300
33301
33302
33304
33305
33326
33327
33328
33329
33330
33331
33332
33333
33334
33342
33347
33420
33421
33422
33423
33424
33425
33426
33427
33428
33433
33441
33442
33443
33444
33445
33446
33447
33448
33449
33450
33451
33456
33457
33458
33459
33463
33464
33473
33474
33475
33482
33483
33484
33487
33488
33489
33494
33495
33496
33499
33504
33505
33509
33634
33644
33653
33654
33655
33656
33657
33658
33659
33660
33661
33662
33663
33664
33665
33666
33667
33668
33671
33672
33673
33674
33675
33676
33677
33678
33679
33680
33681
33682
33685
33686
33696
33697
33698
33699
33700
33705
33708
33709
33710
33711
33712
33713
33714
33717
33718
33719
33720
33721
33722
33723
33724
33725
33726
33727
33728
33731
33739
33740
33741
33749
33750
33751
33754
33755
33756
33757
33758
33759
33760
33763
33764
33765
33766
33767
33768
33769
33770
33771
33772
33773
33774
33777
33778
33785
33786
33787
33788
33789
33796
33797
33798
33799
33802
33803
33804
33805
33806
33807
33808
33811
33812
33813
33814
33815
33816
33817
33818
33819
33820
33821
33824
33825
33832
33833
33834
33835
33836
33843
33844
33845
33846
33849
33850
33851
33852
33853
33854
33855
33858
33859
33860
33861
33862
33863
33864
33865
33866
33867
33868
33869
33872
33873
33880
33881
33882
33883
33884
33891
33892
33893
33894
33897
33898
33899
33900
33901
33902
33903
33906
33907
33908
33909
33910
33911
33912
33913
33914
33915
33916
33917
33920
33921
33928
33930
33931
33939
33941
33945
33946
33947
33948
33949
33950
33954
33956
33958
33960
34496
34505
34527
34538
34539
34540
34541
34544
34545
34552
34553
34554
34555
34563
34564
34566
34569
34570
34571
34572
34573
34574
34575
34578
34579
34580
34581
34582
34583
34584
34585
34586
34587
34588
34589
34592
34593
34601
34602
34603
34604
34605
34614
34615
34616
34617
34620
34621
34622
34623
34624
34625
34626
34627
34628
34629
34630
34631
34632
34633
34634
34635
34636
34637
34638
34641
34642
34643
34644
34645
34646
34647
34650
34651
34652
34660
34661
34662
34663
34664
34665
34670
34672
34674
34675
34676
34677
34678
34679
34680
34681
34682
34683
34684
34685
34686
34687
34688
34697
34698
34705
34706
34707
34747
34748
34749
34750
34751
34752
34753
34754
34755
34756
34757
34758
34759
34760
34768
34772
34773
34775
34776
34777
34779
34780
34781
34782
34783
34784
34787
34788
34789
34790
34791
34792
34793
34794
34814
34815
34817
34818
34819
34820
34821
34822
34823
34826
34827
34828
34829
34830
34831
34832
34833
34834
34844
34845
34846
34847
35078
35079
35080
35081
35091
35092
35094
35095
35096
35103
35104
35105
35106
35107
35108
35109
35110
35111
35113
35114
35115
35116
35117
35118
35119
35120
35121
35132
35133
35134
35135
35136
35137
35138
35140
35141
35142
35143
35144
35145
35146
35147
35148
35149
35150
35151
35180
35181
35182
35183
35184
35185
35186
35187
35188
35189
35190
35191
35202
35203
35278
35279
35290
35291
35292
35293
35294
35295
35296
35297
35298
35299
35339
35340
35353
35354
35355
35358
35359
35504
35505
35506
35507
35508
35509
35510
35511
35512
35513
35514
35515
35516
35517
35518
35519
35520
35521
35522
35523
35526
35527
35528
35529
35540
35541
35542
35543
35544
35545
35546
35547
35548
35555
35557
35558
35559
35668
35669
35670
35671
35672
35673
35680
35681
35682
35683
35684
35685
35686
35687
35688
35689
35690
35691
35692
35693
35694
35695
35696
35697
35698
35699
35700
35701
35709
35710
35833
35834
35835
35836
35837
35838
35839
35840
35841
35842
35843
35844
35853
35854
35855
35856
35857
35858
35859
35860
35861
35862
35866
35867
35868
35872
35873
35874
35875
35876
35877
35878
35879
35880
35881
35882
35883
35884
35885
35886
35887
35888
35889
35893
35894
35895
35896
35897
35898
35899
35900
35901
35902
35903
35909
35910
35912
35913
35914
35915
35916
35917
35918
35919
35920
35921
35928
35929
35930
35933
35934
35935
35936
35937
35938
35939
35941
35942
35943
35944
35946
35951
35952
35953
35954
35955
35956
35957
35958
35959
35960
35961
35962
35981
35982
35992
35993
35994
35995
35996
36006
36007
36008
36018
36019
36020
36032
36174
36186
36197
36198
36199
36220
36221
36233
36234
36235
36236
36237
36238
36239
36240
36252
36253
36254
36255
36256
36257
36258
36259
36260
36261
36262
36263
36275
36276
36277
36278
36279
36280
36281
36282
36283
36284
36285
36286
36298
36299
36306
36307
36308
36309
36577
36597
36598
36599
36600
36623
36624
36625
36626
36627
36628
36629
36630
36631
36632
36633
36634
36635
36636
36637
36638
36639
36640
36641
36642
36643
36644
36645
36646
36647
36648
36649
36650
36651
36652
36667
36668
36669
36670
36671
36672
36673
36674
36688
36689
36695
36696
36697
36698
36699
36700
36701
36702
36703
36704
36705
36706
36707
36708
36709
36710
36711
36712
36713
36714
36731
36732
36733
36734
36735
36736
36737
36738
36747
36748
36749
36750
36751
36752
36753
36754
36760
36761
36762
36763
36764
36765
36766
36767
36768
36769
36770
36771
36772
36773
36774
36775
36776
36777
36778
36779
36796
36797
36798
36799
36800
36801
36802
36803
36812
36813
36814
36815
36816
36817
36818
36819
36825
36826
36827
36828
36829
36830
36831
36832
36833
36834
36835
36836
36837
36838
36839
36840
36841
36842
36843
36844
36861
36862
36863
36864
36865
36866
36867
36868
36877
36878
36879
36880
36881
36882
36883
36884
36890
36891
36892
36893
36894
36895
36896
36897
36898
36899
36900
36901
36902
36903
36904
36905
36906
36907
36908
36909
36926
36927
36928
36929
36930
36931
36932
36933
36942
36943
36944
36945
36946
36947
36948
36955
36956
36957
36958
36959
36960
36961
36962
36963
36964
36965
36966
36967
36968
36969
36970
36971
36973
36996
37020
37021
37022
37752
37754
37771
37773
37774
37775
37778
37790
37805
37808
37811
37812
37814
37815
37816
37817
37818
37819
37836
37837
37838
37839
37840
37841
37842
37843
37853
37854
37855
37856
37858
37866
37867
37868
37869
37870
37871
37872
37873
37874
37875
37876
37877
37878
37879
37880
37881
37896
37897
37898
37899
37900
37901
37902
37915
37916
37917
37918
37919
37920
37921
37926
37927
37928
37929
37930
37931
37932
37933
37934
37935
37936
37937
37955
37956
37957
37958
37966
37967
37968
37969
37970
37971
38335
38336
38337
38338
38339
38340
38341
38342
38343
38344
38345
38346
38347
38348
38349
38350
38351
38352
38353
38354
38355
38356
38357
38358
38359
38360
38361
38362
38363
38364
38372
38373
38374
38375
38376
38377
38378
38379
38380
38404
38405
38406
38407
38408
38409
38410
38411
38412
38413
38414
38415
38416
38417
38418
38421
38422
38423
38424
38505
38506
38507
38508
38509
38510
38511
38512
38513
38514
38515
38516
38517
38518
38519
38520
38521
38522
38523
38524
38525
38526
38527
38528
38529
38530
38531
38555
38556
38557
38565
38566
38711
38712
38713
38714
38715
38716
38717
38718
38719
38720
38721
38722
38723
38724
38725
38726
38727
38728
38729
38730
38731
38732
38733
38734
38735
38736
38737
38738
38739
38747
38748
38749
38750
38767
38768
38769
38770
38771
38772
38773
38774
38775
38776
38777
38778
38779
38780
38781
38782
38783
38784
38785
38786
38787
38788
38789
38790
38798
38799
38800
38801
38802
38803
38804
38811
38812
38833
38834
38835
38836
38837
38852
38853
38854
38855
38856
38861
38862
38863
38864
38865
38876
38877
38878
38879
38880
38885
38896
38897
38898
38905
39156
39176
39192
39193
39194
39195
39196
39197
39199
39202
39205
39206
39209
39210
39211
39212
39213
39214
39215
39216
39217
39220
39221
39222
39223
39224
39233
39234
39235
39236
39241
39242
39243
39244
39245
39246
39247
39248
39249
39250
39252
39255
39258
39259
39262
39263
39264
39265
39266
39267
39268
39269
39270
39273
39274
39275
39276
39277
39286
39287
39288
39289
39294
39295
39296
39297
39298
39299
39300
39301
39302
39303
39304
39305
39306
39307
39308
39309
39310
39311
39312
39338
39339
39340
39341
39342
39343
39344
39345
39346
39362
39369
39407
39408
39409
39448
39449
39450
39451
39452
39453
39454
39455
39464
39469
39498
39706
39707
39708
39709
39715
39721
39722
39724
39729
39730
39731
39732
39733
39734
39735
39736
39775
39776
39779
39780
39781
39782
39785
39786
39794
39795
39796
39797
39818
39945
39946
39947
39948
39949
39950
39951
40065
40066
40067
40068
40069
40075
40076
40077
40083
40084
40085
40086
40087
40088
40089
40090
40091
40092
40093
40094
40095
40096
40097
40098
40131
40132
40133
40134
40135
40136
40137
40138
40139
40140
40141
40142
40143
40144
40145
40146
40147
40148
40149
40150
40151
40152
40153
40154
40155
40156
40157
40158
40159
40160
40161
40162
40163
40164
40165
40166
40202
40203
40204
40205
40206
40207
40208
40209
40210
40211
40212
40213
40214
40215
40216
40217
40218
40219
40220
40221
40222
40223
40224
40225
40226
40227
40228
40229
40230
40231
40232
40233
40234
40235
40236
40237
40274
40275
40276
40277
40278
40279
40280
40281
40282
40283
40284
40285
40286
40287
40288
40289
40290
40291
40292
40293
40294
40295
40296
40297
40298
40299
40300
40301
40302
40303
40304
40305
40306
40307
40308
40309
40346
40347
40348
40349
40350
40351
40352
40353
40354
40355
40356
40357
40358
40359
40360
40361
40362
40363
40364
40365
40366
40367
40368
40369
40370
40371
40372
40373
40374
40375
40376
40377
40378
40379
40380
40381
40418
40419
40420
40421
40422
40423
40424
40425
40426
40427
40428
40429
40430
40431
40432
40433
40434
40435
40436
40437
40438
40439
40440
40441
40442
40443
40444
40445
40446
40447
40448
40449
40450
40451
40452
40453
40490
40491
40492
40502
40503
40504
41378
41379
41380
41381
41382
41383
41384
41385
41386
41387
41388
41389
41426
41427
41428
41435
41436
41437
41438
41439
41440
41441
41442
41443
41444
41445
41446
41447
41448
41449
41450
41451
41452
41453
41454
41455
41456
41457
41458
41459
41460
41461
41495
41496
41497
41498
41499
41500
41501
41502
41503
41504
41505
41506
41507
41508
41509
41510
41511
41512
41513
41514
41515
41516
41517
41518
41519
41520
41521
41522
41523
41524
41525
41526
41527
41528
41529
41530
41531
41532
41533
41534
41535
41536
41537
41538
41539
41540
41541
41542
41543
41544
41545
41546
41547
41548
41549
41550
41551
41552
41553
41554
41555
41556
41557
41558
41559
41560
41561
41562
41563
41564
41565
41566
41567
41568
41569
41570
41571
41572
41573
41574
41575
41576
41577
41578
41579
41580
41581
41582
41583
41584
41585
41586
41587
41588
41589
41590
41591
41592
41593
41594
41595
41596
41597
41598
41599
41600
41601
41602
41603
41604
41605
41606
41607
41608
41609
41610
41611
41612
41613
41614
41615
41616
41617
41618
41619
41620
41621
41622
41623
41624
41625
41626
41627
41628
41629
41630
41631
41632
41633
41634
41635
41636
41637
41638
41639
41640
41641
41642
41643
41644
41645
41646
41647
41648
41649
41650
41651
41652
41653
41654
41655
41656
41657
41658
41659
41660
41661
41662
41663
41664
41665
41666
41667
41668
41669
41670
41671
41672
41673
41674
41675
41676
41677
41678
41679
41680
41681
41682
41683
41684
41685
41686
41687
41688
41689
41690
41691
41692
41693
41694
41695
41696
41697
41698
41699
41700
41701
41702
41703
41704
41705
41706
41707
41708
41709
41710
41711
41712
41713
41714
41715
41716
41717
41718
41719
41720
41721
41722
41723
41724
41725
41726
41727
41728
41729
41730
41731
41732
41733
41734
41735
41736
41737
41738
41739
41740
41741
41742
41743
41744
41745
41746
41747
41748
41749
41750
41751
41752
41753
41754
41801
41802
41803
41804
41805
41806
41807
41808
41809
41810
41811
41812
41813
41814
41815
41816
41817
41818
41819
41820
41821
41822
41823
41824
41825
41826
41827
41828
41829
41830
41831
41832
41833
41834
41835
41836
41837
41838
41839
41840
41841
41842
41843
41844
41845
41846
41847
41848
41849
41850
41851
41852
41853
41854
41855
41856
41857
41858
41859
41860
41861
41862
41863
41864
41865
41866
41867
41868
41869
41870
41871
41872
41873
41874
41875
41876
41877
41878
41879
41880
41881
41882
41883
41884
41885
41886
41887
41888
41889
41890
42518
42519
42520
42521
42522
42523
42533
42534
42535
42536
42537
42538
42539
42540
42541
42542
42543
42544
42545
42546
42547
42548
42549
42550
42551
42552
42553
42554
42555
42556
42557
42558
42559
42560
42561
42562
42563
42564
42565
42566
42567
42568
42569
42570
42571
42572
42573
42574
42575
42576
42577
42578
42579
42580
42581
42582
42583
42584
42585
42586
42587
42588
42589
42590
42591
42592
42593
42594
42595
42596
42597
42598
42599
42600
42601
42602
42603
42604
42605
42606
42607
42608
42609
42610
42611
42612
42613
42614
42615
42616
42617
42618
42619
42620
42621
42622
42623
42624
42625
42626
42627
42628
42629
42630
42631
42632
42633
42634
42635
42636
42637
42638
42639
42640
42641
42642
42643
42644
42645
42646
42647
42648
42649
42650
42651
42652
42653
42654
42655
42656
42657
42658
42659
42660
42661
42662
42663
42664
42665
42666
42667
42668
42669
42670
42671
42672
42673
42674
42675
42676
42677
42678
42679
42680
42681
42682
42683
42684
42685
42686
42687
42688
42689
42690
42691
42692
42693
42694
42695
42696
42697
42698
42699
42700
42701
42702
42703
42704
42705
42706
42707
42708
42709
42710
42711
42712
42713
42714
42715
42716
42717
42718
42719
42720
42745
42746
42747
42748
42749
42750
42751
42752
42753
42754
42755
42756
42757
42758
42759
43218
43219
43220
43221
43222
43223
43224
43225
43226
43227
43228
43229
43230
43231
43232
43233
43234
43235
43236
43237
43238
43239
43240
43241
43242
43243
43244
43245
43246
43247
43248
43249
43250
43251
43252
43253
43254
43255
43256
43257
43258
43259
43260
43261
43262
43263
43264
43265
43266
43267
43268
43269
43270
43271
43272
43273
43274
43275
43276
43277
43278
43279
43280
43281
43282
43283
43284
43285
43286
43287
43288
43289
43290
43291
43292
43293
43294
43295
43296
43297
43298
43299
43300
43301
43302
43303
43304
43305
43306
43307
43308
43309
43310
43311
43312
43313
43314
43315
43316
43317
43318
43319
43320
43321
43322
43323
43324
43325
43326
43327
43328
43329
43330
43331
43332
43333
43334
43335
43336
43337
43338
43339
43340
43341
43342
43343
43344
43345
43346
43347
43348
43349
43350
43351
43352
43353
43354
43355
43356
43357
43358
43359
43360
43369
43370
43371
43372
43373
43374
43375
43376
43377
43396
43397
43398
43832
43833
43834
43835
43836
43837
43838
43839
43840
43841
43842
43843
43844
43845
43846
43847
43848
43849
43850
43851
43852
43853
43854
43855
43856
43857
43858
43859
43860
43861
43862
43863
43864
43865
43866
43867
43868
43869
43870
43871
43872
43873
43874
43875
43876
43877
43878
43879
43880
43881
43882
43883
43884
43885
43886
43887
43888
43889
43890
43891
43892
43893
43894
43895
43896
43897
43898
43899
43900
43901
43902
43903
43904
43905
43906
43907
43908
43909
43910
43911
43912
43913
43914
43915
43916
43917
43918
43919
43920
43921
43922
43923
43924
43925
43926
43927
43928
43929
43930
43931
43932
43933
43934
43935
43936
43937
43938
43939
43940
43941
43942
43943
43944
43945
43946
43947
43948
43949
43950
43951
43952
43953
43954
43955
43956
43957
43958
43959
43960
43961
43962
43963
43964
43965
43970
43971
43972
43973
43974
43975
43976
43977
43978
43979
43980
43981
43982
43983
43984
43985
43986
43987
43988
43989
43990
43991
43992
43993
43994
43995
43996
43997
43998
43999
44000
44001
44002
44003
44004
44005
44039
44040
44041
44042
44043
44044
44057
44058
44059
44060
44061
44062
44063
44064
44065
44066
44067
44068
44069
44070
44071
44072
44073
44074
44075
44076
44077
44078
44079
44080
44081
44082
44083
44104
44105
44106
44107
44108
44109
44541
44542
44543
44544
44545
44546
44547
44548
44549
44550
44551
44552
44553
44554
44555
44556
44557
44558
44559
44560
44561
44562
44563
44564
44565
44566
44567
44568
44569
44570
44571
44572
44573
44574
44575
44576
44577
44578
44579
44580
44581
44582
44583
44584
44585
44586
44587
44588
44589
44590
44591
44592
44593
44594
44595
44596
44597
44598
44599
44600
44601
44602
44603
44604
44605
44606
44607
44608
44609
44610
44611
44612
44613
44614
44615
44616
44617
44618
44619
44620
44621
44622
44623
44624
44625
44626
44627
44628
44629
44630
44631
44632
44633
44634
44635
44636
44637
44638
44639
44640
44641
44642
44643
44644
44645
44646
44647
44648
44649
44650
44651
44652
44653
44654
44655
44656
44657
44658
44659
44660
44661
44662
44663
44664
44665
44666
44667
44668
44669
44670
44671
44672
44673
44674
44675
44676
44677
44678
44679
44680
44681
44682
44683
44684
44685
44686
44687
44688
44689
44690
44691
44692
44693
44694
44695
44696
44697
44698
44699
44700
44701
44702
44703
44704
44705
44706
44707
44708
44731
44732
44733
44734
44735
44736
44737
44738
44739
44740
44741
44742
44743
44744
44745
44746
44747
44748
44749
44750
44751
44752
44753
44754
44755
44756
44757
44758
44759
44760
44761
44762
44763
44764
44765
44766
44767
44768
44769
44770
44771
44772
44783
44784
44785
44786
44787
44788
44789
44790
44791
44792
44793
44794
44795
44796
44797
44798
44799
44800
44801
44802
44803
44804
44805
44806
44807
44808
44809
44810
44811
44812
44813
44814
44815
44816
44817
44818
44819
44820
44821
44822
44823
44824
44825
44826
44827
44828
44829
44830
44831
44832
44833
44834
44835
44836
44837
44838
44839
44840
44841
44842
44843
44844
44845
44846
44847
44848
44849
44850
44851
44852
44853
44854
44855
44856
44857
44858
44859
44860
44861
44862
44863
44864
44865
44866
44867
44868
44869
44870
44871
44872
44873
44874
44875
44876
44877
44878
44879
44880
44881
44882
44883
44884
44947
44948
44949
44950
44951
44952
44953
44954
44955
44956
44957
44958
44959
44960
44961
44962
44963
44964
44965
44966
44967
44968
44969
44970
44971
44972
44973
44974
44975
44976
44977
44978
44979
44980
44981
44982
44983
44984
44985
44986
44987
44988
44989
44990
44991
44992
44993
44994
44995
44996
44997
44998
44999
45000
45001
45002
45003
45004
45005
45006
45007
45008
45009
45010
45011
45012
45013
45014
45015
45016
45017
45018
45019
45020
45021
45022
45023
45024
45025
45026
45027
45073
45074
45075
45076
45077
45078
45079
45080
45081
45082
45083
45084
45085
45086
45087
45088
45089
45090
45091
45092
45093
45094
45095
45096
45097
45098
45099
45100
45101
45102
45103
45104
45105
45106
45107
45108
45109
45110
45111
45112
45113
45114
45115
45116
45117
45118
45119
45120
45121
45122
45123
45124
45125
45126
45127
45128
45129
45130
45131
45132
45133
45134
45135
45136
45137
45138
45139
45140
45141
45142
45143
45144
45145
45146
45147
45148
45149
45150
45151
45152
45153
45154
45155
45156
45157
45158
45159
45160
45161
45162
45163
45164
45165
45211
45212
45213
45214
45215
45216
45217
45218
45219
45220
45221
45222
45223
45224
45225
45226
45227
45228
45229
45230
45231
45232
45233
45234
45235
45236
45237
45238
45239
45240
45241
45242
45243
45244
45245
45246
45247
45248
45249
45250
45251
45252
45253
45254
45255
45256
45257
45258
45259
45260
45261
45262
45263
45264
45265
45266
45267
45268
45269
45270
45271
45272
45273
45274
45275
45276
45277
45278
45279
45280
45281
45282
45283
45284
45285
45286
45287
45288
45289
45290
45291
45292
45293
45294
45295
45296
45297
45298
45299
45300
45301
45302
45303
45355
45356
45357
45358
45359
45360
45361
45362
45363
45364
45365
45366
45367
45368
45369
45370
45371
45372
45373
45374
45375
45376
45377
45378
45379
45380
45381
45382
45383
45384
45385
45386
45387
45388
45389
45390
45391
45392
45393
45394
45395
45396
45397
45398
45399
45400
45401
45402
45403
45404
45405
45406
45407
45408
45409
45410
45411
45412
45413
45414
45415
45416
45417
45418
45419
45420
45421
45422
45423
45424
45425
45426
45427
45428
45429
45430
45431
45432
45433
45434
45435
45436
45437
45438
45439
45440
45441
45442
45443
45444
45445
45446
45447
45448
45449
45450
45451
45452
45453
45454
45455
45456
45457
45458
45459
45460
45461
45462
45463
45464
45465
45466
45467
45468
45469
45470
45471
45526
45527
45528
45529
45530
45531
45532
45533
45534
45535
45536
45537
45538
45539
45540
45541
45542
45543
45544
45545
45546
45547
45548
45549
45550
45551
45552
45553
45554
45555
45556
45557
45558
45559
45560
45561
45562
45563
45564
45565
45566
45567
45568
45569
45570
45571
45572
45573
45574
45575
45576
45577
45578
45579
45580
45581
45582
45583
45584
45585
45586
45587
45588
45589
45590
45591
45592
45593
45594
45595
45596
45597
45598
45599
45600
45601
45602
45603
45604
45605
45606
45607
45608
45609
45610
45611
45612
45613
45614
45615
45616
45617
45618
45619
45620
45621
45622
45623
45624
45625
45626
45627
45628
45629
45630
45706
45707
45708
45709
45710
45711
45712
45713
45714
45715
45716
45717
45742
45743
45744
45745
45746
45747
45748
45749
45750
47704
47705
47706
47707
47708
47709
47710
47711
47712
47713
47714
47715
47761
47762
47763
47764
47765
47766
47767
47768
47769
47770
47771
47772
47839
47840
47841
47842
47843
47844
47845
47846
47847
47848
47849
47850
47851
47852
47853
47854
47855
47856
47857
47858
47859
47860
47861
47862
47914
47915
47916
47917
47918
47919
47920
47921
47922
47923
47924
47925
47926
47927
47928
47929
47930
47931
47932
47933
47934
47935
47936
47937
47938
47984
47985
47986
47987
47988
47989
47990
47991
47992
47993
47994
47995
47996
47997
47998
47999
48000
48001
48002
48003
48004
48005
48016
48017
48018
48019
48020
48021
48022
48023
48024
48025
48026
48027
48028
48029
48030
48031
48032
48033
48034
48035
48036
48037
48038
48039
48040
48041
48042
48043
48044
48045
48046
48047
48048
48049
48050
48051
48052
48053
48054
48055
48056
48057
48058
48059
48060
48061
48062
48063
48064
48065
48066
48076
48077
48078
48079
48080
48081
48082
48083
48084
48085
48086
48087
48088
48089
48090
48091
48092
48093
48210
48211
48212
48213
48214
48215
48216
48217
48218
48219
48220
48221
48222
48223
48224
48225
48226
48227
48228
48229
48230
48231
48232
48233
48234
48235
48236
48237
48238
48242
48243
48244
48245
48246
48247
48248
48249
48250
48251
48252
48253
48254
48255
48256
48257
48258
48259
48260
48261
48262
48263
48264
48265
48266
48267
48268
48269
48270
48271
48540
48541
48542
48543
48544
48545
48570
48571
48572
48573
48574
48575
48576
48577
48578
48579
48580
48581
48582
48583
48584
48585
48586
48587
48588
48589
48590
48591
48592
48593
48594
48595
48596
48639
48640
48641
48642
48643
48644
48645
48646
48647
48648
48649
48650
48651
48652
48653
48654
48655
48656
48657
48658
48659
48660
48661
48662
48663
48664
48665
48666
48667
48668
48669
48670
48671
48672
48673
48674
48675
48676
48677
48690
48691
48692
48693
48694
48695
48696
48697
48698
48699
48700
48701
48702
48703
48704
48741
48742
48743
48744
48745
48746
48747
48748
48749
48750
48751
48752
48753
48754
48755
48768
48769
48770
48771
48772
48773
48774
48775
48776
48777
48778
48779
48780
48781
48782
48783
48784
48785
48786
48787
48788
48789
48790
48791
48792
48793
48794
48795
48796
48797
48798
48799
48800
48801
48802
48803
48804
48805
48806
48807
48808
48809
48822
48823
48824
48825
48826
48827
48828
48829
48830
48831
48832
48833
48834
48835
48836
48837
48838
48839
48840
48841
48842
48873
48874
48875
48876
48877
48878
48879
48880
48881
48882
48883
48884
48885
48886
48887
48888
48889
48890
48891
48892
48893
48894
48895
48896
48909
48910
48911
48912
48913
48914
48915
48916
48917
48918
48919
48920
48921
48922
48923
48924
48925
48926
48927
48928
48929
48930
48931
48932
48933
48934
48935
48936
48937
48938
48939
48940
48941
48942
48943
48944
48945
48946
48947
48948
48949
48950
48963
48964
48965
48966
48967
48968
48969
48970
48971
48972
48973
48974
48975
48976
48977
48978
48979
48980
48981
48982
48983
49020
49021
49022
49023
49024
49025
49026
49027
49028
49029
49030
49031
49032
49033
49034
49047
49048
49049
49050
49051
49052
49053
49054
49055
49056
49057
49058
49059
49060
49061
49062
49063
49064
49065
49066
49067
49068
49069
49070
49071
49072
49073
49074
49075
49076
49077
49078
49079
49080
49081
49082
49083
49084
49085
49086
49087
49088
49101
49102
49103
49104
49105
49106
49107
49108
49109
49110
49111
49112
49113
49114
49115
49116
49117
49118
49119
49120
49121
49152
49153
49154
49155
49156
49157
49158
49159
49160
49161
49162
49163
49164
49165
49166
49167
49168
49169
49170
49171
49172
49173
49174
49175
49176
49177
49178
49191
49192
49193
49194
49195
49196
49197
49198
49199
49200
49201
49202
49203
49204
49205
49206
49207
49208
49209
49210
49211
49212
49213
49214
49215
49216
49217
49218
49219
49220
49221
49222
49223
49224
49225
49226
49227
49228
49229
49230
49231
49232
49245
49246
49247
49248
49249
49250
49251
49252
49253
49254
49255
49256
49257
49258
49259
49260
49261
49262
49263
49264
49265
50970
50971
50972
50973
50974
50975
50976
50977
50978
50979
50980
50981
50982
50983
50984
50985
50986
50987
50988
50989
50990
50991
50992
50993
50994
50995
50996
50997
50998
50999
51000
51001
51002
51003
51004
51005
51006
51007
51008
51009
51010
51011
51024
51025
51026
51027
51028
51029
51030
51031
51032
51033
51034
51035
51036
51037
51038
51039
51040
51041
51042
51043
51044
51075
51076
51077
51078
51079
51080
51081
51082
51083
51090
51091
51092
51243
51244
51245
51246
51247
51248
51249
51250
51251
51252
51253
51254
51255
51256
51257
51258
51259
51260
51261
51262
51263
51264
51265
51266
51267
51268
51269
51270
51271
51272
51273
51274
51275
51276
51277
51278
51279
51280
51281
51282
51283
51284
51285
51286
51287
51288
51289
51290
51291
51292
51293
51294
51295
51296
51297
51298
51299
51300
51301
51302
51303
51304
51305
51306
51307
51308
51309
51310
51311
51312
51313
51314
51390
51391
51392
51393
51394
51395
51396
51397
51398
51399
51400
51401
51420
51421
51422
51423
51424
51425
51426
51427
51428
51429
51430
51431
51432
51433
51434
51435
51436
51437
51438
51439
51440
51441
51442
51443
51444
51445
51446
51447
51448
51449
51465
51466
51467
51468
51469
51470
51471
51472
51473
51474
51475
51476
51477
51478
51479
51480
51481
51482
51483
51484
51485
51486
51487
51488
51489
51490
51491
51492
51493
51494
51495
51496
51497
51498
51499
51500
51501
51502
51503
51504
51505
51506
51507
51508
51509
51510
51511
51512
51513
51514
51515
51516
51517
51518
51519
51520
51521
51522
51523
51524
51525
51526
51527
51528
51529
51530
51531
51532
51533
51534
51535
51536
51537
51538
51539
51540
51541
51542
51543
51544
51545
51633
51634
51635
51636
51637
51638
51639
51640
51641
51642
51643
51644
51645
51646
51647
51648
51649
51650
51651
51652
51653
51654
51655
51656
51657
51658
51659
51660
51661
51662
51663
51664
51665
51666
51667
51668
51669
51670
51671
51672
51673
51674
51690
51691
51692
51693
51694
51695
51696
51697
51698
51699
51700
51701
51702
51703
51704
51705
51706
51707
51708
51709
51710
51711
51712
51713
51714
51715
51716
51717
51718
51719
51720
51721
51722
51723
51724
51725
51726
51727
51728
51729
51730
51731
51732
51733
51734
51735
51736
51737
51738
51739
51740
51741
51742
51743
51744
51745
51746
51747
51748
51749
51750
51751
51752
51753
51754
51755
51756
51757
51758
51759
51760
51761
51849
51850
51851
51852
51853
51854
51855
51856
51857
51858
51859
51860
51882
51883
51884
51885
51886
51887
51888
51889
51890
51891
51892
51893
51894
51895
51896
51897
51898
51899
51900
51901
51902
51903
51904
51905
51921
51922
51923
51924
51925
51926
51927
51928
51929
51930
51931
51932
51933
51934
51935
51936
51937
51938
51939
51940
51941
51942
51943
51944
51945
51946
51947
51948
51949
51950
51951
51952
51953
51954
51955
51956
51957
51958
51959
51960
51961
51962
51963
51964
51965
51966
51967
51968
51969
51970
51971
51972
51973
51974
51975
51976
51977
51978
51979
51980
51981
51982
51983
51984
51985
51986
51987
51988
51989
51990
51991
51992
51993
51994
51995
51996
51997
51998
51999
52000
52001
52002
52003
52004
52005
52006
52007
52008
52009
52010
52011
52012
52013
52014
52015
52016
52017
52018
52019
52020
52021
52022
52023
52024
52025
52101
52102
52103
52104
52105
52106
52107
52108
52109
52110
52111
52112
52113
52114
52115
52116
52117
52118
52119
52120
52121
52122
52123
52124
52125
52126
52127
52128
52129
52130
52131
52132
52133
52134
52135
52136
52137
52138
52139
52140
52141
52142
52158
52159
52160
52161
52162
52163
52164
52165
52166
52167
52168
52169
52170
52171
52172
52173
52174
52175
52176
52177
52178
52179
52180
52181
52182
52183
52184
52185
52186
52187
52188
52189
52190
52191
52192
52193
52194
52195
52196
52197
52198
52199
52200
52201
52202
52203
52204
52205
52206
52207
52208
52209
52210
52211
52212
52213
52214
52215
52216
52217
52218
52219
52220
52221
52222
52223
52224
52225
52226
52227
52228
52229
52230
52231
52232
52233
52234
52235
52242
52243
52244
52245
52246
52247
52248
52249
52250
52260
52261
52262
52392
52393
52394
52431
52432
52433
52434
52435
52436
52437
52438
52439
52440
52441
52442
52443
52444
52445
52452
52453
52454
52455
52456
52457
52458
52459
52460
52461
52462
52463
55347
55348
55349
55350
55351
55352
55353
55354
55355
55431
55432
55433
55434
55435
55436
55440
55441
55442
55473
55474
55475
55476
55477
55478
55479
55480
55481
55482
55483
55484
55485
55486
55487
55569
55570
55571
55572
55573
55574
55575
55576
55577
55578
55579
55580
55581
55582
55583
55584
55585
55586
55668
55669
55670
55671
55672
55673
55674
55675
55676
55677
55678
55679
55680
55681
55682
55695
55696
55697
55698
55699
55700
55701
55702
55703
55704
55705
55706
55707
55708
55709
55710
55711
55712
55713
55714
55715
55812
55813
55814
55815
55816
55817
55818
55819
55820
55821
55822
55823
55824
55825
55826
55827
55828
55829
55830
55831
55832
55833
55834
55835
55836
55837
55838
55839
55840
55841
55842
55843
55844
55845
55846
55847
55848
55849
55850
55851
55852
55853
55854
55855
55856
55857
55858
55859
55860
55861
55862
55863
55864
55865
55866
55867
55868
55869
55870
55871
55872
55873
55887
55888
55889
55890
55891
55892
55893
55894
55895
55896
55897
55898
55899
55900
55901
55902
55903
55904
55905
55906
55907
55908
55909
55910
55911
55912
55913
55914
55915
55916
55917
55918
55919
55920
55921
55922
55923
55924
55925
55926
55927
55928
55929
55930
55931
55932
55933
55934
55935
55936
55937
55938
55939
55940
55941
55942
55943
55944
55945
55958
55959
55960
55961
55962
55963
55964
55965
55966
56163
56164
56165
56166
56167
56168
56169
56170
56171
56172
56173
56174
56175
56176
56177
56178
56179
56180
56181
56182
56192
56193
56194
56195
56196
56197
56198
56199
56200
56201
56202
56203
56204
56205
56206
56220
56221
56222
56223
56224
56225
56226
56227
56228
56232
56233
56234
56235
56236
56237
56250
56251
56252
56253
56254
56255
56256
56257
56258
56259
56260
56261
56262
56263
56264
56265
56266
56267
56268
56269
56270
56274
56275
56276
56277
56278
56279
56286
56287
56288
56289
56290
56291
56292
56293
56294
56295
56296
56297
56298
56299
56300
56304
56305
56306
56307
56308
56309
56316
56317
56318
56319
56320
56321
56322
56323
56324
56328
56329
56330
56757
56758
56759
56760
56761
56762
56763
56764
56765
56784
56785
56786
56787
56788
56789
56790
56791
56792
56796
56797
56798
56799
56800
56801
56808
56809
56810
56811
56812
56813
56814
56815
56816
56817
56818
56819
56820
56821
56822
56823
56824
56825
56826
56827
56828
56829
56830
56831
56832
56833
56834
56835
56836
56837
56838
56839
56840
56841
56842
56843
56852
56853
56854
56855
56856
56857
56858
56859
56860
56861
56862
56863
56864
56865
56866
56867
56868
56869
56870
56871
56872
56873
56874
56875
56876
56879
56880
56881
57103
57104
57105
57106
57107
57108
57109
57110
57111
57112
57113
57114
57115
57116
57117
57118
57119
57120
57121
57122
57123
57124
57125
57126
57127
57128
57129
57130
57131
57132
57133
57134
57153
57154
57155
57156
57157
57158
57159
57160
57161
57162
57163
57164
57165
57166
57167
57168
57169
57170
57171
57172
57173
57174
57175
57176
57177
57178
57179
57180
57181
57182
57183
57184
57185
57186
57187
57188
57189
57190
57191
57192
57193
57194
57195
57196
57197
57198
57199
57200
57201
57202
57203
57204
57205
57206
57207
57214
57215
57216
57217
57218
57219
57220
57221
57222
57223
57224
57225
57226
57227
57228
57229
57230
57231
57232
57238
57239
57240
57241
57242
57243
57318
57319
57320
57321
57322
57323
57324
57325
57326
57327
57328
57329
57330
57331
57332
57333
57334
57335
57336
57337
57338
57339
57340
57341
57342
57343
57344
57345
57346
57347
57348
57349
57350
57351
57352
57353
57354
57355
57356
57357
57358
57359
57360
57361
57362
57363
57364
57365
57366
57367
57368
57369
57370
57371
57372
57373
57374
57375
57376
57377
57378
57379
57380
57381
57382
57383
57384
57385
57386
57387
57388
57389
57390
57391
57392
57393
57394
57395
57396
57397
57398
57399
57400
57401
57402
57403
57404
57405
57406
57407
57408
57409
57410
57411
57412
57413
57414
57415
57416
57417
57418
57419
57420
57421
57422
57423
57424
57425
57426
57427
57428
57429
57430
57431
57432
57433
57434
57435
57436
57437
57438
57439
57440
57441
57442
57443
57444
57445
57446
57447
57448
57449
57450
57451
57452
57453
57454
57455
57456
57457
57458
57459
57460
57461
57462
57463
57464
57465
57466
57467
57468
57469
57470
57471
57472
57473
57474
57475
57476
57477
57478
57479
57480
57481
57482
57962
57963
57964
57965
57966
57967
57968
57969
57970
57971
57972
57973
57974
57975
57976
57977
57978
57979
57980
57981
57982
57983
57984
57985
57986
58019
58020
58021
58025
58026
58027
58037
58038
58039
58040
58041
58042
58043
58044
58045
58046
58047
58048
58049
58050
58051
58052
58053
58054
58055
58056
58057
58058
58059
58060
58061
58062
58063
58064
58065
58066
58067
58068
58069
58070
58071
58072
58073
58074
58075
58114
58115
58116
58117
58118
58119
58156
58157
58158
58159
58160
58161
58162
58163
58164
58165
58166
58167
58168
58169
58170
58171
58172
58173
58174
58175
58176
58177
58178
58179
58180
58181
58182
58183
58184
58185
58186
58187
58188
58189
58190
58191
58219
58220
58221
58222
58223
58224
58225
58226
58227
58246
58247
58248
58249
58250
58251
58252
58253
58254
58255
58256
58257
58258
58259
58260
58261
58262
58263
58264
58265
58266
58267
58268
58269
58279
58280
58281
58282
58283
58284
58285
58286
58287
58288
58289
58290
58291
58292
58293
58294
58295
58296
58297
58298
58299
58300
58301
58302
58303
58304
58305
58306
58307
58308
58333
58334
58335
58336
58337
58338
58339
58340
58341
58369
58370
58371
58372
58373
58374
58375
58376
58377
58378
58379
58380
58381
58382
58383
58384
58385
58386
58387
58388
58389
58390
58391
58392
58402
58403
58404
58405
58406
58407
58408
58409
58410
58411
58412
58413
58414
58415
58416
58417
58418
58419
58420
58421
58422
58423
58424
58425
58426
58427
58428
58429
58430
58431
58432
58433
58434
58456
58457
58458
58459
58460
58461
58462
58463
58464
58465
58466
58467
58468
58469
58470
58480
58481
58482
58483
58484
58485
58486
58487
58488
58489
58490
58491
58492
58493
58494
58495
58496
58497
58498
58499
58500
58501
58502
58503
58504
58505
58506
58507
58508
58509
58519
58520
58521
58522
58523
58524
58525
58526
58527
58528
58529
58530
58531
58532
58533
58534
58535
58536
58537
58538
58539
58540
58541
58542
58543
58544
58545
58546
58547
58548
58549
58550
58551
58573
58574
58575
58576
58577
58578
58579
58580
58581
58582
58583
58584
58585
58586
58587
58606
58607
58608
58609
58610
58611
58612
58613
58614
58618
58619
58620
58639
58640
58641
58642
58643
58644
58645
58646
58647
58660
58661
58662
58690
58691
58692
58693
58694
58695
59950
59951
59952
59965
59966
59967
59968
59969
59970
59971
59972
59973
60007
60008
60009
60061
60062
60063
60064
60065
60066
60067
60068
60069
60070
60071
60072
60073
60074
60075
60076
60077
60078
60079
60080
60081
60109
60110
60111
60112
60113
60114
60115
60116
60117
60136
60137
60138
60139
60140
60141
60157
60158
60159
60190
60191
60192
60196
60197
60198
60304
60305
60306
60361
60362
60363
60364
60365
60366
60394
60395
60396
60397
60398
60399
60400
60401
60402
60403
60404
60405
60406
60407
60408
60409
60410
60411
60442
60443
60444
60445
60446
60447
60451
60452
60453
60454
60455
60456
60457
60458
60459
60484
60485
60486
60487
60488
60489
60490
60491
60492
60496
60497
60498
60499
60500
60501
60541
60542
60543
60547
60548
60549
60550
60551
60552
61162
61163
61164
61165
61166
61167
61207
61208
61209
61210
61211
61212
61306
61307
61308
61309
61310
61311
61312
61313
61314
61315
61316
61317
61318
61319
61320
61321
61322
61323
61324
61325
61326
61384
61385
61386
61387
61388
61389
61390
61391
61392
61393
61394
61395
61396
61397
61398
61399
61400
61401
61402
61403
61404
61405
61406
61407
61408
61409
61410
61411
61412
61413
61414
61415
61416
61417
61418
61419
61468
61469
61470
61480
61481
61482
61483
61484
61485
61486
61487
61488
61489
61490
61491
61492
61493
61494
61495
61496
61497
61498
61499
61500
61501
61502
61503
61504
61505
61506
61507
61508
61509
61510
61511
61512
61513
61514
61515
61516
61517
61518
61570
61571
61572
61573
61574
61575
61576
61577
61578
61579
61580
61581
61582
61583
61584
61585
61586
61587
61588
61589
61590
61591
61592
61593
61594
61595
61596
61597
61598
61599
61600
61601
61602
61603
61604
61605
61654
61655
61656
61666
61667
61668
61669
61670
61671
61672
61673
61674
61675
61676
61677
61678
61679
61680
61681
61682
61683
61684
61685
61686
61687
61688
61689
61690
61691
61692
61693
61694
61695
61786
61787
61788
61789
61790
61791
62863
62864
62865
62866
62867
62868
62950
62951
62952
62953
62954
62955
62956
62957
62958
62959
62960
62961
63010
63011
63012
63016
63017
63018
63019
63020
63021
63022
63023
63024
63094
63095
63096
63097
63098
63099
63100
63101
63102
)


// ************************************************************************* //
