/*--------------------------------*- C++ -*----------------------------------*\
  =========                 |
  \\      /  F ield         | OpenFOAM: The Open Source CFD Toolbox
   \\    /   O peration     | Website:  https://openfoam.org
    \\  /    A nd           | Version:  10
     \\/     M anipulation  |
\*---------------------------------------------------------------------------*/
FoamFile
{
    format      ascii;
    class       faceSet;
    location    "constant/polyMesh/sets";
    object      layerFaces;
}
// * * * * * * * * * * * * * * * * * * * * * * * * * * * * * * * * * * * * * //


2872
(
24576 
20480 
24578 
24581 
16389 
24582 
24583 
20487 
24586 
16394 
20491 
24591 
24594 
20498 
16403 
24599 
20503 
16407 
24601 
24604 
24606 
16414 
20512 
24609 
16417 
24611 
20515 
24614 
16422 
24616 
20520 
16425 
24619 
24621 
20525 
16430 
24624 
16434 
24627 
20534 
24632 
16441 
24634 
20538 
24637 
16445 
24639 
20545 
24642 
16452 
24645 
20550 
16455 
24650 
24652 
16460 
24655 
20559 
16464 
24658 
20563 
24663 
16471 
24666 
20570 
16475 
24671 
20575 
24672 
24673 
16482 
24675 
16485 
24678 
20584 
24681 
16490 
20588 
24686 
16494 
24688 
24691 
20595 
24693 
20597 
16501 
24696 
20600 
16505 
24699 
20605 
24704 
16512 
24706 
16515 
24709 
20614 
24712 
16520 
20619 
24717 
16525 
24720 
20628 
24725 
24726 
16534 
24727 
20631 
24728 
24729 
24730 
24731 
16539 
20636 
24733 
24736 
20640 
24739 
16548 
20647 
24744 
16552 
24745 
24746 
24747 
20651 
24748 
24751 
16559 
20658 
16562 
24756 
24757 
24758 
20662 
16567 
24760 
16570 
24763 
24765 
20669 
16575 
24768 
20672 
24770 
16580 
24773 
20677 
24775 
20680 
24778 
24780 
20685 
16589 
24783 
24785 
16593 
20690 
24788 
24789 
24790 
24792 
16600 
24795 
20699 
16604 
24797 
20702 
24800 
24802 
20707 
16611 
24805 
20710 
16614 
24807 
24810 
20715 
16619 
24812 
24815 
16623 
20720 
24818 
16630 
24823 
24825 
20729 
16634 
24828 
20732 
24830 
24833 
20737 
16641 
24836 
16644 
20741 
24841 
16649 
24843 
20748 
24846 
16654 
20751 
24849 
20756 
24854 
20758 
16663 
24857 
20761 
16668 
20765 
24862 
24863 
24864 
24866 
20772 
24869 
16677 
20774 
24871 
20777 
16681 
24874 
24876 
20782 
24879 
16688 
24881 
16691 
24884 
24887 
20791 
16696 
20793 
16699 
24892 
20796 
24894 
20799 
16704 
24897 
24900 
20804 
16708 
20807 
24905 
24906 
24907 
16715 
24908 
20812 
24909 
24910 
20814 
24911 
16719 
24912 
24913 
20817 
24915 
24918 
20822 
16726 
24920 
16729 
24923 
24924 
24925 
16734 
20831 
24929 
20834 
16738 
20839 
24936 
24937 
16745 
24938 
20842 
24940 
16749 
24943 
20847 
20849 
24946 
20852 
16756 
24951 
16759 
20856 
24953 
24956 
16764 
24957 
24958 
20863 
24960 
16769 
20866 
24963 
24965 
20871 
24968 
24969 
24970 
20874 
16778 
24972 
24975 
20879 
16783 
24978 
20884 
24983 
16792 
24985 
24988 
16796 
20893 
24991 
20896 
16803 
24996 
20901 
24998 
16806 
20904 
25001 
25002 
25003 
16811 
25005 
20909 
16814 
25008 
20912 
25010 
16819 
25013 
20917 
25015 
20920 
16824 
25018 
25020 
20925 
25023 
20929 
16833 
25026 
16837 
25031 
20936 
25033 
25036 
20940 
16844 
16846 
25039 
16849 
20947 
16851 
25044 
25045 
20949 
25046 
16854 
25048 
20952 
20954 
16858 
25051 
25053 
20957 
25056 
20961 
16865 
25058 
25061 
16869 
25062 
25063 
20968 
25065 
20971 
25068 
16876 
25071 
16879 
20976 
25076 
20980 
16884 
25079 
16889 
20987 
25084 
25085 
20989 
25086 
20992 
25090 
16898 
20997 
16903 
25097 
25098 
25099 
25102 
21006 
16912 
21009 
25107 
25108 
16916 
25109 
21014 
25112 
21017 
16923 
25117 
21022 
16926 
25119 
21024 
25122 
25123 
21027 
16931 
25124 
25126 
16934 
21032 
25129 
25131 
16939 
25134 
25135 
16943 
25136 
21041 
25138 
21044 
25141 
16950 
25144 
21049 
16953 
21052 
25149 
16958 
25151 
21057 
16961 
25154 
25156 
21060 
16966 
25159 
21065 
25162 
16971 
21070 
25167 
25169 
25172 
16980 
25175 
21079 
16985 
21082 
25180 
25183 
21087 
21090 
16994 
25188 
25189 
25190 
16998 
21095 
25192 
25195 
21099 
25197 
17005 
25200 
17008 
25201 
25202 
21106 
25203 
25204 
21109 
17013 
25206 
17016 
25209 
21114 
25211 
21117 
17021 
25214 
25215 
25216 
21122 
17026 
25219 
21126 
25224 
25226 
17035 
25229 
21133 
25231 
17040 
21137 
25234 
25236 
25239 
21144 
25241 
17049 
21147 
25244 
17053 
25246 
21152 
25249 
21154 
25251 
17060 
21157 
25254 
25255 
21159 
17063 
25256 
25258 
21162 
17068 
25261 
25262 
21166 
25263 
17071 
25265 
25268 
17076 
21173 
25270 
21176 
25273 
17081 
25274 
25275 
25276 
25277 
21181 
25279 
21184 
25282 
17090 
25284 
21189 
25287 
17095 
25289 
21194 
25292 
25293 
25294 
25295 
25296 
17104 
25299 
21203 
17108 
21206 
25304 
25305 
25306 
21211 
17115 
25309 
21214 
17118 
25314 
21219 
17123 
25316 
21221 
17126 
25319 
25320 
21224 
25321 
17131 
25324 
21229 
17136 
25329 
25332 
21238 
21240 
25337 
17145 
25339 
21243 
25342 
21246 
17150 
25344 
25347 
21251 
25349 
21254 
17159 
25352 
25354 
21259 
17163 
25357 
25358 
25359 
21264 
25361 
17170 
25364 
25365 
17173 
25366 
25367 
25368 
21273 
25370 
17178 
21276 
25373 
17181 
25376 
21281 
17186 
25381 
21285 
17190 
25383 
25386 
25387 
25388 
21292 
17197 
25390 
21295 
25393 
17201 
25394 
25395 
25396 
21300 
25397 
21303 
25400 
17208 
17211 
21308 
25405 
25406 
25407 
21311 
17216 
25410 
17219 
21316 
25415 
21319 
25416 
17224 
25417 
25419 
21324 
17228 
25422 
21328 
25425 
17235 
25430 
17238 
21335 
25433 
21338 
17243 
17244 
17245 
25438 
21343 
17247 
25440 
21345 
17250 
25443 
21348 
25445 
17254 
25448 
21352 
25450 
25453 
17261 
25455 
21359 
17265 
25458 
21362 
25459 
25460 
25461 
25462 
25463 
21367 
25464 
17272 
25465 
25466 
21370 
17275 
25469 
21375 
17280 
21377 
25474 
25475 
17283 
25476 
21380 
25478 
21384 
17288 
25481 
25483 
17292 
25486 
21391 
25488 
21393 
25491 
17299 
21396 
25494 
17303 
21401 
25499 
25501 
17310 
25504 
25506 
21410 
17314 
21412 
25509 
25511 
21415 
17321 
25514 
21418 
25515 
17324 
21423 
17329 
21426 
17331 
17334 
21431 
17338 
21436 
17345 
17348 
21445 
21448 
17353 
17356 
21453 
21456 
17361 
17363 
21461 
17366 
21466 
17370 
17377 
21475 
17380 
21478 
17385 
21483 
17388 
21486 
17393 
21491 
17396 
21494 
17401 
21499 
17404 
21503 
17409 
17411 
21510 
17414 
21512 
17418 
21515 
21520 
17425 
17427 
17430 
21529 
17434 
21531 
21534 
21537 
17441 
17444 
21542 
21545 
17449 
17452 
21550 
17457 
21554 
17460 
21561 
17465 
21563 
17468 
21566 
21568 
17473 
21571 
17475 
17478 
21575 
17482 
21582 
21585 
17489 
17493 
21590 
21593 
17500 
21598 
17504 
21603 
17511 
17515 
21612 
21615 
17522 
21620 
17525 
21623 
17530 
21628 
17534 
21631 
21636 
17541 
21639 
17544 
21644 
17549 
21647 
17552 
21652 
17557 
17559 
21656 
17562 
17566 
21663 
21667 
17573 
17577 
21674 
21676 
21679 
17584 
21681 
17587 
21684 
21687 
17592 
17593 
17594 
21692 
17596 
21694 
17599 
21697 
17602 
21699 
21702 
17607 
21707 
17611 
17618 
21716 
17621 
21719 
17626 
21724 
17630 
21727 
21732 
17637 
21735 
17642 
21740 
21745 
17651 
17655 
21754 
21757 
17662 
21762 
17666 
21766 
17673 
17676 
21773 
21776 
17681 
17684 
21781 
21784 
17689 
17692 
21789 
17697 
21794 
17699 
17702 
17706 
21803 
21807 
17713 
17715 
21814 
17718 
21816 
17722 
21819 
21822 
17729 
21827 
17732 
21829 
21832 
17737 
21835 
17740 
21840 
17745 
21843 
17748 
21848 
17753 
21851 
17756 
21856 
17761 
17763 
21861 
17766 
17770 
21870 
21873 
17777 
17779 
21878 
17782 
21882 
17786 
21889 
17793 
21892 
17796 
21897 
17801 
21900 
17804 
21905 
17809 
21908 
17812 
21913 
17817 
17820 
21917 
17825 
17827 
21924 
17830 
21928 
17834 
21935 
21937 
17841 
17843 
21940 
17846 
21943 
17850 
21948 
21952 
17857 
17860 
21959 
17865 
21962 
17868 
21967 
17873 
21970 
17876 
21975 
17881 
21979 
17884 
17889 
21986 
17891 
21989 
17894 
21994 
17898 
21997 
17905 
22002 
22005 
17909 
22010 
17916 
22014 
17920 
22021 
17927 
22024 
17930 
22029 
17935 
22032 
17939 
22037 
22040 
17946 
22045 
17949 
22048 
17954 
22053 
17957 
22057 
17962 
17964 
17967 
22064 
17971 
22068 
17978 
22075 
22077 
17982 
22080 
22083 
17989 
22088 
17992 
22091 
17997 
22096 
18002 
22099 
22104 
18011 
22108 
18015 
22115 
18022 
22119 
18025 
22126 
18030 
22128 
22131 
18035 
22134 
22139 
18044 
22142 
18048 
22147 
22150 
18055 
22155 
18059 
22158 
18066 
22163 
18069 
22167 
18074 
18077 
22174 
22176 
18082 
22179 
18084 
22182 
18087 
22187 
18091 
22190 
18098 
22195 
18100 
22199 
18103 
18107 
22206 
22207 
22208 
18114 
22211 
18117 
22216 
18122 
22219 
18125 
22224 
18130 
22227 
18133 
22232 
18138 
22236 
18141 
18146 
22243 
18148 
22245 
18151 
22248 
22251 
18155 
22256 
18162 
22259 
18164 
18167 
22264 
22267 
18171 
22272 
18178 
22275 
18181 
22280 
18186 
22284 
18189 
18194 
22291 
18197 
22294 
18202 
22299 
18205 
22302 
18210 
22307 
18212 
22311 
18215 
18219 
22318 
22321 
18226 
18228 
22326 
18231 
22329 
18235 
22334 
22337 
18242 
18245 
22342 
22346 
18250 
18253 
22353 
18258 
22356 
18261 
22361 
18266 
22364 
18269 
22369 
18274 
22372 
18276 
18279 
22377 
18283 
22381 
18290 
22388 
22391 
18295 
22396 
22399 
18304 
22404 
18308 
22408 
18315 
22415 
18319 
22418 
18326 
22423 
22426 
18330 
22431 
18337 
22434 
18340 
22439 
18345 
22443 
18347 
18350 
18353 
22450 
22452 
18358 
22455 
22458 
18362 
22463 
18369 
22466 
18373 
22471 
22475 
18380 
18383 
22482 
18388 
22485 
18393 
22490 
22493 
22498 
18402 
22502 
18406 
22509 
18413 
22512 
18416 
22517 
18421 
22520 
14328 
18426 
22525 
14333 
22527 
22530 
18435 
22534 
14342 
18439 
14347 
22541 
18446 
22544 
18450 
14356 
22549 
22551 
18457 
14361 
22554 
18461 
22558 
14370 
18468 
22565 
18471 
14375 
22568 
18476 
22573 
22575 
18479 
14384 
22578 
18484 
14389 
22582 
18486 
18489 
22589 
18493 
14398 
22592 
14403 
18500 
22597 
18502 
22599 
18505 
22602 
22604 
14412 
18509 
22607 
22609 
14417 
22612 
18516 
22614 
18519 
22617 
22618 
14426 
22619 
18524 
22621 
18527 
14431 
22624 
22627 
18532 
18535 
22632 
14440 
22634 
18540 
22637 
14445 
18543 
22640 
18548 
22645 
18550 
14454 
22648 
18553 
14459 
22653 
18557 
22654 
22655 
22657 
22660 
18564 
14468 
18566 
22663 
18569 
14473 
22668 
18573 
22670 
22673 
14482 
22676 
18580 
18583 
14487 
22681 
22682 
22683 
22684 
18588 
22685 
22687 
18591 
14496 
22690 
18596 
22693 
14501 
18599 
22698 
18604 
22701 
14510 
18607 
22706 
22707 
14515 
22708 
18612 
18614 
22711 
18617 
22716 
14524 
18621 
22719 
14529 
22724 
18628 
22725 
22726 
18630 
22729 
18633 
14538 
18637 
22734 
14543 
22736 
22739 
22740 
18644 
22741 
18647 
22744 
14552 
18652 
22749 
14557 
18655 
22752 
18660 
22757 
14566 
18663 
22760 
14571 
18668 
22765 
22767 
18671 
22770 
22772 
18676 
14580 
22775 
18680 
22777 
14585 
22780 
22782 
18687 
22785 
18689 
14594 
22787 
18692 
22790 
14598 
22792 
18696 
22795 
22797 
14605 
18703 
22800 
14610 
22803 
18707 
22808 
22810 
18714 
14619 
22813 
18718 
22815 
14623 
22818 
22821 
18725 
14630 
18728 
22826 
14635 
22828 
18733 
22831 
22833 
18737 
22836 
14644 
22838 
18744 
22841 
14649 
22842 
22843 
18747 
22844 
22845 
22847 
18752 
22850 
18754 
14658 
22851 
22852 
18757 
22854 
14662 
18760 
22857 
22858 
22859 
18765 
14669 
22862 
18769 
14674 
22867 
22869 
22872 
18776 
22874 
18779 
14683 
22877 
22878 
22879 
14687 
18784 
18785 
22882 
18786 
18788 
14694 
22887 
18791 
22890 
18795 
14699 
22895 
22897 
18802 
22900 
14708 
22902 
18806 
14711 
22905 
22907 
14716 
18813 
22910 
22912 
18816 
14720 
22915 
22917 
18821 
14727 
22920 
18824 
22923 
14731 
18829 
22928 
18832 
22930 
14738 
22933 
18837 
22935 
14743 
18841 
22938 
22941 
18848 
14752 
22946 
14755 
22948 
18852 
22951 
14760 
22954 
18859 
14764 
18862 
22959 
22962 
18867 
14771 
18870 
22967 
22968 
14776 
22969 
22971 
18875 
18877 
22974 
18880 
22977 
14785 
18884 
14789 
22982 
22984 
22987 
18891 
14796 
22989 
18893 
22992 
18896 
14801 
22995 
18900 
23000 
23002 
14810 
18907 
23005 
14813 
18910 
23008 
14818 
18915 
23013 
18918 
14822 
23016 
18923 
23021 
14829 
23022 
18926 
23023 
23025 
14833 
18931 
23028 
23030 
18934 
14840 
23033 
23034 
23035 
18939 
23036 
23037 
18941 
14845 
23039 
18944 
23042 
23044 
18948 
14854 
23047 
23048 
23049 
14857 
18955 
23052 
18957 
14862 
18960 
23057 
14866 
23059 
18964 
23062 
23064 
14873 
23067 
18971 
23069 
14877 
18974 
23072 
23074 
18979 
14884 
23077 
18982 
23080 
14889 
18987 
23085 
18990 
23088 
14898 
18995 
23093 
14901 
18998 
23096 
14906 
19003 
23101 
19005 
14910 
23103 
19008 
23106 
23108 
19012 
14917 
23111 
23113 
14921 
19019 
23116 
19021 
23118 
19024 
14928 
23121 
23123 
19028 
14933 
23126 
23128 
23131 
19035 
23134 
19038 
14942 
14945 
23139 
19043 
23141 
19046 
14950 
23144 
14954 
23147 
19051 
19054 
23152 
14961 
23154 
19059 
23157 
14965 
19062 
23160 
19067 
14972 
23165 
23167 
19071 
14977 
23170 
23172 
19078 
23175 
19080 
23177 
14986 
19083 
23180 
23181 
14989 
23182 
23183 
19087 
23184 
14994 
23187 
19094 
14998 
23192 
23194 
19098 
23197 
15005 
23199 
19105 
15009 
23202 
23203 
23204 
19109 
23207 
15016 
23212 
19116 
15021 
23214 
19120 
23217 
23219 
23222 
15030 
23223 
19127 
23224 
15033 
19130 
23227 
15038 
19135 
23232 
23234 
15042 
19139 
23237 
23239 
15049 
23242 
19146 
23243 
23244 
19149 
15053 
23247 
19154 
23252 
15060 
19157 
23255 
15065 
19162 
23260 
23262 
19166 
23265 
15074 
23267 
19173 
15077 
23270 
23272 
19177 
15082 
23275 
23277 
15086 
23280 
19184 
23282 
19187 
23285 
15093 
23288 
19192 
15097 
19195 
23293 
23295 
19200 
15104 
23298 
19203 
23300 
15109 
23303 
19208 
23306 
19211 
15118 
23311 
19216 
23313 
15121 
23316 
19220 
15126 
23319 
15130 
19227 
23324 
23327 
19232 
15137 
23332 
23333 
15141 
23334 
23336 
19241 
23339 
19244 
15148 
23341 
23344 
19249 
15153 
23346 
19251 
23349 
19254 
19255 
23352 
19256 
15162 
19259 
23357 
15165 
23359 
19264 
23362 
19266 
15170 
23365 
19269 
15174 
19271 
23370 
19274 
23373 
19277 
15181 
15185 
23378 
19282 
23379 
23380 
19285 
23382 
15192 
23385 
19290 
23387 
19293 
15197 
23390 
23391 
23392 
23393 
23394 
19298 
23396 
19300 
15206 
23399 
19303 
23401 
15209 
19307 
23404 
23406 
15214 
23409 
23410 
19314 
15218 
23411 
23412 
19316 
23413 
19319 
23416 
15225 
19322 
23421 
15229 
23422 
23423 
19327 
23426 
19330 
15236 
23431 
19335 
23433 
19337 
15241 
23436 
19340 
23437 
23438 
19343 
23441 
15250 
19348 
15253 
23446 
19351 
23449 
15258 
19356 
23454 
15262 
19359 
23457 
19364 
15269 
23462 
19366 
23464 
19369 
15273 
23467 
23469 
19373 
23472 
15280 
23474 
19380 
23477 
15285 
23479 
19384 
23482 
23484 
15294 
23487 
19391 
23489 
15297 
19394 
23492 
23494 
15302 
19399 
23497 
19402 
15306 
23499 
23502 
19407 
23504 
15313 
23507 
19411 
23509 
15317 
23512 
19418 
23515 
15324 
19421 
23520 
15329 
23522 
19426 
23525 
19429 
23527 
23530 
19434 
15338 
23531 
23532 
19436 
23535 
19439 
15343 
19441 
23540 
19444 
23542 
19448 
15352 
23545 
23547 
15355 
23550 
23551 
19455 
23552 
15360 
19457 
23555 
19460 
15364 
19463 
23560 
23562 
15371 
19468 
23565 
23567 
15375 
19472 
23570 
23571 
23572 
15382 
23575 
19479 
19482 
15387 
23580 
23582 
19487 
23585 
23587 
19491 
15396 
23590 
23591 
15399 
23592 
19498 
23595 
15404 
19501 
23600 
15408 
19506 
23603 
19508 
19511 
15415 
23608 
23610 
15419 
19516 
23613 
23615 
23618 
15426 
23620 
19525 
23623 
15431 
23625 
19529 
23628 
23630 
19536 
15440 
23633 
15443 
23636 
19540 
15448 
23641 
23643 
19547 
15452 
23646 
19551 
23648 
23651 
15459 
23654 
19558 
15463 
19561 
23659 
23661 
19566 
15470 
23664 
19570 
23667 
15475 
23672 
19577 
23675 
19580 
15484 
15487 
23680 
23681 
19585 
23682 
23684 
19588 
15492 
23687 
15496 
23689 
19593 
19595 
23692 
23694 
19598 
15503 
23697 
19602 
23699 
15508 
23702 
23705 
19609 
19612 
15517 
23710 
23712 
19617 
15521 
23715 
19619 
23718 
19622 
15528 
23723 
19627 
23724 
23725 
15533 
23727 
23730 
23731 
23732 
19636 
23733 
23734 
19638 
15542 
23736 
15544 
19641 
23739 
15547 
19645 
23742 
15550 
23747 
15555 
19652 
23749 
15558 
23752 
23753 
19657 
23754 
15563 
23756 
23759 
15567 
23760 
23761 
23762 
19666 
23763 
23766 
19670 
15574 
15577 
23771 
23772 
23773 
19677 
15582 
23776 
19681 
15586 
23781 
23782 
23783 
19688 
23785 
15593 
19691 
23788 
15596 
23791 
19696 
15601 
19699 
23796 
15605 
23799 
19704 
19707 
23804 
15612 
23807 
15615 
19712 
23812 
19716 
15620 
23814 
15624 
23817 
23819 
19723 
23822 
19726 
15631 
23824 
23827 
19731 
15635 
19732 
23829 
19733 
19735 
23832 
23834 
19738 
15642 
23837 
19742 
23839 
15647 
23842 
23844 
19749 
23847 
19752 
15656 
23850 
15659 
19757 
23855 
15664 
23857 
19761 
23860 
15668 
23863 
19768 
19771 
15675 
23868 
23871 
19776 
15680 
23876 
19780 
23878 
23881 
15689 
23883 
19787 
15693 
23886 
23887 
19791 
23888 
23891 
15700 
19798 
23896 
19801 
15705 
23898 
23901 
19806 
23903 
23906 
19810 
15714 
23907 
23908 
23911 
15719 
19817 
23916 
19820 
23918 
15728 
23921 
19825 
23923 
19828 
15733 
23926 
23927 
23928 
19833 
23931 
19835 
19838 
15742 
23936 
23938 
19842 
15746 
23941 
23943 
19849 
15753 
23946 
23947 
23948 
19853 
15758 
23951 
23956 
19860 
23959 
19863 
15767 
15771 
23964 
19868 
19869 
23966 
19870 
19872 
23969 
15778 
23971 
19875 
23974 
19878 
15783 
23976 
23979 
19883 
23981 
19886 
23984 
15792 
23986 
19891 
15796 
23989 
19895 
23992 
15803 
23997 
19902 
23999 
15808 
24002 
19906 
24004 
24007 
19913 
15817 
24010 
19917 
15821 
24015 
24017 
24020 
19924 
15828 
24023 
19927 
15832 
24028 
19932 
24031 
15839 
19936 
15843 
24036 
24037 
24038 
19943 
24040 
19946 
15850 
24043 
24045 
15853 
19951 
24048 
24050 
19954 
15858 
24053 
15862 
19959 
24056 
19961 
19964 
24061 
15869 
24063 
19968 
15873 
24066 
24069 
19975 
15880 
24074 
19979 
15884 
24077 
24082 
19986 
24083 
15891 
24084 
24085 
19989 
24086 
15894 
24087 
24088 
24090 
19994 
15899 
24093 
19999 
15903 
24096 
24101 
15910 
24104 
20008 
15914 
20012 
24109 
24110 
24111 
15921 
24114 
20019 
15924 
20021 
24119 
24120 
20024 
24121 
15929 
24123 
20029 
24126 
15934 
24128 
24131 
24133 
20038 
15943 
24136 
24138 
20042 
15948 
24141 
24144 
20049 
20052 
24149 
15957 
24152 
20057 
15961 
24157 
20061 
24160 
15968 
15971 
20068 
24165 
24167 
20072 
15976 
24170 
15979 
24172 
24175 
20079 
15984 
24177 
20083 
24180 
15988 
24182 
24185 
20090 
24187 
15995 
20093 
24190 
15999 
24192 
20098 
24195 
20100 
24197 
16006 
20103 
24200 
16009 
20106 
24203 
16014 
20111 
24208 
24210 
16018 
20115 
24213 
24215 
16025 
24218 
20122 
24220 
16029 
20126 
24223 
24225 
24228 
16036 
20133 
24230 
20136 
16040 
24233 
24234 
24235 
20141 
24238 
16047 
20146 
16050 
24243 
24245 
16055 
24248 
24250 
20155 
16059 
24253 
24254 
24255 
20159 
24258 
16066 
20166 
16070 
24263 
24265 
20169 
24268 
16077 
24270 
20174 
16080 
24273 
24274 
24275 
20179 
16085 
24278 
16090 
24283 
20188 
24285 
24288 
20192 
24290 
16099 
24293 
24294 
24295 
20199 
16104 
24298 
20203 
24303 
16113 
24306 
20210 
20212 
16117 
24311 
20215 
24313 
20219 
24316 
16124 
24318 
16127 
24321 
20226 
24323 
16132 
24326 
20230 
16135 
24328 
24331 
16140 
24333 
20237 
24336 
20240 
16144 
24339 
20245 
16151 
24344 
20248 
24346 
16155 
24349 
20253 
24351 
20255 
24354 
20258 
16162 
20260 
24357 
16165 
20263 
24362 
20266 
16170 
24364 
16174 
24367 
20271 
24370 
20274 
16181 
24375 
20279 
20280 
20281 
16185 
24378 
20284 
24383 
24384 
16192 
24385 
20289 
24387 
16195 
20293 
24390 
16200 
24393 
20300 
16204 
24398 
20302 
24400 
20305 
24403 
16211 
20308 
24405 
16215 
24408 
20313 
24411 
20317 
16222 
24416 
16225 
24418 
20324 
24421 
16230 
24424 
20329 
16235 
24429 
24432 
20338 
16244 
24437 
24438 
20342 
24439 
24441 
16249 
24444 
20349 
24446 
20351 
24449 
20354 
16258 
24451 
24454 
16262 
24455 
20359 
24456 
24458 
24461 
16269 
24463 
20368 
16272 
24466 
24467 
24468 
20373 
16277 
24470 
16280 
24473 
24474 
24475 
24476 
24477 
16285 
20382 
24480 
16289 
20387 
24485 
24487 
16296 
24490 
24492 
20396 
16300 
24495 
20399 
24497 
16307 
24500 
20404 
24502 
16310 
24505 
20409 
16315 
24508 
16319 
24513 
20418 
24516 
20422 
16326 
24521 
16330 
24524 
20429 
24529 
20433 
16337 
24531 
16340 
24534 
24536 
20440 
16345 
24539 
24541 
20445 
16349 
24544 
24546 
16356 
24549 
20454 
24551 
16360 
20457 
24554 
24555 
24556 
24558 
20462 
16367 
24561 
24562 
16370 
24563 
20467 
24566 
16375 
24571 
20476 
16380 
24573 
)

// ************************************************************************* //
