/*--------------------------------*- C++ -*----------------------------------*\
  =========                 |
  \\      /  F ield         | OpenFOAM: The Open Source CFD Toolbox
   \\    /   O peration     | Website:  https://openfoam.org
    \\  /    A nd           | Version:  10
     \\/     M anipulation  |
\*---------------------------------------------------------------------------*/
FoamFile
{
    format      ascii;
    class       labelList;
    location    "constant/polyMesh";
    object      pointProcAddressing;
}
// * * * * * * * * * * * * * * * * * * * * * * * * * * * * * * * * * * * * * //


11045
(
1869
1870
1871
1872
1884
1885
1886
1887
1888
1889
1903
1904
1905
1906
1907
1908
1909
1924
1925
1926
1927
1928
1929
1930
1949
1950
1951
2216
2217
2218
2219
2220
2221
2222
2223
2224
2225
2226
2227
2234
2235
2236
2237
2238
2239
2240
2241
2249
2250
2251
2252
2253
2254
2255
2256
2257
2258
2268
2269
2270
2271
2272
2273
2274
2275
2276
2277
2278
2289
2290
2291
2292
2293
2294
2295
2296
2297
2298
2299
2318
2319
2320
2583
2584
2585
2586
2587
2588
2589
2590
2591
2592
2593
2594
2595
2596
2603
2604
2605
2606
2607
2608
2609
2610
2618
2619
2620
2621
2622
2623
2624
2625
2626
2627
2637
2638
2639
2640
2641
2642
2643
2644
2645
2646
2647
2658
2659
2660
2661
2662
2663
2664
2665
2666
2667
2668
2687
2688
2689
2952
2953
2954
2955
2956
2957
2958
2959
2960
2961
2962
2963
2964
2965
2972
2973
2974
2975
2976
2977
2978
2979
2987
2988
2989
2990
2991
2992
2993
2994
2995
2996
3006
3007
3008
3009
3010
3011
3012
3013
3014
3015
3016
3027
3028
3029
3030
3031
3032
3033
3034
3035
3036
3037
3056
3057
3058
3321
3322
3323
3324
3325
3326
3327
3328
3329
3330
3331
3332
3333
3334
3341
3342
3343
3344
3345
3346
3347
3348
3356
3357
3358
3359
3360
3361
3362
3363
3364
3365
3375
3376
3377
3378
3379
3380
3381
3382
3383
3384
3385
3396
3397
3398
3399
3400
3401
3402
3403
3404
3405
3406
3425
3426
3427
3690
3691
3692
3693
3694
3695
3696
3697
3698
3699
3700
3701
3702
3703
3710
3711
3712
3713
3714
3715
3716
3717
3725
3726
3727
3728
3729
3730
3731
3732
3733
3734
3744
3745
3746
3747
3748
3749
3750
3751
3752
3753
3754
3765
3766
3767
3768
3769
3770
3771
3772
3773
3774
3775
3794
3795
3796
4059
4060
4061
4062
4063
4064
4065
4066
4067
4068
4069
4070
4071
4072
4079
4080
4081
4082
4083
4084
4085
4086
4094
4095
4096
4097
4098
4099
4100
4101
4102
4103
4113
4114
4115
4116
4117
4118
4119
4120
4121
4122
4134
4135
4136
4137
4138
4139
4140
4141
4142
4143
4163
4164
4430
4431
4432
4433
4436
4437
4438
4439
4440
4441
4450
4451
4452
4453
4454
4455
4465
4466
4467
4468
4469
4470
4471
4484
4485
4486
4487
4488
4489
4801
4802
4806
4807
4808
4809
4810
4820
4821
4822
4823
4824
4835
4836
4837
4838
4839
4840
4854
4855
4856
4857
4858
5171
5176
5177
5178
5179
5190
5191
5192
5193
5205
5206
5207
5208
5209
5224
5225
5226
5227
5540
5546
5547
5548
5560
5561
5562
5575
5576
5577
5578
5595
5596
5597
5916
5917
5930
5931
5945
5946
5947
5964
5965
5966
6285
6286
6299
6300
6314
6315
6316
6333
6334
6335
12201
12208
12209
12210
12212
12219
12221
12222
12223
12225
12226
12227
12228
12229
12230
12231
12233
12240
12242
12243
12244
12246
12247
12248
12249
12250
12251
12252
12254
12261
12263
12264
12267
12268
12269
12270
12271
12272
12273
12275
12282
12284
12285
12288
12289
12290
12291
12292
12293
12294
12296
12303
12305
12306
12309
12310
12311
12312
12313
12314
12315
12317
12324
12326
12331
12332
12333
12334
12335
12336
12338
12345
12354
12355
12356
12357
12359
12366
12376
12377
12378
12380
12387
12398
12399
12401
12408
12419
12420
12422
12429
12431
12441
12443
12450
12452
12462
12464
12471
12473
13143
13155
13157
13172
13175
13189
13191
13193
13195
13214
13215
13216
13217
13232
13233
13234
13235
13236
13237
13238
13239
13240
13248
13249
13250
13251
13252
13253
13256
13259
13260
13261
13262
13263
13264
13265
13266
13267
13268
13269
13270
13271
13272
13276
13277
13278
13279
13280
13281
13282
13283
13284
13285
13286
13287
13288
13289
13290
13291
13310
13311
13312
13313
13328
13329
13330
13331
13332
13333
13334
13335
13336
13344
13345
13346
13347
13348
13349
13350
13351
13352
13353
13354
13355
13356
13357
13358
13359
13360
13361
13362
13363
13364
13365
13366
13367
13368
13372
13373
13374
13375
13376
13377
13378
13379
13380
13381
13382
13383
13384
13385
13386
13387
13406
13407
13408
13409
13424
13425
13426
13427
13428
13429
13430
13431
13432
13440
13441
13442
13443
13444
13445
13446
13447
13448
13449
13450
13451
13452
13453
13454
13455
13456
13457
13458
13459
13460
13461
13462
13463
13464
13468
13469
13470
13471
13472
13473
13474
13475
13476
13477
13478
13479
13480
13481
13482
13483
13502
13503
13504
13505
13520
13521
13522
13523
13524
13525
13526
13527
13528
13536
13537
13538
13539
13541
13542
13543
13544
13545
13546
13547
13548
13549
13550
13551
13552
13553
13554
13555
13556
13557
13558
13559
13560
13564
13565
13566
13567
13568
13569
13570
13571
13572
13573
13574
13575
13576
13577
13578
13579
13598
13599
13600
13601
13616
13617
13618
13619
13620
13621
13622
13623
13624
13632
13633
13634
13635
13637
13638
13639
13640
13641
13642
13643
13644
13645
13646
13647
13648
13649
13650
13651
13652
13653
13654
13655
13656
13660
13661
13662
13663
13664
13665
13666
13667
13668
13669
13670
13671
13672
13673
13674
13675
13694
13695
13696
13697
13712
13713
13714
13715
13716
13717
13718
13719
13720
13728
13729
13730
13731
13734
13735
13737
13738
13739
13740
13741
13742
13743
13744
13745
13746
13747
13748
13749
13750
13751
13752
13756
13758
13759
13760
13761
13762
13763
13764
13765
13766
13767
13768
13769
13770
13771
13790
13791
13792
13793
13808
13809
13810
13811
13812
13814
13824
13836
13837
13839
13840
13841
13842
13843
13844
13845
13846
13847
13848
13856
13858
13859
13860
13861
13862
13863
13864
13865
13866
13867
13886
13887
13888
13889
13904
13905
13908
13935
13938
13939
13940
13941
13942
13943
13944
13954
13956
13957
13958
13959
13960
13961
13962
13963
13982
13983
13984
13985
14000
14001
14004
14034
14037
14038
14039
14040
14052
14054
14055
14056
14057
14058
14059
14078
14079
14080
14081
14096
14097
14100
14133
14134
14136
14150
14152
14153
14154
14155
14174
14175
14176
14177
14192
14193
14194
14195
14196
14208
14209
14232
14248
14249
14250
14251
14270
14271
14272
14273
14288
14289
14290
14291
14292
14304
14305
14328
14344
14345
14346
14347
14366
14367
14368
14369
14384
14385
14386
14387
14388
14400
14401
15634
15636
15645
15647
15648
15649
15650
15653
15662
15663
15672
15673
15675
15676
15677
15678
15679
15680
15681
15682
15683
15693
15694
15695
15714
15715
15716
15717
15718
15719
15727
15728
15729
15730
15731
15732
15733
15735
15736
15741
15742
15743
15744
15745
15746
15747
15748
15749
15750
15751
15752
15753
15754
15755
15756
15757
15758
15759
15760
15761
15762
15763
15764
15765
15766
15776
15777
15778
15797
15798
15799
15800
15801
15802
15810
15811
15812
15813
15814
15815
15816
15818
15819
15824
15825
15826
15827
15828
15829
15830
15831
15832
15833
15834
15835
15836
15837
15838
15839
15840
15841
15842
15843
15844
15845
15846
15847
15848
15849
15859
15860
15861
15880
15881
15882
15883
15884
15885
15893
15894
15895
15896
15897
15898
15899
15907
15908
15909
15910
15911
15912
15913
15914
15915
15916
15917
15918
15919
15920
15921
15922
15923
15924
15925
15926
15927
15928
15929
15930
15931
15932
15942
15943
15944
15963
15964
15965
15966
15967
15968
15976
15977
15978
15979
15980
15981
15982
15990
15991
15992
15993
15994
15995
15996
15997
15998
15999
16000
16001
16002
16003
16004
16005
16006
16007
16008
16009
16010
16011
16012
16013
16014
16015
16025
16026
16027
16046
16047
16048
16049
16050
16051
16059
16060
16061
16062
16063
16064
16065
16073
16074
16075
16076
16077
16078
16079
16080
16081
16082
16083
16084
16085
16086
16087
16088
16089
16090
16091
16092
16093
16094
16095
16096
16097
16098
16108
16109
16110
16129
16130
16131
16132
16133
16142
16143
16144
16145
16157
16158
16159
16160
16161
16162
16165
16166
16168
16169
16170
16171
16172
16173
16174
16175
16176
16177
16178
16179
16180
16181
16191
16192
16193
16212
16213
16214
16215
16242
16243
16244
16251
16254
16255
16256
16257
16258
16259
16260
16261
16262
16263
16264
16274
16275
16276
16295
16296
16297
16298
16326
16327
16337
16340
16341
16342
16343
16344
16345
16346
16347
16357
16358
16359
16378
16379
16380
16381
16410
16423
16426
16427
16428
16429
16430
16440
16441
16442
16461
16462
16463
16464
16477
16493
16509
16510
16512
16513
16523
16524
16525
16544
16545
16546
16547
16548
16557
16559
16560
16592
16595
16596
16606
16607
16608
16627
16628
16629
16630
16631
16640
16642
16643
16675
16678
16689
16690
16710
16711
16712
16714
16723
16725
17411
17412
17413
17414
17415
17516
17522
17523
17524
17526
17527
17528
17529
17530
17531
17532
17537
17538
17539
17540
17541
17542
17543
17544
17545
17546
17547
17552
17555
17556
17557
17558
17559
17560
17561
17562
17567
17570
17571
17572
17573
17574
17575
17576
17577
17582
17585
17586
17587
17588
17589
17590
17591
17592
17600
17601
17602
17603
17604
17605
17606
17607
17617
17618
17619
17620
17621
17622
17633
17634
17635
17636
17637
17649
17650
17651
17652
17665
17666
17667
17680
17681
17682
17695
17696
17697
18054
18055
18087
18088
18090
18091
18094
18095
18096
18115
18116
18117
18128
18129
18130
18131
18133
18134
18135
18136
18137
18139
18140
18142
18145
18146
18149
18150
18151
18152
18153
18154
18155
18156
18158
18160
18161
18162
18163
18164
18165
18166
18167
18168
18169
18170
18171
18172
18173
18174
18175
18176
18177
18178
18197
18198
18199
18210
18211
18212
18213
18215
18216
18217
18218
18219
18221
18222
18224
18225
18226
18227
18228
18229
18230
18231
18232
18233
18234
18235
18236
18237
18238
18239
18240
18241
18242
18243
18244
18245
18246
18247
18248
18249
18250
18251
18252
18253
18254
18255
18256
18257
18258
18259
18260
18279
18280
18281
18292
18293
18294
18295
18297
18298
18299
18300
18301
18307
18308
18309
18310
18311
18312
18313
18314
18315
18316
18317
18318
18319
18320
18321
18322
18323
18324
18325
18326
18327
18328
18329
18330
18331
18332
18333
18334
18335
18336
18337
18338
18339
18340
18341
18342
18361
18362
18363
18374
18375
18376
18377
18379
18380
18381
18382
18383
18389
18390
18391
18392
18393
18394
18395
18396
18397
18398
18399
18400
18401
18402
18403
18404
18405
18406
18407
18408
18409
18410
18411
18412
18413
18414
18415
18416
18417
18418
18419
18420
18421
18422
18423
18424
18443
18444
18445
18456
18457
18458
18459
18461
18462
18463
18464
18465
18471
18472
18473
18474
18475
18476
18477
18478
18479
18480
18481
18482
18483
18484
18485
18486
18487
18488
18489
18490
18491
18492
18493
18494
18495
18496
18497
18498
18499
18500
18501
18502
18503
18504
18505
18506
18525
18526
18527
18538
18539
18540
18541
18543
18544
18553
18554
18557
18558
18561
18562
18563
18564
18565
18566
18567
18569
18572
18573
18574
18575
18576
18577
18578
18579
18580
18581
18582
18583
18584
18585
18586
18587
18588
18607
18608
18609
18620
18621
18622
18623
18647
18657
18659
18660
18661
18662
18663
18664
18665
18666
18667
18668
18669
18670
18689
18690
18691
18702
18703
18704
18705
18742
18744
18745
18746
18747
18748
18749
18750
18751
18752
18771
18772
18773
18784
18785
18786
18787
18827
18828
18829
18830
18831
18832
18833
18834
18853
18854
18855
18866
18867
18868
18869
18909
18912
18913
18914
18915
18916
18935
18936
18937
18948
18949
18950
18951
18994
18995
18996
18997
18998
19017
19018
19019
19030
19031
19032
19033
19076
19077
19078
19099
19101
19112
19114
19115
19691
19692
19693
19694
19703
19704
19705
19706
19707
19708
19709
19710
19711
19712
19713
19714
19715
19716
19719
19732
19734
19735
19736
19738
19739
19740
19741
19742
19743
19744
19745
19746
19747
19748
19749
19750
19751
19752
19753
19754
19755
19756
19757
19758
19759
19760
19761
19762
19763
19764
19765
19799
19800
19801
19802
19810
19811
19812
19813
19814
19815
19816
19817
19818
19819
19820
19821
19822
19823
19824
19827
19829
19830
19831
19832
19833
19834
19835
19836
19837
19838
19839
19840
19841
19842
19843
19844
19845
19846
19847
19848
19849
19850
19851
19852
19853
19854
19855
19856
19857
19858
19859
19860
19861
19862
19863
19864
19865
19866
19867
19868
19869
19870
19871
19872
19873
19907
19908
19909
19910
19918
19919
19920
19921
19922
19923
19924
19925
19926
19927
19928
19929
19930
19931
19932
19935
19937
19938
19939
19940
19941
19942
19943
19944
19945
19946
19947
19948
19949
19950
19951
19952
19953
19954
19955
19956
19957
19958
19959
19960
19961
19962
19963
19964
19965
19966
19967
19968
19969
19970
19971
19972
19973
19974
19975
19976
19977
19978
19979
19980
19981
20015
20016
20017
20018
20026
20027
20028
20029
20030
20031
20032
20033
20034
20035
20036
20037
20038
20040
20043
20045
20046
20047
20048
20049
20050
20051
20052
20053
20054
20055
20056
20057
20058
20059
20060
20061
20062
20063
20064
20065
20066
20067
20068
20069
20070
20071
20072
20073
20074
20075
20076
20077
20078
20079
20080
20081
20082
20083
20084
20085
20086
20087
20088
20089
20123
20124
20125
20126
20134
20135
20136
20137
20138
20139
20140
20141
20142
20143
20144
20145
20146
20148
20151
20153
20154
20155
20156
20157
20158
20159
20160
20161
20162
20163
20164
20165
20166
20167
20168
20169
20170
20171
20172
20173
20174
20175
20176
20177
20178
20179
20180
20181
20182
20183
20184
20185
20186
20187
20188
20189
20190
20191
20192
20193
20194
20195
20196
20197
20231
20232
20233
20234
20242
20243
20244
20245
20246
20247
20248
20249
20250
20251
20252
20253
20254
20261
20262
20263
20264
20265
20266
20267
20268
20269
20270
20271
20272
20273
20274
20275
20276
20277
20278
20279
20280
20281
20282
20283
20284
20285
20286
20287
20288
20289
20290
20291
20292
20293
20294
20295
20296
20297
20298
20299
20300
20301
20302
20303
20304
20305
20339
20340
20341
20342
20350
20351
20352
20353
20354
20355
20357
20379
20380
20382
20383
20385
20386
20387
20388
20389
20390
20391
20392
20393
20394
20395
20396
20397
20398
20399
20400
20401
20402
20403
20404
20405
20406
20407
20408
20409
20410
20411
20412
20413
20447
20448
20449
20450
20458
20459
20460
20461
20499
20500
20501
20502
20503
20504
20505
20506
20507
20508
20509
20510
20511
20512
20513
20514
20515
20516
20517
20518
20519
20520
20521
20555
20556
20557
20558
20566
20567
20568
20569
20612
20613
20614
20615
20616
20617
20618
20619
20620
20621
20622
20623
20624
20625
20626
20627
20628
20629
20663
20664
20665
20666
20674
20675
20676
20677
20720
20722
20723
20725
20726
20727
20728
20729
20730
20731
20732
20733
20734
20735
20736
20737
20771
20772
20773
20774
20782
20783
20784
20785
20834
20835
20836
20837
20838
20839
20840
20841
20842
20843
20844
20845
20879
20880
20881
20882
20890
20891
20892
20893
20895
20942
20943
20944
20945
20946
20947
20948
20949
20950
20951
20952
20953
20987
20988
20989
20990
20998
20999
21000
21001
21003
21735
21736
21737
21738
21768
21769
21770
21771
21773
21774
21775
21776
21778
21779
21780
21781
21782
21795
21796
21797
21798
21799
21814
21815
21816
21817
21818
21819
21823
21824
21825
21826
21827
21828
21829
21830
21831
21832
21833
21834
21835
21836
21837
21838
21839
21840
21842
21843
21844
21846
21847
21848
21849
21850
21851
21852
21853
21854
21855
21856
21857
21858
21859
21860
21861
21862
21863
21864
21865
21866
21867
21868
21869
21870
21871
21872
21873
21874
21875
21888
21889
21890
21891
21892
21907
21908
21909
21910
21911
21912
21916
21917
21918
21919
21920
21921
21922
21923
21924
21925
21926
21927
21928
21929
21930
21931
21932
21933
21934
21935
21936
21937
21938
21939
21940
21941
21942
21943
21944
21945
21946
21947
21948
21949
21950
21951
21952
21953
21954
21955
21956
21957
21958
21959
21960
21961
21962
21963
21964
21965
21966
21967
21968
21981
21982
21983
21984
21985
22000
22001
22002
22003
22004
22005
22009
22010
22011
22012
22013
22014
22015
22016
22017
22023
22024
22025
22026
22027
22028
22029
22030
22031
22032
22033
22034
22035
22036
22037
22038
22039
22040
22041
22042
22043
22044
22045
22046
22047
22048
22049
22050
22051
22052
22053
22054
22055
22056
22057
22058
22059
22060
22061
22074
22075
22076
22077
22078
22093
22094
22095
22096
22097
22098
22102
22103
22104
22105
22106
22107
22108
22109
22110
22116
22117
22118
22119
22120
22121
22122
22123
22124
22125
22126
22127
22128
22129
22130
22131
22132
22133
22134
22135
22136
22137
22138
22139
22140
22141
22142
22143
22144
22145
22146
22147
22148
22149
22150
22151
22152
22153
22154
22167
22168
22169
22170
22171
22186
22187
22188
22189
22190
22191
22195
22196
22197
22198
22199
22200
22201
22202
22203
22209
22210
22211
22212
22213
22214
22215
22216
22217
22218
22219
22220
22221
22222
22223
22224
22225
22226
22227
22228
22229
22230
22231
22232
22233
22234
22235
22236
22237
22238
22239
22240
22241
22242
22243
22244
22245
22246
22247
22260
22261
22262
22263
22264
22279
22280
22281
22282
22283
22284
22288
22289
22290
22291
22303
22304
22305
22306
22310
22311
22312
22313
22315
22316
22317
22318
22319
22320
22321
22322
22323
22324
22325
22326
22327
22328
22329
22330
22331
22332
22333
22334
22335
22336
22337
22338
22339
22340
22353
22354
22355
22356
22357
22372
22373
22374
22375
22376
22398
22413
22414
22415
22416
22417
22418
22419
22420
22421
22422
22423
22424
22425
22426
22427
22428
22429
22430
22431
22432
22433
22446
22447
22448
22449
22450
22465
22466
22467
22468
22469
22511
22512
22513
22514
22515
22516
22517
22518
22519
22520
22521
22522
22523
22524
22525
22526
22539
22540
22541
22542
22543
22558
22559
22560
22561
22562
22609
22610
22611
22612
22613
22614
22615
22616
22617
22618
22619
22632
22633
22634
22635
22636
22651
22652
22653
22654
22655
22702
22703
22705
22707
22708
22709
22710
22711
22712
22725
22726
22727
22728
22729
22744
22745
22746
22747
22748
22749
22753
22754
22756
22800
22801
22802
22803
22804
22805
22818
22819
22820
22821
22822
22837
22838
22839
22840
22841
22842
22846
22847
22849
22893
22894
22895
22896
22897
22898
22911
22912
22913
22914
22915
22930
22931
22932
22934
22935
22939
22940
23710
23711
23717
23721
23773
23774
23782
23783
23784
23790
23791
23808
23809
23814
23815
23816
23817
23869
23870
23872
23873
23874
23875
23876
23884
23885
23886
23887
23888
23889
23890
23891
23892
23893
23894
23895
23896
23897
23898
23899
23900
23901
23902
23903
23904
23906
23907
23908
23909
23914
23915
23924
23925
23926
23927
23929
23930
23931
23934
23935
23936
23937
23938
23939
23941
23942
23943
23945
23946
23947
23948
23949
23950
23951
23952
23953
23954
23955
23956
23957
23958
23959
23960
23961
23962
23963
23964
23965
23966
23967
23968
23969
23970
23971
23972
23973
23974
23975
23976
23977
23978
23979
23992
23993
23994
23995
23996
23997
23998
23999
24000
24001
24002
24003
24004
24054
24055
24056
24057
24058
24059
24060
24061
24062
24063
24070
24071
24072
24073
24074
24075
24076
24077
24078
24079
24080
24081
24082
24083
24084
24085
24086
24087
24088
24089
24090
24091
24092
24093
24094
24095
24096
24097
24098
24099
24100
24101
24102
24103
24104
24105
24106
24107
24108
24109
24110
24111
24112
24113
24114
24115
24116
24117
24118
24119
24120
24121
24122
24123
24124
24125
24126
24127
24128
24129
24130
24131
24132
24133
24134
24135
24136
24137
24138
24139
24140
24141
24142
24143
24144
24145
24146
24147
24148
24149
24150
24151
24152
24153
24154
24155
24156
24157
24158
24159
24160
24161
24162
24163
24164
24165
24166
24179
24180
24181
24182
24183
24184
24185
24186
24187
24188
24189
24190
24191
24241
24242
24243
24244
24245
24246
24247
24248
24249
24250
24257
24258
24259
24260
24261
24262
24263
24264
24265
24266
24267
24268
24269
24270
24271
24272
24273
24274
24275
24276
24277
24278
24279
24280
24282
24284
24285
24286
24287
24288
24289
24290
24291
24292
24293
24294
24295
24296
24297
24298
24299
24300
24301
24302
24303
24304
24305
24306
24307
24308
24309
24310
24311
24312
24313
24314
24315
24316
24317
24318
24319
24320
24321
24322
24323
24324
24325
24326
24327
24328
24329
24330
24331
24332
24333
24334
24335
24336
24337
24338
24339
24340
24341
24342
24343
24344
24345
24346
24347
24348
24349
24350
24351
24352
24353
24366
24367
24368
24369
24370
24371
24372
24373
24374
24375
24376
24377
24378
24428
24429
24430
24431
24432
24433
24434
24435
24436
24437
24444
24445
24446
24447
24448
24449
24450
24451
24452
24453
24454
24455
24456
24457
24458
24459
24461
24462
24464
24465
24469
24471
24472
24473
24474
24475
24476
24477
24478
24479
24480
24481
24482
24483
24484
24485
24486
24487
24488
24489
24490
24491
24492
24493
24494
24495
24496
24497
24498
24499
24500
24501
24502
24503
24504
24505
24506
24507
24508
24509
24510
24511
24512
24513
24514
24515
24516
24517
24518
24519
24520
24521
24522
24523
24524
24525
24526
24527
24528
24529
24530
24531
24532
24533
24534
24535
24536
24537
24538
24539
24540
24553
24554
24555
24556
24557
24558
24559
24560
24561
24562
24563
24564
24565
24615
24616
24617
24618
24619
24620
24621
24622
24623
24624
24631
24632
24633
24634
24635
24636
24637
24638
24639
24640
24641
24642
24643
24644
24645
24646
24648
24649
24651
24652
24656
24658
24659
24660
24661
24662
24663
24664
24665
24666
24667
24668
24669
24670
24671
24672
24673
24674
24675
24676
24677
24678
24679
24680
24681
24682
24683
24684
24685
24686
24687
24688
24689
24690
24691
24692
24693
24694
24695
24696
24697
24698
24699
24700
24701
24702
24703
24704
24705
24706
24707
24708
24709
24710
24711
24712
24713
24714
24715
24716
24717
24718
24719
24720
24721
24722
24723
24724
24725
24726
24727
24740
24741
24742
24743
24744
24745
24746
24747
24748
24749
24750
24751
24752
24802
24803
24804
24805
24806
24807
24808
24809
24810
24811
24818
24819
24820
24821
24822
24823
24824
24825
24827
24828
24829
24830
24831
24833
24835
24836
24845
24846
24847
24848
24851
24852
24853
24854
24855
24856
24857
24858
24859
24861
24862
24863
24864
24865
24866
24867
24868
24869
24870
24871
24872
24873
24874
24875
24876
24877
24878
24879
24880
24881
24882
24883
24884
24885
24886
24887
24888
24889
24890
24891
24892
24893
24894
24895
24896
24897
24898
24899
24900
24901
24902
24903
24904
24905
24906
24907
24908
24909
24910
24911
24912
24913
24914
24927
24928
24929
24930
24931
24932
24933
24934
24935
24936
24937
24938
24939
24989
24990
24991
24992
24993
24994
24995
24996
24997
24998
25005
25006
25007
25009
25010
25014
25015
25050
25051
25052
25054
25056
25062
25063
25064
25065
25066
25067
25068
25069
25070
25072
25073
25074
25075
25076
25077
25078
25079
25080
25081
25082
25083
25084
25085
25086
25087
25088
25089
25090
25091
25092
25093
25094
25095
25096
25097
25098
25099
25100
25101
25114
25115
25116
25117
25118
25119
25120
25121
25122
25123
25124
25125
25126
25176
25177
25178
25179
25180
25181
25182
25183
25184
25185
25196
25197
25249
25251
25261
25262
25263
25264
25265
25266
25267
25269
25270
25271
25272
25273
25274
25275
25276
25277
25278
25279
25280
25281
25282
25283
25284
25285
25286
25287
25288
25301
25302
25303
25304
25305
25306
25307
25308
25309
25310
25311
25312
25313
25363
25364
25365
25366
25367
25368
25369
25370
25371
25372
25383
25384
25448
25449
25458
25459
25460
25461
25462
25463
25464
25466
25467
25468
25469
25470
25471
25472
25473
25474
25475
25488
25489
25490
25491
25492
25493
25494
25495
25496
25497
25498
25499
25500
25550
25551
25552
25553
25554
25555
25556
25557
25558
25559
25570
25571
25645
25646
25647
25648
25650
25655
25656
25657
25658
25659
25660
25661
25662
25675
25676
25677
25678
25679
25680
25681
25682
25683
25684
25685
25686
25687
25737
25738
25739
25740
25741
25742
25743
25744
25745
25746
25754
25755
25756
25757
25758
25766
25842
25843
25845
25846
25848
25849
25862
25863
25864
25865
25866
25867
25868
25869
25870
25871
25872
25873
25874
25924
25925
25926
25927
25928
25929
25930
25931
25932
25933
25940
25941
25942
25943
25944
25945
25953
26029
26030
26032
26033
26035
26036
26049
26050
26051
26052
26053
26054
26055
26056
26057
26058
26059
26060
26061
26111
26112
26113
26114
26115
26116
26117
26118
26119
26120
26127
26128
26129
26130
26131
26132
26217
26827
26833
26836
26864
26870
26875
26879
26881
26882
26885
26886
26887
26892
26915
26916
26917
26923
26924
26925
26926
26927
26928
26929
26930
26931
26932
26933
26934
26935
26936
26939
26940
26941
26949
26950
26951
26952
26953
26954
26955
26956
26957
26958
26959
26960
26961
26962
26963
26964
26965
26966
26967
26968
26969
26970
26971
26972
26973
26974
26975
26976
26977
26978
26982
26983
26984
26985
26986
26987
26988
26989
26990
26991
26992
26993
26994
26995
27018
27019
27020
27026
27027
27028
27029
27030
27031
27032
27033
27034
27035
27036
27037
27038
27039
27042
27043
27044
27045
27046
27047
27048
27049
27050
27051
27052
27053
27054
27055
27056
27057
27058
27059
27060
27061
27062
27063
27064
27065
27066
27067
27068
27069
27070
27071
27072
27073
27074
27075
27076
27077
27078
27079
27080
27081
27085
27086
27087
27088
27089
27090
27091
27092
27093
27094
27095
27096
27097
27098
27121
27122
27123
27129
27130
27131
27132
27133
27134
27135
27136
27137
27138
27142
27148
27149
27150
27151
27152
27153
27154
27155
27156
27157
27158
27159
27160
27161
27162
27163
27164
27165
27166
27167
27168
27169
27170
27171
27172
27173
27174
27175
27176
27177
27178
27179
27180
27181
27182
27183
27184
27188
27189
27190
27191
27192
27193
27194
27195
27196
27197
27198
27199
27200
27201
27224
27225
27226
27232
27233
27234
27235
27236
27237
27238
27239
27241
27245
27251
27252
27253
27254
27255
27256
27257
27258
27259
27260
27261
27262
27263
27264
27265
27266
27267
27268
27269
27270
27271
27272
27273
27274
27275
27276
27277
27278
27279
27280
27281
27282
27283
27284
27285
27286
27287
27291
27292
27293
27294
27295
27296
27297
27298
27299
27300
27301
27302
27303
27304
27327
27328
27329
27335
27336
27337
27338
27339
27340
27341
27342
27344
27348
27354
27355
27356
27357
27358
27359
27360
27361
27362
27363
27364
27365
27366
27367
27368
27369
27370
27371
27372
27373
27374
27375
27376
27377
27378
27379
27380
27381
27382
27383
27384
27385
27386
27387
27388
27389
27390
27394
27395
27396
27397
27398
27399
27400
27401
27402
27403
27404
27405
27406
27407
27430
27431
27432
27438
27439
27440
27442
27457
27458
27459
27460
27461
27462
27463
27464
27465
27466
27467
27468
27469
27470
27471
27472
27473
27474
27475
27476
27477
27478
27479
27480
27481
27482
27483
27484
27485
27486
27487
27488
27489
27490
27491
27492
27493
27497
27498
27499
27500
27501
27502
27503
27504
27505
27506
27507
27508
27509
27510
27533
27534
27535
27541
27568
27574
27575
27576
27577
27578
27579
27580
27581
27582
27583
27584
27585
27586
27587
27588
27589
27590
27591
27592
27593
27594
27595
27596
27600
27601
27602
27603
27604
27605
27606
27607
27608
27609
27610
27611
27612
27613
27636
27637
27638
27644
27683
27684
27685
27686
27687
27688
27689
27690
27691
27692
27693
27694
27695
27696
27697
27698
27699
27703
27704
27705
27706
27707
27708
27709
27710
27711
27712
27713
27714
27715
27716
27739
27740
27741
27747
27792
27793
27794
27795
27796
27797
27798
27799
27800
27801
27802
27806
27807
27808
27809
27810
27811
27812
27813
27814
27815
27816
27817
27818
27819
27842
27843
27844
27850
27895
27898
27901
27902
27903
27904
27905
27909
27910
27911
27912
27913
27914
27915
27916
27917
27918
27919
27920
27921
27922
27945
27946
27947
27953
27954
28004
28005
28006
28007
28008
28012
28013
28014
28015
28016
28017
28018
28019
28020
28021
28022
28023
28024
28025
28048
28049
28050
28056
28057
28107
28108
28109
28110
28111
28115
28116
28117
28119
28120
28124
28125
28126
28127
28128
28151
28152
28153
28159
28160
29260
29268
29270
29277
29278
29280
29282
29283
29284
29285
29286
29287
29297
29327
29330
29336
29339
29340
29342
29343
29363
29369
29370
29372
29373
29374
29375
29376
29377
29379
29381
29382
29383
29384
29385
29386
29389
29390
29392
29393
29394
29395
29396
29397
29398
29399
29458
29459
29460
29461
29462
29463
29464
29465
29494
29495
29496
29497
29498
29499
29500
29501
29502
29503
29504
29505
29506
29507
29508
29509
29510
29513
29514
29515
29516
29517
29518
29519
29520
29521
29522
29523
29524
29525
29526
29527
29530
29531
29532
29533
29536
29537
29539
29540
29543
29544
29545
29546
29547
29548
29550
29551
29552
29554
29555
29556
29557
29558
29559
29560
29561
29562
29563
29564
29565
29566
29567
29568
29569
29570
29571
29572
29573
29574
29575
29576
29577
29578
29579
29580
29581
29582
29583
29585
29586
29587
29588
29589
29591
29592
29593
29594
29595
29596
29597
29598
29599
29600
29601
29602
29603
29604
29605
29606
29607
29608
29609
29610
29611
29612
29613
29614
29615
29616
29617
29618
29619
29620
29621
29622
29623
29624
29625
29626
29627
29628
29629
29630
29631
29632
29633
29634
29635
29636
29637
29638
29639
29698
29699
29700
29701
29702
29703
29704
29705
29734
29735
29736
29737
29738
29739
29740
29741
29742
29743
29744
29745
29746
29747
29748
29749
29750
29753
29754
29755
29756
29757
29758
29759
29760
29761
29762
29763
29764
29765
29766
29767
29770
29771
29772
29773
29776
29777
29778
29779
29780
29781
29782
29783
29784
29785
29786
29787
29788
29789
29790
29791
29792
29793
29794
29795
29796
29797
29798
29799
29800
29801
29802
29803
29804
29805
29806
29807
29808
29809
29810
29811
29812
29813
29814
29815
29816
29817
29818
29819
29820
29821
29822
29823
29824
29825
29826
29827
29828
29829
29830
29831
29832
29833
29834
29835
29836
29837
29838
29839
29840
29841
29842
29843
29844
29845
29846
29847
29848
29849
29850
29851
29852
29853
29854
29855
29856
29857
29858
29859
29860
29861
29862
29863
29864
29865
29866
29867
29868
29869
29870
29871
29872
29873
29874
29875
29876
29877
29878
29879
29938
29939
29940
29941
29942
29943
29944
29945
29974
29975
29976
29977
29978
29979
29980
29981
29982
29983
29984
29985
29986
29987
29988
29989
29990
29993
29994
29995
29996
29997
29998
29999
30000
30001
30002
30003
30004
30005
30006
30007
30018
30019
30020
30021
30022
30023
30024
30025
30026
30027
30028
30029
30030
30031
30032
30033
30034
30035
30036
30037
30038
30039
30040
30041
30042
30043
30044
30045
30046
30047
30048
30049
30050
30051
30052
30053
30054
30055
30056
30057
30058
30059
30060
30061
30062
30063
30064
30065
30066
30067
30068
30069
30070
30071
30072
30073
30074
30075
30076
30077
30078
30079
30080
30081
30082
30083
30084
30085
30086
30087
30088
30089
30090
30091
30092
30093
30094
30095
30096
30097
30098
30099
30100
30101
30102
30103
30104
30105
30106
30107
30108
30109
30110
30111
30112
30113
30114
30115
30116
30117
30118
30119
30178
30179
30180
30181
30182
30183
30184
30185
30214
30215
30216
30217
30218
30219
30220
30221
30222
30223
30224
30225
30226
30227
30228
30229
30230
30233
30234
30235
30236
30237
30238
30239
30240
30241
30242
30243
30244
30245
30246
30247
30258
30259
30260
30261
30262
30263
30264
30265
30266
30267
30268
30269
30270
30271
30272
30273
30274
30275
30276
30277
30278
30279
30280
30281
30282
30283
30284
30285
30286
30287
30288
30289
30290
30291
30292
30293
30294
30295
30296
30297
30298
30299
30300
30301
30302
30303
30304
30305
30306
30307
30308
30309
30310
30311
30312
30313
30314
30315
30316
30317
30318
30319
30320
30321
30322
30323
30324
30325
30326
30327
30328
30329
30330
30331
30332
30333
30334
30335
30336
30337
30338
30339
30340
30341
30342
30343
30344
30345
30346
30347
30348
30349
30350
30351
30352
30353
30354
30355
30356
30357
30358
30359
30418
30419
30420
30421
30422
30423
30424
30425
30454
30455
30456
30457
30458
30459
30460
30461
30462
30463
30464
30465
30466
30467
30468
30469
30470
30473
30474
30475
30476
30477
30478
30479
30480
30481
30482
30483
30484
30485
30486
30487
30498
30499
30500
30501
30502
30503
30504
30505
30506
30507
30508
30509
30510
30511
30512
30513
30514
30515
30516
30517
30518
30519
30520
30521
30522
30523
30524
30525
30526
30527
30528
30529
30530
30531
30532
30533
30534
30535
30536
30537
30538
30539
30540
30541
30542
30543
30544
30545
30546
30547
30548
30549
30550
30551
30552
30553
30554
30555
30556
30557
30558
30559
30560
30561
30562
30563
30564
30565
30566
30567
30568
30569
30570
30571
30572
30573
30574
30575
30576
30577
30578
30579
30580
30581
30582
30583
30584
30585
30586
30587
30588
30589
30590
30591
30592
30593
30594
30595
30596
30597
30598
30599
30658
30659
30660
30661
30662
30663
30664
30665
30694
30695
30696
30697
30698
30699
30700
30701
30702
30703
30704
30705
30706
30707
30708
30709
30713
30714
30715
30716
30717
30718
30738
30741
30742
30749
30750
30751
30752
30753
30757
30760
30761
30762
30763
30764
30765
30766
30767
30768
30769
30770
30771
30772
30773
30774
30775
30776
30777
30778
30779
30780
30781
30782
30783
30784
30790
30791
30795
30797
30798
30799
30800
30801
30802
30803
30804
30805
30806
30807
30808
30809
30810
30811
30812
30813
30814
30815
30816
30817
30818
30819
30820
30821
30822
30823
30824
30825
30826
30827
30828
30829
30830
30831
30832
30833
30834
30835
30836
30837
30838
30839
30898
30899
30900
30901
30902
30903
30904
30905
30934
30935
30936
30937
30938
30939
30940
30941
30943
30945
30947
30948
31003
31011
31012
31013
31017
31018
31019
31020
31021
31022
31023
31044
31045
31046
31048
31049
31050
31051
31052
31053
31054
31055
31056
31057
31058
31059
31060
31061
31062
31063
31064
31065
31066
31067
31068
31069
31070
31071
31072
31073
31074
31075
31076
31077
31078
31079
31138
31139
31140
31141
31142
31143
31144
31145
31174
31175
31176
31177
31178
31179
31180
31181
31183
31185
31187
31188
31258
31260
31261
31262
31263
31291
31292
31293
31295
31296
31297
31298
31299
31300
31301
31302
31303
31304
31305
31306
31307
31308
31309
31310
31311
31312
31313
31314
31315
31316
31317
31318
31319
31378
31379
31380
31381
31382
31383
31384
31385
31414
31415
31416
31417
31418
31419
31420
31421
31423
31425
31427
31428
31501
31502
31503
31536
31538
31539
31540
31541
31542
31543
31544
31545
31546
31547
31548
31549
31550
31551
31552
31553
31554
31555
31556
31557
31558
31559
31618
31619
31620
31621
31622
31623
31624
31625
31654
31655
31656
31657
31658
31659
31660
31661
31663
31665
31667
31668
31741
31778
31779
31780
31784
31786
31787
31788
31789
31790
31791
31792
31793
31794
31795
31796
31797
31798
31799
31858
31859
31860
31861
31862
31863
31864
31865
31894
31895
31896
31897
31898
31899
31900
31901
31902
31903
31904
31905
31906
31907
31908
31909
31915
32020
32024
32026
32027
32028
32029
32030
32031
32032
32033
32034
32035
32036
32037
32038
32039
32098
32099
32100
32101
32102
32103
32104
32105
32134
32135
32136
32137
32138
32139
32140
32141
32142
32143
32144
32145
32146
32147
32148
32149
32155
32260
32264
32267
32268
32269
32270
32271
32272
32273
32274
32277
32279
32338
32339
32340
32341
32344
32374
32375
32376
32379
32382
32383
32385
32386
32727
32729
32730
32731
32732
32733
32734
32735
32736
32738
32896
32903
32904
32909
32910
32912
32913
32916
32917
32918
32919
32920
32921
32926
32927
32929
32930
32932
32933
32934
32935
32936
32937
32938
32943
32944
32946
32947
32949
32950
32951
32952
32953
32954
32955
32960
32961
32963
32964
32966
32967
32968
32969
32970
32971
32972
32977
32978
32980
32981
32983
32984
32985
32986
32987
32988
32989
32994
32995
32997
33000
33002
33003
33004
33005
33006
33011
33021
33022
33023
33028
33039
33040
33045
33057
33062
33079
33080
33096
33097
33113
33114
33506
33514
33515
33516
33519
33524
33525
33526
33529
33534
33535
33536
33539
33544
33545
33546
33549
33554
33555
33556
33559
33564
33614
33624
33914
33915
33916
33917
33920
33921
33928
33929
33930
33931
33932
33939
33940
33941
33942
33946
33947
33948
33949
33950
33951
33954
33955
33956
33957
33958
33959
33960
33961
33962
33963
33964
33965
33968
33969
33976
33977
33978
33979
33980
33987
33988
33989
33990
33993
33994
33995
33996
33997
33998
33999
34002
34003
34004
34005
34006
34007
34008
34009
34010
34011
34012
34013
34016
34017
34024
34025
34026
34027
34028
34035
34036
34037
34038
34041
34042
34043
34044
34045
34046
34047
34050
34051
34052
34053
34054
34055
34056
34057
34058
34059
34060
34061
34064
34065
34072
34073
34074
34075
34076
34083
34084
34085
34086
34089
34090
34091
34092
34093
34094
34095
34098
34099
34100
34101
34102
34103
34104
34105
34106
34107
34108
34109
34112
34113
34120
34121
34122
34123
34124
34131
34132
34133
34134
34137
34138
34139
34140
34141
34142
34143
34146
34147
34148
34149
34150
34151
34152
34153
34154
34155
34156
34157
34160
34161
34168
34169
34170
34171
34172
34179
34180
34181
34182
34185
34186
34187
34188
34189
34190
34191
34194
34196
34197
34198
34199
34200
34201
34202
34203
34204
34205
34208
34209
34216
34217
34218
34219
34227
34236
34237
34238
34239
34246
34248
34249
34250
34251
34252
34253
34256
34264
34265
34285
34286
34287
34296
34298
34299
34300
34301
34304
34312
34313
34334
34335
34346
34348
34349
34352
34360
34361
34383
34396
34400
34401
34408
34409
34448
34449
34456
34457
34496
34497
34504
34505
36019
36030
36031
36032
36042
36043
36044
36054
36055
36056
36066
36067
36068
36078
36079
36080
36090
36150
36162
36174
36282
36299
36300
36301
36302
36303
36304
36305
36309
36321
36322
36323
36324
36325
36326
36327
36328
36329
36330
36331
36332
36344
36345
36346
36347
36348
36349
36350
36351
36352
36353
36354
36355
36367
36368
36369
36370
36371
36372
36373
36374
36375
36376
36377
36378
36390
36391
36392
36393
36394
36395
36396
36397
36398
36399
36400
36401
36413
36414
36415
36416
36417
36418
36421
36422
36423
36436
36437
36529
36530
36531
36551
36552
36553
36554
36574
36575
36576
36577
36929
36943
36945
36947
36949
36960
36963
36966
36967
36969
36970
36971
36972
36973
36974
36991
36992
36993
36994
36995
36996
36997
36998
37007
37008
37009
37010
37011
37012
37013
37014
37022
37023
37024
37025
37026
37027
37028
37029
37030
37031
37032
37033
37034
37035
37036
37037
37038
37039
37056
37057
37058
37059
37060
37061
37062
37063
37072
37073
37074
37075
37076
37077
37078
37079
37085
37086
37087
37088
37089
37090
37091
37092
37093
37094
37095
37096
37097
37098
37099
37100
37101
37102
37103
37104
37121
37122
37123
37124
37125
37126
37127
37128
37137
37138
37139
37140
37141
37142
37143
37144
37150
37151
37152
37153
37154
37155
37156
37157
37158
37159
37160
37161
37162
37163
37164
37165
37166
37167
37168
37169
37186
37187
37188
37189
37190
37191
37192
37193
37202
37203
37204
37205
37206
37207
37208
37209
37215
37216
37217
37218
37219
37220
37221
37222
37223
37224
37225
37226
37227
37228
37229
37230
37231
37232
37233
37234
37251
37252
37253
37254
37255
37256
37257
37258
37267
37268
37269
37270
37271
37272
37273
37274
37280
37281
37282
37283
37284
37285
37286
37287
37288
37289
37290
37291
37292
37293
37294
37295
37296
37297
37298
37299
37316
37317
37318
37319
37320
37321
37322
37323
37332
37333
37334
37335
37345
37346
37348
37351
37352
37354
37355
37356
37357
37358
37359
37360
37361
37362
37363
37364
37381
37383
37384
37386
37419
37422
37423
37424
37425
37426
37427
37428
37429
37446
37448
37449
37487
37490
37491
37492
37493
37494
37511
37513
37514
37555
37558
37559
37576
37578
37579
37641
37642
37643
37644
37645
37646
37647
37648
37706
37707
37708
37709
37710
37711
37712
37713
37771
37772
37773
37776
37777
37778
38898
38899
38900
38916
38917
38918
38919
38920
38925
38936
38937
38938
38939
38940
38945
38956
38957
38958
38959
38960
38965
38976
38977
38978
38979
38980
38985
38996
38997
38998
38999
39000
39005
39016
39116
39136
39313
39314
39315
39316
39317
39318
39319
39320
39321
39322
39347
39348
39349
39350
39351
40490
40491
40492
40493
40494
40495
40496
40497
40498
40499
40500
40501
40502
40503
40504
40505
40506
40507
40508
40509
40510
40511
40512
40513
40514
40515
40516
40517
40518
40519
40520
40521
40522
40523
40524
40525
40562
40563
40564
40565
40566
40567
40568
40569
40570
40571
40572
40573
40574
40575
40576
40577
40578
40579
40580
40581
40582
40583
40584
40585
40586
40587
40588
40589
40590
40591
40592
40593
40594
40595
40596
40597
40634
40635
40636
40637
40638
40639
40640
40641
40642
40643
40644
40645
40646
40647
40648
40649
40650
40651
40652
40653
40654
40655
40656
40657
40658
40659
40660
40661
40662
40663
40664
40665
40666
40667
40668
40669
40706
40707
40708
40709
40710
40711
40712
40713
40714
40715
40716
40717
40718
40719
40720
40721
40722
40723
40724
40725
40726
40727
40728
40729
40730
40731
40732
40733
40734
40735
40736
40737
40738
40739
40740
40741
40778
40779
40780
40781
40782
40783
40784
40785
40786
40787
40788
40789
40790
40791
40792
40793
40794
40795
40796
40797
40798
40799
40800
40801
40802
40803
40804
40805
40806
40807
40808
40809
40810
40811
40812
40813
40850
40851
40852
40853
40854
40855
40859
40860
40861
40862
40863
40864
40865
40866
40867
40868
40869
40870
40871
40872
40873
40874
40875
40876
40877
40878
40879
40880
40881
40882
40883
40884
40885
40922
40923
40924
40934
40935
40936
40937
40938
40939
40940
40941
40942
40943
40944
40945
40946
40947
40948
40949
40950
40951
40952
40953
40954
40955
40956
40957
41006
41007
41008
41009
41010
41011
41012
41013
41014
41015
41016
41017
41018
41019
41020
41021
41022
41023
41024
41025
41026
41027
41028
41029
41090
41091
41092
41093
41094
41095
41096
41097
41098
41099
41100
41101
41162
41163
41164
41165
41166
41167
45580
45581
45582
45598
45599
45600
45607
45608
45609
45610
45611
45612
45619
45620
45621
45631
45632
45633
45634
45635
45636
45637
45638
45639
45640
45641
45642
45688
45689
45690
45691
45692
45693
45694
45695
45696
45697
45698
45699
45718
45719
45720
45721
45722
45723
45724
45725
45726
45727
45728
45729
45730
45731
45732
45733
45734
45735
45736
45737
45738
45739
45740
45741
45745
45746
45747
45751
45752
45753
45754
45755
45756
45757
45758
45759
45760
45761
45762
45763
45764
45765
45766
45767
45768
45769
45770
45771
45772
45773
45774
45775
45776
45777
45778
45779
45780
45781
45782
45783
45784
45785
45786
45787
45788
45789
45790
45791
45792
45793
45794
45795
45796
45797
45798
45799
45800
45801
45802
45803
45804
45805
45806
45807
45808
45809
45810
45811
45812
45813
45814
45815
45816
45817
45818
45819
45820
45821
45822
45823
45824
45825
45826
45827
45828
45829
45830
45831
45832
45833
45834
45886
45887
45888
45889
45890
45891
45892
45893
45894
45895
45896
45897
45898
45899
45900
45901
45902
45903
45904
45905
45906
45907
45908
45909
45910
45911
45912
45913
45914
45915
45916
45917
45918
45919
45920
45921
45922
45923
45924
45925
45926
45927
45928
45929
45930
45931
45932
45933
45934
45935
45936
45937
45938
45939
45940
45941
45942
45943
45944
45945
45946
45947
45948
45949
45950
45951
45952
45953
45954
45955
45956
45957
45958
45959
45960
45961
45962
45963
45964
45965
45966
45967
45968
45969
45970
45971
45972
45973
45974
45975
45976
45977
45978
45979
45980
45981
45982
45983
45984
45985
45986
45987
45988
45989
45990
45991
45992
45993
45994
45995
45996
45997
45998
45999
46000
46001
46002
46048
46049
46050
46051
46052
46053
46054
46055
46056
46057
46058
46059
46060
46061
46062
46063
46064
46065
46066
46067
46068
46069
46070
46071
46072
46073
46074
46075
46076
46077
46078
46079
46080
46081
46082
46083
46084
46085
46086
46087
46088
46089
46090
46091
46092
46093
46094
46095
46096
46097
46098
46099
46100
46101
46102
46103
46104
46105
46106
46107
46108
46109
46110
46111
46112
46113
46114
46115
46116
46117
46118
46119
46120
46121
46122
46123
46124
46125
46126
46127
46128
46129
46130
46131
46132
46133
46134
46135
46136
46137
46138
46139
46140
46141
46142
46143
46144
46145
46146
46147
46148
46149
46150
46151
46152
46153
46154
46155
46156
46157
46158
46159
46160
46161
46162
46163
46164
46216
46217
46218
46219
46220
46221
46222
46223
46224
46225
46226
46227
46228
46229
46230
46231
46232
46233
46234
46235
46236
46237
46238
46239
46240
46241
46242
46243
46244
46245
46246
46247
46248
46249
46250
46251
46252
46253
46254
46255
46256
46257
46258
46259
46260
46261
46262
46263
46264
46265
46266
46267
46268
46269
46270
46271
46272
46273
46274
46275
46276
46277
46278
46279
46280
46281
46282
46283
46284
46285
46286
46287
46288
46289
46290
46291
46292
46293
46294
46295
46296
46297
46298
46299
46300
46301
46302
46303
46304
46305
46306
46307
46308
46309
46310
46311
46312
46313
46314
46315
46316
46317
46318
46319
46320
46321
46322
46323
46324
46325
46326
46327
46328
46329
46330
46331
46332
46378
46379
46380
46381
46382
46383
46384
46385
46386
46387
46388
46389
46390
46391
46392
46393
46394
46395
46396
46397
46398
46399
46400
46401
46402
46403
46404
46405
46406
46407
46408
46409
46410
46411
46412
46413
46414
46415
46416
46417
46418
46419
46420
46421
46422
46423
46424
46425
46426
46427
46428
46429
46430
46431
46432
46433
46434
46435
46436
46437
46438
46439
46440
46441
46442
46443
46444
46445
46446
46447
46448
46449
46450
46451
46452
46453
46454
46455
46456
46457
46458
46459
46460
46461
46462
46463
46464
46465
46466
46467
46468
46469
46470
46471
46472
46473
46474
46475
46476
46477
46478
46479
46480
46481
46482
46483
46484
46485
46486
46487
46488
46489
46490
46491
46492
46493
46494
46495
46496
46497
46498
46499
46500
46501
46502
46503
46504
46505
46506
46507
46508
46509
46510
46511
46512
46513
46514
46515
46516
46517
46518
46570
46571
46572
46573
46574
46575
46576
46577
46578
46579
46580
46581
46606
46607
46608
46609
46610
46611
46612
46613
46614
46621
46622
46623
46624
46625
46626
46633
46634
46635
46636
46637
46638
46639
46640
46641
46642
46643
46644
46645
46646
46647
46648
46649
46650
46651
46652
46653
46654
46655
46656
46657
46658
46659
46660
46661
46662
46663
46664
46665
46666
46667
46668
46669
46670
46671
46672
46673
46674
46675
46676
46677
46678
46679
46680
46681
46682
46683
46684
46685
46686
46804
46805
46806
46828
46829
46830
46837
46838
46839
46840
46841
46842
46843
46844
46845
46846
46847
46848
46849
46850
46851
46852
46853
46854
47008
47009
47010
47011
47012
47013
47014
47015
47016
47017
47018
47019
47020
47021
47022
47023
47024
47025
47071
47072
47073
47074
47075
47076
47077
47078
47079
47080
47081
47082
47188
47189
47190
47191
47192
47193
47194
47195
47196
47197
47198
47199
47200
47201
47202
47203
47204
47205
47206
47207
47208
47209
47210
47211
47212
47213
47214
47215
47216
47217
47368
47369
47370
47371
47372
47373
47374
47375
47376
47377
47378
47379
47380
47381
47382
47383
47384
47385
47530
47531
47532
47533
47534
47535
47536
47537
47538
47539
47540
47541
47542
47543
47544
47545
47546
47547
47698
47699
47700
47701
47702
47703
47707
47708
47709
47710
47711
47712
47761
47762
47763
47770
47771
47772
49170
49171
49172
49173
49174
49175
49176
49177
49178
49197
49198
49199
49200
49201
49202
49203
49204
49205
49212
49213
49214
49215
49216
49217
49218
49219
49220
49221
49222
49223
49230
49231
49232
49245
49246
49247
49248
49249
49250
49254
49255
49256
49263
49264
49265
49302
49303
49304
49305
49306
49307
49308
49309
49310
49311
49312
49313
49314
49315
49316
49317
49318
49319
49320
49321
49322
49323
49324
49325
49326
49327
49328
49329
49330
49331
49332
49333
49334
49335
49336
49337
49338
49339
49340
49341
49342
49343
49344
49345
49346
49347
49348
49349
49350
49351
49352
49353
49354
49355
49356
49357
49358
49359
49360
49361
49362
49363
49364
49365
49366
49367
49368
49369
49370
49383
49384
49385
49386
49387
49388
49389
49390
49391
49392
49393
49394
49395
49396
49397
49398
49399
49400
49401
49402
49403
49434
49435
49436
49437
49438
49439
49440
49441
49442
49443
49444
49445
49446
49447
49448
49449
49450
49451
49452
49453
49454
49455
49456
49457
49458
49459
49460
49461
49462
49463
49464
49465
49466
49467
49468
49469
49470
49471
49472
49473
49474
49475
49476
49477
49478
49479
49480
49481
49482
49483
49484
49485
49486
49487
49488
49489
49490
49491
49492
49493
49494
49495
49496
49497
49498
49499
49500
49501
49502
49515
49516
49517
49518
49519
49520
49521
49522
49523
49524
49525
49526
49527
49528
49529
49530
49531
49532
49533
49534
49535
49572
49573
49574
49575
49576
49577
49578
49579
49580
49581
49582
49583
49584
49585
49586
49599
49600
49601
49602
49603
49604
49605
49606
49607
49608
49609
49610
49611
49612
49613
49614
49615
49616
49617
49618
49619
49620
49621
49622
49623
49624
49625
49626
49627
49628
49629
49630
49631
49632
49633
49634
49635
49636
49637
49638
49639
49640
49653
49654
49655
49656
49657
49658
49659
49660
49661
49662
49663
49664
49665
49666
49667
49668
49669
49670
49671
49672
49673
49704
49705
49706
49707
49708
49709
49710
49711
49712
49713
49714
49715
49716
49717
49718
49731
49732
49733
49734
49735
49736
49737
49738
49739
49740
49741
49742
49743
49744
49745
49746
49747
49748
49749
49750
49751
49752
49753
49754
49755
49756
49757
49758
49759
49760
49761
49762
49763
49764
49765
49766
49767
49768
49769
49770
49771
49772
49785
49786
49787
49788
49789
49790
49791
49792
49793
49794
49795
49796
49797
49798
49799
49800
49801
49802
49803
49804
49805
49842
49843
49844
49845
49846
49847
49848
49849
49850
49851
49852
49853
49854
49855
49856
49869
49870
49871
49872
49873
49874
49875
49876
49877
49878
49879
49880
49881
49882
49883
49884
49885
49886
49887
49888
49889
49890
49891
49892
49893
49894
49895
49896
49897
49898
49899
49900
49901
49902
49903
49904
49905
49906
49907
49908
49909
49910
49923
49924
49925
49926
49927
49928
49929
49930
49931
49932
49933
49934
49935
49936
49937
49938
49939
49940
49941
49942
49943
49974
49975
49976
49977
49978
49979
49980
49981
49982
49983
49984
49985
49989
49990
49991
50010
50011
50012
50013
50014
50015
50016
50017
50018
50019
50020
50021
50022
50023
50024
50025
50026
50027
50028
50029
50030
50031
50032
50033
50034
50035
50036
50037
50038
50039
50040
50041
50042
50043
50044
50045
50046
50047
50048
50049
50050
50051
50064
50065
50066
50067
50068
50069
50070
50071
50072
50073
50074
50075
50076
50077
50078
50079
50080
50081
50082
50083
50084
50148
50149
50150
50151
50152
50153
50154
50155
50156
50157
50158
50159
50160
50161
50162
50163
50164
50165
50166
50167
50168
50169
50170
50171
50172
50173
50174
50175
50176
50177
50178
50179
50180
50181
50182
50183
50184
50185
50186
50187
50188
50189
50202
50203
50204
50205
50206
50207
50208
50209
50210
50211
50212
50213
50214
50215
50216
50217
50218
50219
50220
50221
50222
50253
50254
50255
50256
50257
50258
50259
50260
50261
50262
50263
50264
50292
50293
50294
50295
50296
50297
50298
50299
50300
50301
50302
50303
50304
50305
50306
50307
50308
50309
50310
50311
50312
50313
50314
50315
50316
50317
50318
50319
50320
50321
50322
50323
50324
50325
50326
50327
50328
50329
50330
50331
50332
50333
50346
50347
50348
50349
50350
50351
50352
50353
50354
50355
50356
50357
50358
50359
50360
50361
50362
50363
50364
50365
50366
50430
50431
50432
50445
50446
50447
50448
50449
50450
50451
50452
50453
50454
50455
50456
50457
50458
50459
50460
50461
50462
50463
50464
50465
50466
50467
50468
50469
50470
50471
50484
50485
50486
50487
50488
50489
50490
50491
50492
50493
50494
50495
50496
50497
50498
50499
50500
50501
50502
50503
50504
50577
50578
50579
50580
50581
50582
50589
50590
50591
50592
50593
50594
50595
50596
50597
50598
50599
50600
50601
50602
50603
50616
50617
50618
50619
50620
50621
50622
50623
50624
50625
50626
50627
50628
50629
50630
50631
50632
50633
50634
50635
50636
50730
50731
50732
50733
50734
50735
50736
50737
50738
50739
50740
50741
50754
50755
50756
50757
50758
50759
50760
50761
50762
50763
50764
50765
50766
50767
50768
50769
50770
50771
50772
50773
50774
50862
50863
50864
50865
50866
50867
50868
50869
50870
50871
50872
50873
50886
50887
50888
50889
50890
50891
50892
50893
50894
50895
50896
50897
50898
50899
50900
50901
50902
50903
50904
50905
50906
52131
52132
52133
52134
52135
52136
52140
52141
52142
52212
52213
52214
52224
52225
52226
52230
52231
52232
52233
52234
52235
52236
52237
52238
52239
52240
52241
52242
52243
52244
52248
52249
52250
52251
52252
52253
52254
52255
52256
52257
52258
52259
52260
52261
52262
52344
52345
52346
52347
52348
52349
52377
52378
52379
52380
52381
52382
52383
52384
52385
52386
52387
52388
52389
52390
52391
52392
52393
52394
52395
52396
52397
52398
52399
52400
52401
52402
52403
52404
52405
52406
52407
52408
52409
52410
52411
52412
52413
52414
52415
52422
52423
52424
52425
52426
52427
52434
52435
52436
52437
52438
52439
52440
52441
52442
52443
52444
52445
52446
52447
52448
52449
52450
52451
52455
52456
52457
52458
52459
52460
52461
52462
52463
52464
52465
52466
52467
52468
52469
52470
52471
52472
52473
52474
52475
52476
52477
52478
52479
52480
52481
52482
52483
52484
52485
52486
52487
52488
52489
52490
52491
52492
52493
52494
52495
52496
52497
52498
52499
52500
52501
52502
52503
52504
52505
52506
52507
52508
52509
52510
52511
52512
52513
52514
52515
52516
52517
52518
52519
52520
52521
52522
52523
52524
52525
52526
52593
52594
52595
52596
52597
52598
52599
52600
52601
52602
52603
52604
52605
52606
52607
52629
52630
52631
52632
52633
52634
52635
52636
52637
52638
52639
52640
52641
52642
52643
52644
52645
52646
52647
52648
52649
52650
52651
52652
52653
52654
52655
52656
52657
52658
52659
52660
52661
52662
52663
52664
52665
52666
52667
52674
52675
52676
52677
52678
52679
52683
52684
52685
52686
52687
52688
52689
52690
52691
52692
52693
52694
52695
52696
52697
52698
52699
52700
52701
52702
52703
52704
52705
52706
52707
52708
52709
52710
52711
52712
52713
52714
52715
52716
52717
52718
52719
52720
52721
52722
52723
52724
52725
52726
52727
52728
52729
52730
52731
52732
52733
52734
52735
52736
52737
52738
52739
52740
52741
52742
52743
52744
52745
52746
52747
52748
52749
52750
52751
52752
52753
52754
52755
52756
52757
52758
52759
52760
52761
52762
52763
52764
52765
52766
52767
52768
52769
52770
52771
52772
52842
52843
52844
52845
52846
52847
52848
52849
52850
52851
52852
52853
52878
52879
52880
52881
52882
52883
52884
52885
52886
52887
52888
52889
52890
52891
52892
52893
52894
52895
52896
52897
52898
52899
52900
52901
52902
52903
52904
52905
52906
52907
52908
52909
52910
52911
52912
52913
52914
52915
52916
52917
52918
52919
52920
52921
52922
52938
52939
52940
52941
52942
52943
52944
52945
52946
52947
52948
52949
52950
52951
52952
52953
52954
52955
52956
52957
52958
52959
52960
52961
52962
52963
52964
52965
52966
52967
52968
52969
52970
52971
52972
52973
52974
52975
52976
52977
52978
52979
52980
52981
52982
52983
52984
52985
52986
52987
52988
52989
52990
52991
52992
52993
52994
52995
52996
52997
52998
52999
53000
53001
53002
53003
53004
53005
53006
53007
53008
53009
53010
53011
53012
53013
53014
53015
53016
53017
53018
53019
53020
53021
53022
53023
53024
53025
53026
53027
53028
53029
53030
53031
53032
53033
53034
53035
53036
53124
53125
53126
53127
53128
53129
53130
53131
53132
53133
53134
53135
53157
53158
53159
53160
53161
53162
53163
53164
53165
53166
53167
53168
53169
53170
53171
53172
53173
53174
53175
53176
53177
53178
53179
53180
53181
53182
53183
53184
53185
53186
53187
53188
53189
53190
53191
53192
53193
53194
53195
53196
53197
53198
53199
53200
53201
53202
53203
53204
53220
53221
53222
53223
53224
53225
53226
53227
53228
53229
53230
53231
53232
53233
53234
53235
53236
53237
53238
53239
53240
53241
53242
53243
53244
53245
53246
53247
53248
53249
53250
53251
53252
53253
53254
53255
53256
53257
53258
53259
53260
53261
53262
53263
53264
53265
53266
53267
53268
53269
53270
53271
53272
53273
53274
53275
53276
53277
53278
53279
53280
53281
53282
53283
53284
53285
53286
53287
53288
53289
53290
53291
53292
53293
53294
53295
53296
53297
53298
53299
53300
53301
53302
53303
53304
53305
53306
53307
53308
53309
53310
53311
53312
53313
53314
53315
53391
53392
53393
53394
53395
53396
53397
53398
53399
53400
53401
53402
53421
53422
53423
53424
53425
53426
53427
53428
53429
53430
53431
53432
53433
53434
53435
53436
53437
53438
53439
53440
53441
53442
53443
53444
53445
53446
53447
53463
53464
53465
53466
53467
53468
53469
53470
53471
53472
53473
53474
53475
53476
53477
53478
53479
53480
53481
53482
53483
53484
53485
53486
53487
53488
53489
53490
53491
53492
53493
53494
53495
53496
53497
53498
53499
53500
53501
53502
53503
53504
53505
53506
53507
53508
53509
53510
53511
53512
53513
53514
53515
53516
53517
53518
53519
53520
53521
53522
53523
53524
53525
53526
53527
53528
53529
53530
53531
53532
53533
53534
53535
53536
53537
53538
53539
53540
53541
53542
53543
53544
53545
53546
53547
53548
53549
53550
53551
53552
53553
53554
53555
53556
53557
53558
53559
53560
53561
53562
53563
53564
53646
53647
53648
53649
53650
53651
53652
53653
53654
53655
53656
53657
53658
53659
53660
53673
53674
53675
53676
53677
53678
53679
53680
53681
53682
53683
53684
53685
53686
53687
53688
53689
53690
53691
53692
53693
53694
53695
53696
53697
53698
53699
53700
53701
53702
53718
53719
53720
53727
53728
53729
53739
53740
53741
53742
53743
53744
53745
53746
53747
53748
53749
53750
53757
53758
53759
53760
53761
53762
53763
53764
53765
53766
53767
53768
53769
53770
53771
53772
53773
53774
53775
53776
53777
53778
53779
53780
53781
53782
53783
53784
53785
53786
53787
53788
53789
53790
53791
53792
53793
53794
53795
53796
53797
53798
53799
53800
53801
53802
53803
53804
53805
53806
53807
53889
53890
53891
53892
53893
53894
53895
53896
53897
53898
53899
53900
53922
53923
53924
53925
53926
53927
53931
53932
53933
53934
53935
53936
53937
53938
53939
54006
54007
54008
54018
54019
54020
54021
54022
54023
54030
54031
54032
54033
54034
54035
54036
54037
54038
54039
54040
54041
54042
54043
54044
54045
54046
54047
54048
54049
54050
54051
54052
54053
54054
54055
54056
54057
54058
54059
54060
54061
54062
54063
54064
54065
54141
54142
54143
54144
54145
54146
54147
54148
54149
54150
54151
54152
54153
54154
54155
54156
54157
54158
54159
54160
54161
54165
54166
54167
54168
54169
54170
54171
54172
54173
54174
54175
54176
54273
54274
54275
54276
54277
54278
54279
54280
54281
54282
54283
54284
54285
54286
54287
54288
54289
54290
54291
54292
54293
54294
54295
54296
54297
54298
54299
54300
54301
54302
54384
54385
54386
54387
54388
54389
54417
54418
54419
54420
54421
54422
54423
54424
54425
54426
54427
54428
54438
54439
54440
54441
54442
54443
54444
54445
54446
54447
54448
54449
54546
54547
54548
54549
54550
54551
54552
54553
54554
54555
54556
54557
54558
54559
54560
54561
54562
54563
54564
54565
54566
54633
54634
54635
54636
54637
54638
54639
54640
54641
54642
54643
54644
54645
54646
54647
54669
54670
54671
54672
54673
54674
54684
54685
54686
54687
54688
54689
54690
54691
54692
54693
54694
54695
54699
54700
54701
54792
54793
54794
54795
54796
54797
54798
54799
54800
54801
54802
54803
54804
54805
54806
54807
54808
54809
54810
54811
54812
54882
54883
54884
54885
54886
54887
54888
54889
54890
54891
54892
54893
54918
54919
54920
54921
54922
54923
54924
54925
54926
54927
54928
54929
54930
54931
54932
54933
54934
54935
54936
54937
54938
54939
54940
54941
54942
54943
54944
54945
54946
54947
54948
54949
54950
54951
54952
54953
54954
54955
54956
54957
54958
54959
54960
54961
54962
55047
55048
55049
55050
55051
55052
55059
55060
55061
55062
55063
55064
55065
55066
55067
55068
55069
55070
55071
55072
55073
55074
55075
55076
55164
55165
55166
55167
55168
55169
55170
55171
55172
55173
55174
55175
55197
55198
55199
55200
55201
55202
55203
55204
55205
55206
55207
55208
55209
55210
55211
55212
55213
55214
55215
55216
55217
55218
55219
55220
55221
55222
55223
55224
55225
55226
55227
55228
55229
55230
55231
55232
55233
55234
55235
55236
55237
55238
55239
55240
55241
55242
55243
55244
55335
55336
55337
55338
55339
55340
55341
55342
55343
55344
55345
55346
55347
55348
55349
55350
55351
55352
55353
55354
55355
55431
55432
55433
55434
55435
55436
55437
55438
55439
55440
55441
55442
55461
55462
55463
55464
55465
55466
55467
55468
55469
55473
55474
55475
55476
55477
55478
55482
55483
55484
56325
56326
56327
56328
56329
56330
56331
56332
56333
56334
56335
56336
56337
56338
56339
56346
56347
56348
56349
56350
56351
56352
56353
56354
56355
56356
56357
56358
56359
56360
56361
56362
56363
56364
56365
56366
56367
56368
56369
56379
56380
56381
56382
56383
56384
56385
56386
56387
56388
56389
56390
56391
56392
56393
56394
56395
56396
56397
56398
56399
56400
56401
56402
56403
56404
56405
56418
56419
56420
56421
56422
56423
56424
56425
56426
56427
56428
56429
56430
56431
56432
56433
56434
56435
56436
56437
56438
56442
56443
56444
56445
56446
56447
56457
56458
56459
56460
56461
56462
56463
56464
56465
56466
56467
56468
56472
56473
56474
56475
56476
56477
56490
56491
56492
56493
56494
56495
56496
56497
56498
56505
56506
56507
56517
56518
56519
56520
56521
56522
56523
56524
56525
56526
56527
56528
56529
56530
56531
56532
56533
56534
56535
56536
56537
56553
56554
56555
56556
56557
56558
56559
56560
56561
56562
56563
56564
56565
56566
56567
56583
56584
56585
56586
56587
56588
56589
56590
56591
56592
56593
56594
56595
56596
56597
56613
56614
56615
56616
56617
56618
56619
56620
56621
56622
56623
56624
56625
56626
56627
56646
56647
56648
56649
56650
56651
56652
56653
56654
56655
56656
56657
56658
56659
56660
56661
56662
56663
56685
56686
56687
56688
56689
56690
56697
56698
56699
56700
56701
56702
56703
56704
56705
56724
56725
56726
56727
56728
56729
56730
56731
56732
56733
56734
56735
58579
58580
58581
58612
58613
58614
58615
58616
58617
58621
58622
58623
58624
58625
58626
58627
58628
58629
58630
58631
58632
58642
58643
58644
58648
58649
58650
58651
58652
58653
58654
58655
58656
58657
58658
58659
58663
58664
58665
58666
58667
58668
58690
58691
58692
58693
58694
58695
58696
58697
58698
58699
58700
58701
58714
58715
58716
58717
58718
58719
58720
58721
58722
58723
58724
58725
58726
58727
58728
58729
58730
58731
58732
58733
58734
58744
58745
58746
58747
58748
58749
58750
58751
58752
58753
58754
58755
58756
58757
58758
58759
58760
58761
58762
58763
58764
58765
58766
58767
58768
58769
58770
58795
58796
58797
58798
58799
58800
58801
58802
58803
58819
58820
58821
58822
58823
58824
58825
58826
58827
58828
58829
58830
58831
58832
58833
58834
58835
58836
58843
58844
58845
58846
58847
58848
58849
58850
58851
58852
58853
58854
58855
58856
58857
58858
58859
58860
58861
58862
58863
58864
58865
58866
58867
58868
58869
58870
58871
58872
58873
58874
58875
58876
58877
58878
58879
58880
58881
58903
58904
58905
58906
58907
58908
58909
58910
58911
58918
58919
58920
58921
58922
58923
58924
58925
58926
58927
58928
58929
58930
58931
58932
58933
58934
58935
58936
58937
58938
58939
58940
58941
58951
58952
58953
58954
58955
58956
58957
58958
58959
58960
58961
58962
58963
58964
58965
58966
58967
58968
58969
58970
58971
58972
58973
58974
58975
58976
58977
58978
58979
58980
59002
59003
59004
59005
59006
59007
59008
59009
59010
59011
59012
59013
59023
59024
59025
59026
59027
59028
59029
59030
59031
59032
59033
59034
59035
59036
59037
59038
59039
59040
59041
59042
59043
59050
59051
59052
59053
59054
59055
59056
59057
59058
59059
59060
59061
59062
59063
59064
59065
59066
59067
59068
59069
59070
59071
59072
59073
59074
59075
59076
59077
59078
59079
59080
59081
59082
59083
59084
59085
59113
59114
59115
59116
59117
59118
59119
59120
59121
59140
59141
59142
59143
59144
59145
59146
59147
59148
59149
59150
59151
59152
59153
59154
59155
59156
59157
59158
59159
59160
59161
59162
59163
59173
59174
59175
59176
59177
59178
59179
59180
59181
59182
59183
59184
59185
59186
59187
59188
59189
59190
59191
59192
59193
59194
59195
59196
59224
59225
59226
59227
59228
59229
59230
59231
59232
59233
59234
59235
59260
59261
59262
59263
59264
59265
59266
59267
59268
59290
59291
59292
59293
59294
59295
59296
59297
59298
59299
59300
59301
59302
59303
59304
59305
59306
59307
59308
59309
59310
59311
59312
59313
59314
59315
59316
59317
59318
59319
59320
59321
59322
59344
59345
59346
59347
59348
59349
59350
59351
59352
59353
59354
59355
59356
59357
59358
59407
59408
59409
59410
59411
59412
59413
59414
59415
59416
59417
59418
59419
59420
59421
59422
59423
59424
59425
59426
59427
59428
59429
59430
59431
59432
59433
59434
59435
59436
59437
59438
59439
59461
59462
59463
59464
59465
59466
59467
59468
59469
59470
59471
59472
59473
59474
59475
59533
59534
59535
59539
59540
59541
59542
59543
59544
59545
59546
59547
59548
59549
59550
59551
59552
59553
59554
59555
59556
59578
59579
59580
59581
59582
59583
59584
59585
59586
59587
59588
59589
59650
59651
59652
59653
59654
59655
59656
59657
59658
59683
59684
59685
59686
59687
59688
59689
59690
59691
59758
59759
59760
59767
59768
59769
59791
59792
59793
59794
59795
59796
59797
59798
59799
59806
59807
59808
59890
59891
59892
59893
59894
59895
59896
59897
59898
59899
59900
59901
59911
59912
59913
59971
59972
59973
60001
60002
60003
60004
60005
60006
60547
60548
60549
60571
60572
60573
60574
60575
60576
60577
60578
60579
60580
60581
60582
60583
60584
60585
60622
60623
60624
60625
60626
60627
60628
60629
60630
60631
60632
60633
60634
60635
60636
60637
60638
60639
60640
60641
60642
60688
60689
60690
60691
60692
60693
60694
60695
60696
60697
60698
60699
60721
60722
60723
60727
60728
60729
60730
60731
60732
60733
60734
60735
60736
60737
60738
60763
60764
60765
60766
60767
60768
60769
60770
60771
60775
60776
60777
60778
60779
60780
60781
60782
60783
60823
60824
60825
60826
60827
60828
60835
60836
60837
60838
60839
60840
60868
60869
60870
60871
60872
60873
60874
60875
60876
60883
60884
60885
60925
60926
60927
60934
60935
60936
60955
60956
60957
60964
60965
60966
60967
60968
60969
61006
61007
61008
61009
61010
61011
61018
61019
61020
61021
61022
61023
61024
61025
61026
61072
61073
61074
61081
61082
61083
61105
61106
61107
61114
61115
61116
61117
61118
61119
61147
61148
61149
61150
61151
61152
61153
61154
61155
61675
61676
61677
61693
61694
61695
61696
61697
61698
61699
61700
61701
61702
61703
61704
61759
61760
61761
61771
61772
61773
61774
61775
61776
61777
61778
61779
61780
61781
61782
61783
61784
61785
61786
61787
61788
61789
61790
61791
61792
61793
61794
61795
61796
61797
61798
61799
61800
61801
61802
61803
61804
61805
61806
61807
61808
61809
61810
61811
61812
61867
61868
61869
61876
61877
61878
61879
61880
61881
61882
61883
61884
61885
61886
61887
61888
61889
61890
61891
61892
61893
61894
61895
61896
61897
61898
61899
61900
61901
61902
61903
61904
61905
61906
61907
61908
61909
61910
61911
61912
61913
61914
61966
61967
61968
61969
61970
61971
61972
61973
61974
61975
61976
61977
61978
61979
61980
61981
61982
61983
61984
61985
61986
61987
61988
61989
61990
61991
61992
61993
61994
61995
61996
61997
61998
61999
62000
62001
62056
62057
62058
62059
62060
62061
62062
62063
62064
62065
62066
62067
62068
62069
62070
62071
62072
62073
62074
62075
62076
62077
62078
62079
62080
62081
62082
62083
62084
62085
62086
62087
62088
62089
62090
62091
62092
62093
62094
62095
62096
62097
62152
62153
62154
62155
62156
62157
62158
62159
62160
62161
62162
62163
62164
62165
62166
62167
62168
62169
62170
62171
62172
62173
62174
62175
62176
62177
62178
62179
62180
62181
62182
62183
62184
62185
62186
62187
62188
62189
62190
62239
62240
62241
62248
62249
62250
62251
62252
62253
62254
62255
62256
62266
62267
62268
62269
62270
62271
62272
62273
62274
62275
62276
62277
62278
62279
62280
62281
62282
62283
62284
62285
62286
62287
62288
62289
62341
62342
62343
62362
62363
62364
62365
62366
62367
62368
62369
62370
62371
62372
62373
62374
62375
62376
62425
62426
62427
62437
62438
62439
62464
62465
62466
62467
62468
62469
62470
62471
62472
62473
62474
62475
62530
62531
62532
62542
62543
62544
62578
62579
62580
62581
62582
62583
62638
62639
62640
62647
62648
62649
62737
62738
62739
62740
62741
62742
62743
62744
62745
62827
62828
62829
62830
62831
62832
62833
62834
62835
62923
62924
62925
62926
62927
62928
)


// ************************************************************************* //
