/*--------------------------------*- C++ -*----------------------------------*\
  =========                 |
  \\      /  F ield         | OpenFOAM: The Open Source CFD Toolbox
   \\    /   O peration     | Website:  https://openfoam.org
    \\  /    A nd           | Version:  10
     \\/     M anipulation  |
\*---------------------------------------------------------------------------*/
FoamFile
{
    format      ascii;
    class       faceSet;
    location    "constant/polyMesh/sets";
    object      layerFaces;
}
// * * * * * * * * * * * * * * * * * * * * * * * * * * * * * * * * * * * * * //


2785
(
24577 
16385 
24578 
24579 
20483 
16387 
24581 
16390 
24584 
24586 
20490 
16394 
24589 
20494 
24593 
16401 
16404 
20501 
20503 
24600 
16409 
20506 
24603 
16412 
20510 
24608 
16417 
24610 
24613 
20517 
24614 
16422 
24615 
24617 
20521 
24620 
16431 
20528 
24625 
20531 
16435 
20536 
24634 
16442 
20539 
24637 
16447 
20544 
24642 
20547 
24645 
20552 
16456 
24650 
24651 
24652 
20556 
16460 
24655 
20563 
16467 
24660 
24663 
20567 
16471 
24668 
20574 
16478 
24671 
16481 
20578 
24676 
16486 
24679 
20585 
16490 
24684 
20588 
24685 
24686 
24688 
20593 
16497 
24691 
16500 
20597 
24696 
16505 
20604 
16508 
20607 
24705 
16513 
24708 
20612 
16516 
20614 
24713 
20617 
16521 
16523 
24716 
20621 
16526 
24721 
16530 
24723 
20628 
24726 
24728 
20632 
16537 
24731 
16539 
24732 
24733 
24734 
16542 
24735 
20639 
24737 
16546 
20643 
24740 
24743 
16553 
20650 
24748 
16556 
24750 
20654 
24753 
16561 
24754 
24755 
24756 
16564 
24757 
20661 
24759 
20664 
16569 
24762 
24764 
20669 
16574 
24767 
20673 
24770 
24775 
16583 
20680 
24778 
20683 
16587 
24783 
24784 
20688 
24785 
16594 
24787 
20693 
24790 
16599 
24792 
24795 
24796 
24797 
20702 
24800 
16608 
20706 
16611 
24805 
24806 
24807 
16616 
24809 
20713 
20715 
24812 
24813 
16621 
24814 
20718 
24816 
20720 
24819 
20723 
24822 
16630 
20727 
16634 
24827 
24829 
20734 
24832 
16641 
20738 
24835 
16645 
24840 
20745 
24842 
20748 
16652 
24845 
24848 
16656 
20753 
20755 
24853 
20758 
24855 
16663 
20760 
24858 
16666 
24859 
20763 
24860 
24862 
20766 
16671 
24865 
16674 
24867 
20771 
24870 
20775 
16679 
24872 
24875 
16683 
24878 
20782 
20784 
16690 
24883 
20787 
24885 
20789 
16693 
24888 
20792 
24890 
20794 
16698 
24893 
20797 
16701 
24894 
24895 
20801 
24898 
16706 
16709 
24903 
20808 
24905 
16714 
24908 
16716 
20813 
24910 
16719 
24913 
24914 
24915 
16723 
24917 
20822 
24920 
20824 
24922 
16730 
20827 
20828 
16732 
24925 
20829 
20831 
16735 
24928 
20834 
20835 
16739 
20836 
24933 
20837 
20838 
24937 
20841 
16746 
16749 
20846 
24944 
20848 
16754 
24947 
20851 
20852 
20853 
16757 
20855 
24952 
24953 
24954 
20858 
16762 
24956 
20860 
16766 
24959 
20863 
20865 
24962 
20868 
16773 
20870 
24967 
20873 
24970 
20874 
16778 
20875 
20877 
24975 
20880 
24977 
20882 
16787 
24980 
24981 
20885 
24982 
16791 
24985 
20889 
24990 
16798 
20896 
24993 
20899 
16803 
24998 
20904 
25001 
20905 
20906 
20908 
16812 
25006 
20911 
16816 
25009 
20913 
20916 
25014 
16823 
25017 
20921 
16827 
25022 
25023 
25024 
20930 
16834 
25028 
20933 
16837 
20938 
16842 
25035 
20940 
25038 
16846 
20943 
20945 
25043 
20948 
25045 
16853 
20951 
25048 
16857 
25050 
20956 
25053 
25055 
20959 
16864 
25058 
25059 
16867 
25060 
20964 
25061 
25062 
20967 
16872 
25065 
16875 
20972 
25070 
20975 
25072 
16880 
25075 
16883 
25076 
20980 
25077 
20981 
25078 
20982 
25079 
25080 
20984 
16888 
16890 
20987 
16893 
20992 
16897 
16904 
21001 
16906 
21004 
16909 
21009 
16913 
21011 
21014 
21016 
16920 
21019 
16923 
21021 
21024 
16928 
21026 
16931 
21029 
21030 
21031 
16936 
21034 
16941 
21039 
21041 
21044 
21045 
21046 
16950 
21047 
21048 
21050 
16955 
21053 
21055 
21058 
16964 
21061 
16968 
21066 
21068 
21071 
16975 
21074 
16980 
21079 
21082 
16989 
21087 
21089 
16993 
21092 
21095 
17000 
21100 
17004 
21103 
17011 
21108 
21109 
21110 
17014 
21112 
21115 
17019 
21117 
17022 
21120 
21122 
17027 
21125 
17031 
21128 
21133 
17038 
21135 
17041 
21138 
21141 
17046 
17049 
21146 
21147 
21148 
17054 
21151 
17057 
21156 
21158 
17062 
17064 
21161 
21163 
17067 
21166 
17071 
21168 
21171 
21172 
21173 
17078 
21176 
17080 
17083 
21181 
21182 
21183 
17087 
21186 
17094 
21191 
17097 
21195 
17102 
17105 
21202 
21205 
17110 
21210 
21211 
17115 
21212 
21216 
17124 
21223 
17127 
21226 
17132 
21231 
17136 
21234 
21239 
17143 
21240 
21241 
17147 
21244 
21249 
17154 
21252 
17158 
21257 
21260 
17165 
21265 
17170 
21268 
21273 
17179 
21276 
17183 
21281 
21282 
21283 
17190 
21288 
17194 
21297 
17201 
21300 
17204 
21305 
17209 
21308 
17213 
21313 
21315 
17220 
21318 
17223 
21320 
21323 
21324 
17228 
21325 
21326 
21327 
17231 
21328 
21329 
21332 
17236 
17239 
21337 
21339 
17244 
21342 
17246 
21343 
21344 
17249 
21346 
21349 
17253 
21351 
21354 
21355 
21356 
17260 
21358 
17262 
21361 
17265 
21364 
17269 
21369 
21371 
17276 
21374 
17279 
21377 
17284 
21382 
17287 
21385 
17292 
21390 
21392 
17297 
21395 
21398 
17306 
21403 
21406 
17310 
21411 
21412 
21413 
17317 
21415 
21418 
17322 
21420 
21423 
21425 
17331 
21428 
21431 
17335 
21436 
21438 
17342 
21441 
17346 
21444 
21449 
17353 
21450 
21451 
17357 
21454 
21459 
17364 
21461 
17367 
21464 
21466 
17372 
21469 
21471 
17376 
21474 
21476 
21479 
17383 
21480 
21481 
17386 
21484 
17391 
21489 
17394 
21493 
17399 
17402 
21500 
21503 
17407 
17409 
21508 
17412 
21509 
21510 
21512 
17416 
21515 
21516 
21517 
21519 
17423 
17425 
21522 
17428 
21525 
17432 
21530 
21535 
17439 
17442 
17447 
21544 
21546 
17450 
21549 
21551 
17455 
21554 
17460 
21559 
17469 
21568 
17473 
21571 
21576 
17480 
21577 
21578 
21580 
17484 
21583 
21585 
17491 
21588 
21590 
17496 
21593 
21595 
21598 
17505 
21603 
17509 
21612 
17516 
21615 
17520 
21620 
21622 
17527 
21625 
21627 
17531 
21630 
21632 
17538 
21635 
21636 
21637 
17541 
21639 
21642 
17546 
21645 
17551 
21650 
21652 
21655 
21656 
17560 
21657 
21658 
21659 
17564 
21661 
21664 
21665 
21666 
17571 
21668 
21671 
17575 
21674 
17582 
21679 
21680 
21681 
21682 
17586 
21683 
21685 
21688 
17593 
21691 
17596 
21696 
17601 
21698 
17604 
21701 
21704 
17609 
17612 
21709 
21712 
17617 
17619 
21717 
17622 
21720 
17626 
21725 
21728 
17633 
17635 
21733 
21734 
17638 
21735 
21737 
17642 
21740 
21742 
21745 
17649 
21747 
17652 
21750 
21753 
17657 
17660 
21758 
21760 
17665 
21763 
17669 
21766 
21771 
21772 
17676 
21773 
17679 
21776 
17684 
21781 
21783 
17689 
21786 
21788 
21791 
21792 
21793 
17698 
21796 
17702 
21801 
21803 
17709 
21806 
17713 
21810 
17720 
21817 
21820 
17724 
21825 
21827 
17731 
21830 
17734 
21831 
21832 
21834 
17739 
21837 
17744 
21842 
17753 
21851 
17757 
21854 
21859 
17764 
21862 
17768 
21867 
21868 
21869 
17775 
21872 
17778 
21877 
17783 
21880 
17786 
21885 
17791 
21888 
17794 
21893 
17799 
21896 
17801 
17804 
21901 
21902 
21903 
17808 
21905 
21908 
17815 
21913 
17817 
17820 
17824 
21922 
21925 
17831 
21930 
17834 
21933 
17839 
21938 
17842 
21940 
21943 
17847 
21945 
21948 
17852 
21949 
21950 
21951 
21952 
21954 
21957 
17861 
21960 
17865 
21965 
21967 
17872 
21970 
21971 
21972 
21973 
17877 
21974 
21976 
21979 
21981 
17886 
21984 
21986 
17890 
21989 
21990 
21991 
21993 
17897 
21996 
17901 
21999 
22004 
17908 
22006 
17911 
22009 
22012 
17916 
17919 
22017 
22020 
17924 
22025 
17929 
22027 
22030 
22033 
17938 
22038 
17943 
22041 
22046 
22047 
22048 
17952 
22050 
17956 
22053 
22055 
22058 
17963 
22060 
17966 
22063 
22066 
17971 
17974 
22071 
22073 
17979 
22076 
17982 
22079 
17987 
22084 
22085 
17989 
22086 
17992 
22089 
17996 
22094 
22096 
22099 
18003 
22101 
18005 
22104 
18008 
22106 
18012 
22109 
22111 
22114 
22115 
18019 
22116 
22118 
18022 
22121 
22122 
22123 
18027 
22126 
18030 
22131 
18035 
22133 
22136 
18040 
22139 
22144 
18049 
22146 
22149 
18053 
22152 
18060 
22157 
18065 
22162 
18074 
22171 
22173 
18077 
22176 
22178 
18082 
22181 
18087 
22184 
22189 
22191 
18096 
22194 
18100 
22197 
22202 
18107 
22205 
18111 
22210 
22212 
18118 
22215 
22217 
18122 
22220 
22224 
18129 
18132 
22231 
18137 
22236 
18142 
22245 
22247 
18151 
22250 
18154 
22252 
22255 
18159 
22257 
18163 
22260 
22261 
22262 
22263 
22264 
18170 
22267 
18174 
22272 
22274 
22277 
18181 
22278 
22279 
22280 
18184 
22281 
22283 
18189 
22286 
22288 
18192 
22291 
22292 
22293 
18197 
22295 
18200 
22298 
22301 
18205 
18207 
22306 
18210 
22308 
18214 
22311 
22314 
18221 
22319 
18223 
22322 
18226 
18230 
22327 
22329 
22332 
18237 
22335 
18240 
22340 
18245 
22343 
18248 
22348 
22349 
18253 
22350 
22352 
18257 
22355 
22357 
22360 
18264 
22362 
22365 
18269 
22368 
22373 
18278 
22375 
14184 
22378 
18282 
14188 
22381 
18289 
22386 
22387 
14195 
22388 
18294 
22391 
14200 
22396 
22398 
18303 
22401 
14209 
22403 
18307 
22406 
14214 
22407 
22408 
22410 
18314 
22413 
18318 
14223 
22417 
14228 
18325 
22424 
18328 
22427 
18333 
14237 
22432 
22433 
22434 
18338 
14242 
22437 
22442 
18347 
14251 
22444 
22447 
18351 
14256 
22449 
22452 
18358 
22455 
14265 
18362 
22460 
14270 
22464 
18369 
18372 
22471 
14279 
22473 
18377 
22476 
18380 
14284 
22478 
22481 
18385 
18388 
14293 
22486 
18393 
14298 
18395 
18398 
22495 
22498 
18402 
14307 
22503 
14312 
22505 
18409 
18411 
22508 
18414 
22511 
14321 
18418 
22516 
22518 
14326 
22521 
18425 
22522 
22523 
18428 
22525 
14335 
22528 
18433 
18436 
14340 
22533 
18441 
14349 
22542 
18446 
22545 
14354 
22550 
18455 
22552 
22555 
14363 
18460 
22557 
22560 
14368 
22562 
22565 
18469 
22566 
22567 
18473 
14377 
22570 
14382 
22575 
18480 
22577 
22580 
22581 
18485 
22582 
22583 
14391 
22584 
22586 
14396 
22589 
18494 
22591 
22594 
18498 
14405 
22598 
18505 
14410 
22605 
18509 
22608 
14419 
18516 
22613 
22614 
22615 
18519 
14423 
22617 
22620 
18524 
22622 
14430 
22625 
18529 
22627 
14435 
22630 
22632 
18538 
22635 
14444 
22638 
18542 
14449 
22643 
22645 
18549 
22648 
18552 
14458 
22651 
18557 
14462 
22656 
18560 
22659 
18565 
14469 
22664 
18568 
14474 
22667 
18573 
18575 
22672 
18578 
22675 
14483 
18582 
22680 
14488 
22681 
22682 
22684 
18589 
22687 
18591 
22689 
14497 
18594 
22692 
18597 
22694 
14502 
22697 
18602 
22700 
18605 
14511 
22705 
18610 
22707 
18612 
14516 
22710 
18615 
22713 
18619 
14525 
22718 
22719 
22720 
18626 
14530 
22723 
18631 
22728 
22730 
14539 
22733 
22735 
18640 
22738 
18643 
22740 
14548 
22743 
22744 
18648 
14552 
22745 
18652 
22749 
14559 
18659 
22756 
14564 
22758 
18662 
22761 
18667 
22764 
14573 
18671 
22769 
14577 
22773 
18678 
14584 
18682 
22780 
14589 
22783 
18689 
22788 
18692 
22789 
22790 
14598 
22793 
18697 
14601 
18700 
22798 
14606 
22800 
18705 
14610 
22803 
18709 
22807 
14617 
18716 
14621 
22814 
18719 
22817 
18724 
14628 
22822 
18728 
22825 
14633 
22830 
22831 
18735 
22832 
18737 
14642 
22835 
18740 
14646 
18743 
22840 
22843 
18748 
14653 
18751 
22848 
14658 
22851 
18756 
22856 
18760 
22859 
14667 
14670 
18767 
22864 
18770 
22867 
14675 
18775 
14679 
22872 
22873 
22874 
18778 
14686 
22879 
18783 
18786 
14690 
18791 
22888 
14697 
18794 
22891 
14702 
18799 
22896 
18802 
22899 
18807 
14711 
22904 
22906 
18810 
14715 
22909 
22911 
18815 
22914 
14722 
22915 
18819 
22916 
22917 
22918 
14727 
22921 
18826 
18828 
22926 
18831 
22928 
14736 
18834 
22931 
14739 
22932 
22933 
22935 
18839 
14744 
22938 
18842 
22940 
14748 
22943 
18847 
22945 
18850 
14755 
22948 
22951 
18855 
14759 
18858 
22956 
14766 
22959 
18863 
18866 
14771 
22964 
22965 
22966 
18871 
22970 
18874 
14780 
18879 
14784 
22977 
22979 
18883 
22982 
22983 
14791 
22984 
18890 
22987 
14796 
22992 
22994 
18899 
22997 
14805 
18902 
22999 
14808 
23002 
18907 
23004 
14813 
18910 
23007 
23009 
14817 
18915 
23012 
18918 
23015 
14824 
18923 
23020 
14828 
18925 
23022 
18928 
23025 
18931 
14835 
23028 
18936 
14840 
23033 
23036 
18940 
23041 
14849 
23043 
18947 
14853 
23046 
18952 
23049 
14860 
23054 
23057 
18961 
14865 
18964 
23062 
23063 
23064 
18969 
23066 
14874 
23069 
18973 
14877 
23071 
23074 
14882 
23076 
18980 
14886 
23079 
18983 
23082 
18988 
14893 
23087 
23089 
18993 
14897 
23092 
23095 
14904 
19002 
23100 
23101 
19005 
14909 
23102 
23105 
19010 
19013 
23110 
14918 
23112 
19018 
14922 
23115 
23117 
19022 
23120 
14929 
23122 
23125 
19029 
14934 
23127 
19032 
23130 
23131 
23132 
19037 
14943 
23136 
19041 
14946 
23143 
14951 
19048 
23145 
14955 
23148 
19052 
23151 
14962 
19059 
23156 
23158 
19062 
14966 
23161 
19067 
23165 
14973 
19072 
14978 
23172 
23174 
23177 
19081 
14987 
23180 
19084 
14991 
23185 
19089 
23187 
19092 
23190 
14998 
23193 
19097 
15003 
19101 
23198 
23202 
19108 
15012 
19111 
15015 
23209 
23211 
19116 
15020 
23214 
23216 
19120 
15024 
23219 
23222 
19127 
15031 
19130 
23227 
15035 
23229 
19135 
23232 
19138 
15042 
23235 
19143 
15047 
23240 
23243 
19147 
23248 
15056 
19154 
23251 
15060 
19159 
23256 
23258 
15067 
23261 
23263 
19168 
15072 
23266 
19171 
23270 
19176 
15081 
19178 
15084 
23277 
19181 
19183 
15089 
23282 
19186 
19189 
15093 
19194 
23291 
15100 
23293 
19197 
23296 
15104 
23297 
23298 
19202 
23300 
19206 
23303 
15111 
23304 
23305 
23306 
23307 
15116 
19213 
23310 
19218 
23315 
23317 
15125 
23320 
23321 
15129 
23322 
19227 
23324 
19230 
23327 
15136 
23329 
19235 
23332 
19237 
15141 
23334 
19240 
23337 
23340 
19244 
15150 
23345 
15153 
19251 
23348 
19254 
15158 
23353 
23354 
15162 
23355 
19259 
23358 
19262 
15169 
23363 
19267 
23364 
23365 
15173 
23367 
19272 
23370 
23372 
15180 
23375 
23377 
19281 
15185 
23380 
19284 
23382 
23385 
19289 
15194 
19291 
23388 
19294 
15198 
23393 
19297 
23395 
15205 
23398 
19302 
23401 
19305 
15210 
23406 
19310 
23409 
19314 
15219 
23414 
15222 
23416 
19321 
23419 
15227 
19325 
23422 
15231 
23427 
19332 
23430 
15238 
19335 
15242 
23435 
23436 
19340 
23437 
23439 
19345 
15249 
23442 
23444 
15254 
23447 
23449 
19354 
23452 
19357 
23455 
15263 
19362 
15267 
23460 
19365 
23462 
23465 
19370 
15274 
23468 
19373 
15279 
23473 
23474 
19378 
23475 
19381 
23478 
15288 
19386 
23483 
15291 
23485 
19389 
23488 
15296 
23490 
19394 
15300 
23493 
19398 
23495 
23498 
15307 
23500 
19405 
23503 
15311 
23504 
23505 
19409 
23507 
23510 
15318 
23512 
19416 
23515 
19419 
15323 
23519 
19424 
19428 
15332 
23526 
15336 
23529 
19435 
23534 
23535 
15343 
23536 
19440 
23538 
15347 
23541 
23543 
19449 
23546 
15354 
19452 
15357 
23551 
19457 
15362 
19459 
19462 
15366 
23560 
19465 
23563 
15373 
19470 
23568 
15376 
23570 
19474 
23573 
15381 
23575 
19481 
15385 
23578 
19483 
23581 
19486 
19489 
23586 
15395 
23589 
19494 
15399 
23594 
19498 
23597 
15406 
15408 
19505 
23602 
15411 
23605 
19510 
23610 
23611 
23612 
15420 
23614 
19519 
23617 
15425 
19522 
23622 
19527 
19530 
15434 
15438 
23631 
19535 
23634 
19539 
15445 
23639 
23641 
19546 
15450 
23644 
19549 
23646 
23649 
19554 
23651 
15459 
19557 
23654 
23656 
15464 
19562 
23659 
23660 
23661 
19565 
23664 
15473 
19570 
15476 
23669 
23671 
19575 
15481 
23674 
23675 
23676 
23677 
15485 
23678 
23680 
19584 
23683 
19587 
15492 
23685 
15495 
23688 
19592 
23690 
19595 
15500 
23693 
23696 
19600 
15505 
19604 
23701 
23704 
15514 
19611 
23709 
23710 
19614 
15518 
23711 
23712 
23713 
19619 
23716 
15525 
19623 
23721 
15529 
23724 
19630 
15536 
23729 
23730 
19634 
23731 
15539 
23733 
23736 
15544 
19641 
23738 
15548 
23741 
19645 
23743 
23746 
15555 
19652 
23749 
19655 
15559 
23754 
23756 
19660 
15566 
23759 
19665 
15569 
23762 
15574 
23767 
23770 
19674 
15579 
19677 
23775 
23777 
19682 
23780 
15588 
19685 
23783 
15592 
19690 
23788 
19694 
23791 
15599 
15603 
23796 
23797 
19701 
23798 
23800 
19704 
15610 
23803 
23805 
19709 
15613 
23808 
19712 
23810 
15618 
23813 
19717 
15622 
23816 
19721 
23821 
15629 
23823 
19728 
15633 
23826 
19731 
23829 
19736 
15640 
23834 
23835 
15643 
23836 
23839 
19743 
15648 
19746 
23844 
15653 
23846 
19751 
23849 
19754 
23851 
23854 
15662 
19759 
23856 
19762 
15666 
23859 
23860 
23861 
19767 
23864 
15673 
19771 
23869 
15677 
23870 
23871 
23874 
19778 
15684 
19781 
23879 
15687 
19786 
23883 
19788 
15692 
19791 
15696 
23890 
19794 
23893 
19799 
15703 
19801 
23898 
23899 
15707 
23900 
19804 
19807 
23904 
15714 
19812 
15717 
23911 
19815 
23914 
15722 
19820 
19822 
23919 
15727 
19825 
23922 
19828 
23927 
23928 
15736 
23929 
19833 
19835 
23932 
15740 
19838 
23937 
19842 
15747 
23940 
19845 
15751 
23945 
19850 
23948 
19852 
15758 
19855 
23953 
15761 
19858 
23956 
15766 
19863 
23961 
19865 
15770 
23964 
19868 
19870 
23969 
19873 
15777 
23970 
19874 
23971 
19875 
15781 
19878 
23976 
19883 
15788 
15791 
19888 
23985 
23988 
15796 
23993 
19897 
15801 
23996 
19900 
24001 
19905 
15810 
24003 
19908 
24006 
15814 
24008 
19913 
24011 
24012 
24013 
19917 
15821 
24014 
24015 
24016 
24017 
15825 
24020 
19924 
19928 
15832 
24025 
24027 
15835 
24030 
24031 
19935 
24032 
15840 
24034 
19939 
15844 
24037 
24039 
24042 
19946 
15851 
24044 
19949 
24047 
15855 
24050 
19954 
19958 
15862 
24055 
15865 
24058 
19965 
15870 
24063 
24064 
24065 
19969 
15875 
24068 
19976 
24073 
24074 
19978 
24075 
15884 
19981 
24078 
15888 
19985 
24083 
24084 
24085 
24087 
15895 
19992 
24090 
15899 
24092 
19996 
24095 
24097 
15906 
20003 
24100 
15909 
20006 
24103 
15914 
20011 
24108 
24110 
20014 
15918 
24113 
20019 
24116 
15925 
20022 
24121 
15929 
20027 
24124 
20031 
15936 
24129 
24131 
15939 
24134 
20038 
15944 
24137 
20042 
15949 
24142 
24145 
20049 
20053 
24150 
15958 
24151 
24152 
24154 
15962 
20060 
24157 
24159 
20063 
15969 
24162 
24164 
20068 
15973 
24167 
20072 
24170 
15980 
24175 
20079 
15983 
24177 
20082 
24180 
15988 
24183 
20087 
15992 
20089 
24188 
20092 
24189 
24190 
15999 
20096 
24193 
16003 
24198 
20103 
24200 
16010 
24203 
20107 
24205 
16013 
24208 
24210 
20114 
16018 
24213 
16021 
20118 
24215 
24218 
16026 
24219 
24220 
20125 
24223 
16031 
20129 
24228 
24232 
20136 
16040 
20139 
16044 
24239 
20144 
24242 
20147 
16051 
24247 
16055 
24248 
20152 
24249 
20154 
24251 
20157 
24254 
16062 
24255 
24256 
20161 
16065 
24258 
24261 
16070 
24264 
20168 
16074 
20172 
24269 
16081 
24274 
20179 
16085 
20183 
24283 
16092 
24285 
20190 
16095 
24288 
24290 
20194 
16100 
24293 
20201 
16105 
24298 
20204 
20209 
16114 
24307 
20213 
24310 
16118 
24315 
24316 
20220 
24317 
16125 
24319 
20224 
16129 
24322 
24324 
24327 
20231 
16136 
24329 
20233 
16139 
24332 
20236 
24334 
20238 
16144 
24337 
20241 
16148 
20245 
24342 
16155 
20252 
24351 
16159 
20256 
24354 
16166 
24359 
20263 
24361 
16169 
20267 
24364 
24366 
16174 
24369 
16177 
20274 
24371 
20277 
24374 
16182 
24375 
24376 
24378 
20282 
16187 
24381 
20285 
24384 
20290 
16196 
24389 
20293 
24391 
16200 
24394 
20298 
24395 
24396 
24397 
24398 
20302 
16207 
24400 
24403 
16211 
24405 
20309 
24408 
20313 
24410 
16218 
24413 
16221 
24416 
20320 
16226 
20323 
24421 
16230 
24424 
20328 
24429 
20333 
16237 
24430 
24431 
16241 
24435 
20342 
16248 
24442 
20346 
16251 
24444 
24447 
24448 
16256 
24449 
20353 
24451 
20357 
16261 
24454 
24456 
24459 
20364 
24461 
16270 
24464 
20368 
24466 
16274 
24469 
24471 
20375 
16281 
24474 
20378 
24477 
16285 
20383 
24482 
20387 
24484 
16292 
24487 
16295 
24490 
20394 
16300 
24495 
20399 
16304 
24498 
24503 
16311 
20408 
24506 
16315 
20412 
24511 
24514 
16322 
20419 
16325 
20422 
24519 
24520 
24521 
16330 
24523 
20427 
24526 
20431 
16335 
24528 
24531 
24533 
20438 
24536 
16344 
20442 
24539 
16348 
24544 
20449 
24546 
16355 
24549 
20453 
16359 
24552 
20460 
24557 
24558 
16366 
24559 
20463 
24562 
16370 
20468 
24567 
20472 
24569 
16377 
24572 
16380 
24574 
20479 
)

// ************************************************************************* //
