/*--------------------------------*- C++ -*----------------------------------*\
  =========                 |
  \\      /  F ield         | OpenFOAM: The Open Source CFD Toolbox
   \\    /   O peration     | Website:  https://openfoam.org
    \\  /    A nd           | Version:  10
     \\/     M anipulation  |
\*---------------------------------------------------------------------------*/
FoamFile
{
    format      ascii;
    class       volScalarField;
    location    "2000";
    object      k;
}
// * * * * * * * * * * * * * * * * * * * * * * * * * * * * * * * * * * * * * //

dimensions      [0 2 -2 0 0 0 0];

internalField   nonuniform List<scalar> 
8810
(
0.0818822
0.0643825
0.220035
0.518503
0.84446
1.11555
1.3134
1.48654
0.0814687
0.0478709
0.116084
0.34593
0.645164
0.942924
1.18567
1.38075
1.57085
1.75493
1.86394
1.88246
1.84112
1.77551
1.76239
1.75405
1.72969
1.69483
1.65589
1.62985
0.0813669
0.0430834
0.0611297
0.214493
0.469845
0.762654
1.03471
1.25584
1.44535
1.61246
1.72088
1.75914
1.73895
1.69774
1.68047
1.66699
1.64387
1.61073
1.57428
1.54876
0.0813599
0.0417571
0.0378005
0.122793
0.328382
0.5896
0.866532
1.11084
1.31079
1.47395
1.58556
1.63963
1.63797
1.61235
1.59325
1.57653
1.55373
1.52236
1.48804
1.46318
0.0814054
0.0413385
0.0296578
0.0658734
0.215143
0.438836
0.695758
0.949857
1.1637
1.33232
1.45083
1.5188
1.53196
1.51874
1.50096
1.48247
1.4601
1.43066
1.39838
1.37428
0.0814814
0.0411575
0.0271422
0.0365778
0.129806
0.313194
0.536754
0.781103
1.0045
1.18296
1.31128
1.38877
1.41962
1.41642
1.40241
1.38479
1.36399
1.33705
1.307
1.2838
0.0815743
0.041062
0.0263581
0.0245197
0.0714581
0.208306
0.397871
0.618251
0.837185
1.02411
1.16315
1.25133
1.29411
1.30431
1.29763
1.28424
1.26692
1.24343
1.21607
1.19402
0.0816756
0.0410146
0.0260481
0.0204849
0.0379849
0.127765
0.281339
0.469484
0.671467
0.857355
1.00459
1.10331
1.15985
1.18379
1.18876
1.1828
1.17121
1.15236
1.12827
1.10766
0.0817809
0.0409989
0.0258751
0.019191
0.021827
0.0692156
0.185913
0.342419
0.518424
0.691219
0.83811
0.946266
1.0189
1.06035
1.08005
1.08462
1.08023
1.06708
1.0468
1.0279
0.0818874
0.0410031
0.0257563
0.0187639
0.016548
0.0344794
0.110756
0.236611
0.384292
0.537612
0.677979
0.793649
0.882842
0.942693
0.977877
0.994386
0.998344
0.991449
0.975212
0.958148
0.0819918
0.0410089
0.0256413
0.0184784
0.014952
0.0183978
0.0571789
0.149562
0.272183
0.406952
0.54214
0.664981
0.765198
0.839826
0.889111
0.917704
0.930574
0.929681
0.917228
0.901886
0.0820617
0.0409277
0.0253751
0.0179972
0.0140284
0.0127162
0.0253377
0.0814237
0.179944
0.302392
0.436326
0.565726
0.676155
0.762398
0.823366
0.861932
0.881985
0.885823
0.876303
0.862272
0.081888
0.0405018
0.0247152
0.0171153
0.0128944
0.0104601
0.0120024
0.0394502
0.118859
0.237715
0.374501
0.509218
0.627238
0.720694
0.788375
0.832594
0.856655
0.863083
0.85514
0.841729
0.0818778
0.0641311
0.219324
0.517722
0.843845
1.11387
1.3114
1.48581
0.0814685
0.0477922
0.115644
0.345343
0.644522
0.941737
1.18397
1.37992
1.57039
1.75423
1.8623
1.87988
1.83696
1.77088
1.76086
1.7541
1.72977
1.69491
1.65597
1.62992
0.0813676
0.0430623
0.0608989
0.214044
0.469278
0.761547
1.0333
1.25552
1.44488
1.61177
1.71932
1.75647
1.7348
1.69293
1.67828
1.66702
1.64394
1.6108
1.57434
1.54882
0.0813607
0.041752
0.0377067
0.122479
0.327943
0.588705
0.865201
1.11053
1.31037
1.47339
1.58416
1.63692
1.63559
1.60912
1.59096
1.57655
1.55379
1.52241
1.48809
1.46323
0.0814062
0.0413373
0.0296278
0.0656787
0.2148
0.43809
0.694507
0.949487
1.16332
1.33183
1.44955
1.51403
1.5286
1.51623
1.4988
1.48248
1.46015
1.43071
1.39843
1.37432
0.0814822
0.0411573
0.0271341
0.0364807
0.129556
0.312568
0.535786
0.780722
1.00416
1.18251
1.31011
1.38712
1.41808
1.41416
1.40045
1.3848
1.36403
1.33708
1.30703
1.28383
0.081575
0.041062
0.0263562
0.0244824
0.0712926
0.208108
0.397502
0.617727
0.83682
1.02369
1.16207
1.24969
1.29311
1.30223
1.29598
1.28427
1.26694
1.24345
1.21609
1.19404
0.0816763
0.0410147
0.0260477
0.0204731
0.0378831
0.127571
0.281173
0.469163
0.671097
0.856943
1.00361
1.10191
1.159
1.18204
1.18755
1.18291
1.17123
1.15237
1.12829
1.10768
0.0817815
0.0409991
0.025875
0.0191889
0.0217961
0.0691143
0.185773
0.342169
0.518082
0.690837
0.837279
0.945132
1.01822
1.05903
1.07838
1.08395
1.08023
1.06709
1.04681
1.02791
0.081888
0.0410033
0.0257562
0.0187634
0.0165377
0.0343899
0.110665
0.236444
0.384043
0.537325
0.677369
0.792879
0.882404
0.941843
0.976687
0.993893
0.998353
0.991454
0.975218
0.958152
0.0819924
0.041009
0.0256413
0.0184782
0.0149502
0.0183717
0.0571296
0.149456
0.272023
0.406725
0.541744
0.664566
0.764982
0.83941
0.888583
0.917509
0.930585
0.929683
0.91723
0.901888
0.0820622
0.0409276
0.025375
0.0179969
0.014028
0.012713
0.0253173
0.0813642
0.179834
0.302292
0.436181
0.565571
0.676099
0.762293
0.82328
0.861919
0.881992
0.885824
0.876304
0.862273
0.0818885
0.0405015
0.024715
0.017115
0.012894
0.0104594
0.011998
0.0394306
0.118832
0.237692
0.374469
0.50921
0.627248
0.720704
0.788417
0.832624
0.856658
0.863082
0.85514
0.841729
0.0818766
0.0640482
0.219302
0.517907
0.844184
1.11419
1.31159
1.48613
0.0814685
0.0477623
0.115598
0.345451
0.64475
0.942018
1.18431
1.38016
1.57054
1.75438
1.86232
1.87987
1.83724
1.77146
1.7614
1.7542
1.72989
1.69502
1.65607
1.63
0.0813679
0.0430529
0.0608558
0.214083
0.469417
0.761699
1.03349
1.25569
1.445
1.61184
1.71936
1.75651
1.73486
1.69302
1.6784
1.6671
1.64404
1.61089
1.57442
1.54889
0.0813611
0.0417488
0.0376828
0.122476
0.328022
0.588864
0.865408
1.11072
1.31051
1.47345
1.58418
1.63689
1.63528
1.60884
1.59109
1.57662
1.55387
1.52249
1.48816
1.46329
0.0814067
0.0413358
0.0296183
0.0656569
0.214827
0.438199
0.694623
0.949636
1.16345
1.33191
1.44957
1.51435
1.52908
1.51633
1.49888
1.48255
1.46021
1.43077
1.39848
1.37437
0.0814828
0.0411563
0.027131
0.0364621
0.129552
0.312578
0.53582
0.780822
1.00425
1.18258
1.31015
1.38707
1.41765
1.41426
1.40053
1.38486
1.36407
1.33713
1.30707
1.28387
0.0815756
0.0410612
0.0263552
0.0244733
0.0712741
0.208144
0.39747
0.617674
0.836882
1.02374
1.16211
1.24972
1.29321
1.30233
1.29606
1.28432
1.26698
1.24348
1.21612
1.19406
0.0816769
0.0410142
0.0260473
0.0204692
0.0378538
0.127541
0.281224
0.469196
0.671116
0.856964
1.00363
1.10191
1.15903
1.18211
1.1876
1.18295
1.17125
1.15239
1.12831
1.1077
0.0817821
0.0409988
0.0258747
0.0191886
0.0217973
0.0691259
0.185786
0.342173
0.518062
0.69082
0.837261
0.945097
1.01823
1.05907
1.07861
1.08413
1.08024
1.0671
1.04682
1.02792
0.0818886
0.0410031
0.025756
0.0187633
0.0165371
0.0343902
0.110668
0.23644
0.384025
0.537301
0.677327
0.792817
0.882406
0.941872
0.976676
0.993881
0.998363
0.991461
0.975224
0.958158
0.081993
0.041009
0.0256412
0.0184782
0.0149501
0.0183713
0.0571281
0.149447
0.272003
0.406671
0.541679
0.664525
0.764975
0.839417
0.888578
0.917515
0.930595
0.929686
0.917233
0.901891
0.0820629
0.0409276
0.025375
0.0179969
0.014028
0.0127125
0.0253154
0.081354
0.179802
0.302278
0.436169
0.565533
0.676089
0.76229
0.823271
0.861923
0.881999
0.885825
0.876305
0.862274
0.081889
0.0405013
0.0247147
0.0171149
0.0128939
0.0104592
0.0119973
0.0394258
0.118829
0.237696
0.374468
0.509204
0.627253
0.720708
0.788427
0.832635
0.856661
0.863082
0.85514
0.841729
0.0818751
0.0639592
0.21925
0.518027
0.844438
1.11443
1.31174
1.48639
0.0814685
0.0477318
0.115538
0.345525
0.644921
0.942234
1.18459
1.38035
1.57064
1.75448
1.86228
1.87994
1.83738
1.77192
1.76177
1.75429
1.72998
1.69511
1.65615
1.63008
0.0813682
0.0430436
0.0608065
0.214101
0.469517
0.761806
1.03365
1.25582
1.4451
1.61191
1.71941
1.75659
1.7349
1.69309
1.67849
1.66717
1.64412
1.61097
1.5745
1.54897
0.0813615
0.0417458
0.0376572
0.122462
0.328079
0.588986
0.865586
1.11088
1.31063
1.47352
1.58421
1.6369
1.63508
1.60863
1.59116
1.57668
1.55394
1.52255
1.48823
1.46335
0.081407
0.0413345
0.0296086
0.0656309
0.214845
0.438286
0.694726
0.949764
1.16357
1.33198
1.4496
1.51463
1.52943
1.51637
1.49893
1.4826
1.46026
1.43082
1.39853
1.37442
0.0814832
0.0411555
0.0271279
0.0364422
0.129543
0.312583
0.535847
0.780906
1.00434
1.18265
1.3102
1.3871
1.41735
1.4143
1.40058
1.3849
1.36411
1.33717
1.30711
1.28391
0.0815761
0.0410607
0.0263541
0.0244637
0.0712527
0.208169
0.397435
0.617629
0.836927
1.02379
1.16215
1.24975
1.29326
1.30236
1.29609
1.28435
1.26701
1.24351
1.21615
1.19409
0.0816774
0.0410137
0.026047
0.0204652
0.0378237
0.12751
0.281266
0.469219
0.671124
0.856978
1.00366
1.10191
1.15907
1.18213
1.1876
1.18297
1.17127
1.15241
1.12833
1.10771
0.0817826
0.0409984
0.0258745
0.0191883
0.0217977
0.0691344
0.185796
0.342172
0.51804
0.690801
0.83725
0.945076
1.01824
1.05907
1.07872
1.08423
1.08025
1.06711
1.04683
1.02793
0.0818892
0.0410028
0.0257559
0.0187632
0.0165363
0.0343895
0.110669
0.236432
0.384003
0.537274
0.67729
0.79277
0.882399
0.941861
0.976634
0.99386
0.998371
0.991468
0.975231
0.958164
0.0819935
0.0410088
0.0256412
0.0184782
0.01495
0.0183705
0.0571253
0.149437
0.271983
0.406618
0.541621
0.664492
0.764962
0.839403
0.888538
0.917501
0.930601
0.92969
0.917236
0.901894
0.0820634
0.0409276
0.0253749
0.0179969
0.0140279
0.012712
0.0253126
0.081343
0.179771
0.302261
0.436154
0.565503
0.676078
0.762279
0.823246
0.861916
0.882004
0.885827
0.876306
0.862274
0.0818894
0.0405011
0.0247146
0.0171148
0.0128938
0.0104591
0.0119964
0.0394209
0.118825
0.237698
0.374465
0.509198
0.627256
0.720708
0.788427
0.832641
0.856664
0.863083
0.855141
0.841729
0.0818731
0.0638591
0.219142
0.518052
0.844576
1.11458
1.31186
1.48662
0.0814684
0.0476982
0.11545
0.345539
0.645004
0.942362
1.18479
1.3805
1.5707
1.75448
1.8621
1.87993
1.83743
1.77226
1.76201
1.75436
1.73005
1.69518
1.65621
1.63014
0.0813684
0.0430339
0.0607465
0.214086
0.469558
0.76184
1.03376
1.25591
1.44515
1.61193
1.71944
1.75668
1.73499
1.69318
1.67856
1.66722
1.64418
1.61103
1.57456
1.54902
0.0813617
0.041743
0.0376282
0.12243
0.328097
0.589032
0.865708
1.11098
1.31071
1.47355
1.58422
1.63693
1.63499
1.6085
1.59121
1.57672
1.55399
1.52261
1.48828
1.4634
0.0814074
0.0413335
0.029598
0.0655966
0.214837
0.438288
0.694793
0.949855
1.16365
1.33202
1.44962
1.51486
1.52969
1.51639
1.49898
1.48264
1.46031
1.43086
1.39857
1.37446
0.0814836
0.0411549
0.0271247
0.0364194
0.129523
0.312556
0.535847
0.780958
1.0044
1.1827
1.31023
1.38712
1.41715
1.41431
1.40062
1.38493
1.36414
1.3372
1.30715
1.28394
0.0815765
0.0410603
0.0263532
0.0244534
0.0712266
0.20818
0.397388
0.617572
0.836951
1.02382
1.16218
1.24978
1.29328
1.30239
1.29612
1.28437
1.26703
1.24354
1.21617
1.19411
0.0816778
0.0410135
0.0260467
0.020461
0.037792
0.127475
0.281291
0.469225
0.671123
0.856983
1.00367
1.10191
1.15909
1.18213
1.1876
1.18299
1.17129
1.15243
1.12834
1.10773
0.0817831
0.0409983
0.0258743
0.019188
0.0217971
0.0691388
0.185802
0.342164
0.518011
0.690775
0.837229
0.945047
1.01824
1.05906
1.0788
1.08431
1.08026
1.06712
1.04684
1.02794
0.0818896
0.0410027
0.0257557
0.0187631
0.0165353
0.0343874
0.110666
0.236421
0.383976
0.53724
0.677247
0.79272
0.882383
0.941846
0.976602
0.993847
0.998376
0.991474
0.975237
0.95817
0.081994
0.0410088
0.0256411
0.0184782
0.0149499
0.0183694
0.0571213
0.149424
0.271959
0.406564
0.541561
0.664451
0.764945
0.839388
0.888498
0.917486
0.930606
0.929694
0.917239
0.901896
0.082064
0.0409277
0.0253749
0.0179968
0.0140279
0.0127113
0.0253094
0.0813303
0.17974
0.302242
0.436136
0.56547
0.676065
0.762268
0.823221
0.861907
0.882007
0.885828
0.876307
0.862275
0.0818898
0.0405008
0.0247144
0.0171147
0.0128936
0.0104589
0.0119955
0.0394151
0.118819
0.237698
0.374461
0.50919
0.627257
0.720706
0.788424
0.832644
0.856667
0.863084
0.855142
0.841729
0.0818708
0.0637484
0.218986
0.517997
0.844632
1.11468
1.31196
1.48684
0.0814681
0.047662
0.115336
0.345496
0.645015
0.94242
1.18494
1.38062
1.57074
1.75441
1.86181
1.87975
1.83734
1.7725
1.76219
1.75441
1.73009
1.69522
1.65625
1.63018
0.0813686
0.0430238
0.0606753
0.214036
0.469541
0.761815
1.03383
1.25597
1.44517
1.61193
1.71943
1.75676
1.73504
1.69326
1.67862
1.66725
1.64421
1.61107
1.5746
1.54906
0.081362
0.0417403
0.0375958
0.122379
0.32808
0.589032
0.865782
1.11105
1.31076
1.47355
1.58423
1.63696
1.63494
1.60841
1.59125
1.57675
1.55403
1.52264
1.48831
1.46344
0.0814077
0.0413325
0.0295867
0.0655541
0.214809
0.438261
0.694824
0.949909
1.1637
1.33204
1.44963
1.51503
1.52988
1.5164
1.49902
1.48266
1.46034
1.43089
1.3986
1.37449
0.081484
0.0411544
0.0271214
0.0363934
0.129491
0.312512
0.535823
0.780977
1.00443
1.18272
1.31025
1.38715
1.41701
1.41431
1.40065
1.38496
1.36417
1.33722
1.30717
1.28396
0.0815769
0.0410599
0.0263523
0.0244421
0.0711952
0.208176
0.397327
0.617503
0.836953
1.02383
1.16219
1.24979
1.29328
1.30241
1.29613
1.28438
1.26705
1.24355
1.21619
1.19413
0.0816782
0.0410131
0.0260464
0.0204567
0.0377585
0.127435
0.281301
0.469215
0.671104
0.856972
1.00366
1.1019
1.15911
1.18214
1.18761
1.18301
1.1713
1.15244
1.12835
1.10774
0.0817835
0.040998
0.0258741
0.0191876
0.0217956
0.0691387
0.185802
0.342146
0.517972
0.690738
0.837199
0.945012
1.01824
1.05905
1.07886
1.08437
1.08027
1.06713
1.04685
1.02794
0.0818901
0.0410026
0.0257557
0.018763
0.0165342
0.0343844
0.110662
0.236405
0.383942
0.537198
0.677198
0.792666
0.882366
0.941828
0.976581
0.993838
0.99838
0.991478
0.975242
0.958174
0.0819944
0.0410088
0.0256411
0.0184782
0.0149497
0.0183679
0.0571161
0.14941
0.271931
0.406508
0.541501
0.664404
0.764916
0.83937
0.888462
0.917472
0.930609
0.929697
0.917241
0.901898
0.0820645
0.0409277
0.0253748
0.0179968
0.0140278
0.0127106
0.0253059
0.0813174
0.179708
0.302218
0.436113
0.565437
0.676049
0.762254
0.823196
0.861899
0.88201
0.88583
0.876309
0.862276
0.0818902
0.0405007
0.0247142
0.0171146
0.0128935
0.0104587
0.0119944
0.0394088
0.118812
0.237697
0.374454
0.50918
0.627258
0.720701
0.788417
0.832646
0.85667
0.863085
0.855142
0.841729
0.0818682
0.0636314
0.218795
0.517886
0.844634
1.11472
1.31205
1.48703
0.0814677
0.047624
0.115203
0.345413
0.644982
0.942435
1.18504
1.38072
1.57077
1.75428
1.86143
1.87942
1.83715
1.77266
1.76232
1.75445
1.73011
1.69525
1.65628
1.63021
0.0813686
0.0430133
0.0605959
0.213958
0.469489
0.761771
1.03386
1.256
1.44518
1.61192
1.71939
1.7568
1.73507
1.69333
1.67867
1.66727
1.64424
1.6111
1.57462
1.54909
0.0813621
0.0417376
0.0375603
0.122313
0.328038
0.589015
0.865812
1.11109
1.31078
1.47354
1.58421
1.63698
1.6349
1.60834
1.59127
1.57676
1.55405
1.52267
1.48833
1.46346
0.081408
0.0413316
0.0295746
0.0655038
0.214766
0.438256
0.694818
0.949933
1.16373
1.33204
1.44962
1.51517
1.53
1.5164
1.49904
1.48268
1.46036
1.43091
1.39862
1.37451
0.0814843
0.041154
0.027118
0.0363647
0.129449
0.312467
0.535776
0.780971
1.00444
1.18272
1.31024
1.38717
1.4169
1.41431
1.40066
1.38497
1.36419
1.33724
1.30718
1.28398
0.0815772
0.0410597
0.0263513
0.0244301
0.0711589
0.208158
0.397258
0.617425
0.836936
1.02383
1.16219
1.24979
1.29327
1.30241
1.29615
1.2844
1.26706
1.24357
1.2162
1.19414
0.0816786
0.041013
0.0260461
0.0204523
0.0377238
0.127391
0.281298
0.469189
0.671075
0.85695
1.00365
1.10188
1.15911
1.18214
1.18762
1.18303
1.17131
1.15245
1.12836
1.10775
0.0817839
0.0409978
0.025874
0.0191872
0.021793
0.0691353
0.185796
0.342123
0.51793
0.690696
0.837162
0.944971
1.01823
1.05904
1.07891
1.08441
1.08028
1.06713
1.04685
1.02795
0.0818904
0.0410025
0.0257556
0.0187629
0.016533
0.0343802
0.110653
0.236384
0.383905
0.537151
0.677145
0.792611
0.882358
0.941808
0.976564
0.993832
0.998383
0.991482
0.975245
0.958176
0.0819949
0.0410087
0.0256411
0.0184782
0.0149495
0.0183658
0.0571092
0.149392
0.2719
0.406452
0.541441
0.664355
0.764899
0.839349
0.888423
0.917459
0.930611
0.929698
0.917243
0.901899
0.0820649
0.0409275
0.0253748
0.0179968
0.0140277
0.0127099
0.0253019
0.0813031
0.179676
0.302192
0.436087
0.565402
0.67603
0.762237
0.823165
0.861893
0.882012
0.885831
0.876309
0.862276
0.0818905
0.0405004
0.0247141
0.0171145
0.0128934
0.0104585
0.0119933
0.0394025
0.118804
0.237693
0.374447
0.509168
0.627253
0.720692
0.7884
0.832643
0.856672
0.863086
0.855142
0.841729
0.0818655
0.0635112
0.218585
0.517746
0.844608
1.11475
1.31213
1.48719
0.0814672
0.0475851
0.115058
0.345303
0.644917
0.942426
1.18513
1.38083
1.57078
1.75409
1.86099
1.87898
1.83688
1.77274
1.76241
1.75448
1.73013
1.69527
1.6563
1.63023
0.0813686
0.0430026
0.0605105
0.213862
0.469411
0.761704
1.03388
1.25603
1.44519
1.61189
1.71933
1.7568
1.73509
1.69339
1.67871
1.66729
1.64425
1.61112
1.57464
1.5491
0.0813623
0.0417349
0.0375229
0.122236
0.327977
0.588973
0.865819
1.11111
1.31079
1.47353
1.5842
1.63701
1.63488
1.6083
1.59128
1.57677
1.55406
1.52268
1.48835
1.46348
0.0814082
0.041331
0.029562
0.065449
0.214712
0.438229
0.694795
0.949939
1.16374
1.33203
1.44961
1.51527
1.53008
1.51639
1.49906
1.48269
1.46037
1.43092
1.39864
1.37452
0.0814845
0.0411536
0.0271144
0.0363339
0.129399
0.312412
0.535719
0.780947
1.00443
1.18272
1.31024
1.38718
1.41682
1.41429
1.40068
1.38498
1.3642
1.33725
1.30719
1.28399
0.0815775
0.0410593
0.0263504
0.0244175
0.0711183
0.20813
0.397179
0.617339
0.83691
1.02381
1.16218
1.24979
1.29324
1.30241
1.29615
1.2844
1.26707
1.24357
1.21621
1.19415
0.0816789
0.0410128
0.0260458
0.0204476
0.0376876
0.127343
0.281283
0.469154
0.671037
0.856919
1.00363
1.10186
1.1591
1.18213
1.18763
1.18304
1.17132
1.15246
1.12837
1.10775
0.0817843
0.0409978
0.0258739
0.0191868
0.0217896
0.0691283
0.185786
0.342092
0.517881
0.690647
0.837118
0.944926
1.01822
1.05902
1.07895
1.08444
1.08029
1.06714
1.04686
1.02795
0.0818908
0.0410025
0.0257555
0.0187628
0.0165316
0.0343747
0.110643
0.23636
0.383862
0.537099
0.677089
0.792554
0.882344
0.941787
0.97655
0.993828
0.998385
0.991484
0.975247
0.958179
0.0819952
0.0410088
0.0256411
0.0184782
0.0149493
0.0183636
0.0571012
0.149373
0.271865
0.406394
0.54138
0.664304
0.764884
0.839327
0.888389
0.917447
0.930611
0.929701
0.917244
0.9019
0.0820653
0.0409276
0.0253748
0.0179968
0.0140277
0.012709
0.0252972
0.0812873
0.179643
0.302165
0.436059
0.565367
0.676013
0.76222
0.823137
0.861887
0.882013
0.885833
0.87631
0.862277
0.0818908
0.0405003
0.024714
0.0171144
0.0128933
0.0104582
0.011992
0.0393959
0.118795
0.237688
0.374438
0.509155
0.627248
0.720682
0.788383
0.83264
0.856674
0.863087
0.855143
0.841729
0.0818627
0.06339
0.218364
0.517585
0.84456
1.11478
1.31221
1.48729
0.0814668
0.0475454
0.114905
0.345174
0.644826
0.942398
1.1852
1.38093
1.57078
1.75387
1.86053
1.87845
1.83656
1.77275
1.76247
1.75451
1.73014
1.69528
1.6563
1.63023
0.0813686
0.0429919
0.060422
0.213754
0.469311
0.761609
1.03388
1.25606
1.44519
1.61186
1.71924
1.75676
1.73508
1.69345
1.67874
1.6673
1.64426
1.61113
1.57465
1.54911
0.0813625
0.0417322
0.0374846
0.122152
0.327898
0.588893
0.865814
1.11112
1.3108
1.47352
1.58417
1.63705
1.63487
1.60828
1.59129
1.57678
1.55407
1.52269
1.48836
1.46349
0.0814084
0.0413301
0.0295491
0.0653902
0.214643
0.43814
0.694762
0.949934
1.16375
1.33202
1.44959
1.51536
1.53014
1.51638
1.49906
1.48269
1.46038
1.43093
1.39864
1.37453
0.0814848
0.0411533
0.0271109
0.0363016
0.129343
0.312335
0.535651
0.780912
1.00442
1.1827
1.31022
1.38718
1.41675
1.41427
1.40068
1.38498
1.3642
1.33725
1.3072
1.28399
0.0815778
0.0410592
0.0263495
0.0244045
0.0710757
0.208095
0.397097
0.617251
0.836873
1.02379
1.16216
1.24979
1.29322
1.3024
1.29615
1.28441
1.26707
1.24358
1.21621
1.19415
0.0816792
0.0410128
0.0260456
0.020443
0.0376506
0.127294
0.281259
0.469109
0.670991
0.856881
1.0036
1.10183
1.15909
1.18212
1.18763
1.18306
1.17132
1.15246
1.12837
1.10776
0.0817846
0.0409978
0.0258738
0.0191863
0.0217858
0.0691196
0.185772
0.342057
0.517826
0.690595
0.837071
0.944879
1.0182
1.05901
1.07896
1.08446
1.0803
1.06714
1.04686
1.02796
0.0818911
0.0410025
0.0257555
0.0187627
0.0165302
0.0343684
0.11063
0.236333
0.383815
0.537045
0.67703
0.792496
0.882318
0.941767
0.976537
0.993824
0.998386
0.991486
0.975248
0.95818
0.0819956
0.0410088
0.0256411
0.0184782
0.0149491
0.0183611
0.057092
0.149352
0.271831
0.406337
0.541318
0.664253
0.764862
0.839309
0.888363
0.917434
0.930611
0.929701
0.917245
0.901901
0.0820656
0.0409277
0.0253748
0.0179968
0.0140276
0.0127081
0.0252922
0.0812715
0.179611
0.302134
0.436028
0.565332
0.675997
0.762208
0.823118
0.861876
0.882014
0.885833
0.87631
0.862277
0.0818911
0.0405003
0.0247138
0.0171143
0.0128932
0.010458
0.0119907
0.0393885
0.118785
0.237681
0.374427
0.509139
0.627241
0.720677
0.788375
0.832637
0.856675
0.863087
0.855143
0.841729
0.0818598
0.0632687
0.218137
0.517413
0.844502
1.1148
1.31228
1.48734
0.0814663
0.047506
0.114748
0.345035
0.64473
0.942362
1.18526
1.38102
1.57077
1.75362
1.86007
1.8779
1.83622
1.77272
1.76249
1.75452
1.73014
1.69528
1.65631
1.63024
0.0813687
0.0429812
0.060331
0.213637
0.469204
0.761519
1.03388
1.25609
1.4452
1.61181
1.71913
1.75668
1.73505
1.69349
1.67876
1.66731
1.64426
1.61113
1.57465
1.54912
0.0813626
0.0417297
0.0374451
0.122062
0.327812
0.58882
0.865792
1.11112
1.3108
1.4735
1.58415
1.63708
1.63486
1.60827
1.5913
1.57678
1.55407
1.52269
1.48836
1.46349
0.0814086
0.0413296
0.0295361
0.0653285
0.214571
0.43809
0.694713
0.949916
1.16374
1.332
1.44957
1.51542
1.53018
1.51637
1.49907
1.48269
1.46038
1.43093
1.39865
1.37453
0.081485
0.0411532
0.0271073
0.0362684
0.129284
0.312266
0.535576
0.780868
1.0044
1.18268
1.3102
1.38717
1.4167
1.41425
1.40068
1.38498
1.36421
1.33726
1.3072
1.28399
0.0815781
0.0410592
0.0263486
0.0243911
0.0710304
0.208054
0.397011
0.61716
0.836828
1.02376
1.16214
1.24978
1.29319
1.30238
1.29615
1.28441
1.26708
1.24358
1.21622
1.19416
0.0816795
0.0410127
0.0260454
0.0204383
0.0376132
0.127242
0.28123
0.469056
0.670939
0.856838
1.00356
1.1018
1.15908
1.1821
1.18763
1.18306
1.17133
1.15246
1.12837
1.10776
0.0817849
0.0409978
0.0258737
0.0191858
0.0217812
0.0691072
0.185755
0.342019
0.51777
0.690538
0.83702
0.944829
1.01818
1.05899
1.07897
1.08448
1.0803
1.06714
1.04686
1.02796
0.0818915
0.0410025
0.0257554
0.0187626
0.0165287
0.0343618
0.110617
0.236303
0.383766
0.536986
0.676969
0.792437
0.882292
0.941745
0.976525
0.99382
0.998386
0.991486
0.975249
0.95818
0.0819959
0.0410089
0.0256411
0.0184782
0.0149488
0.0183584
0.057082
0.14933
0.271793
0.406279
0.541257
0.664202
0.764839
0.83929
0.888341
0.917421
0.93061
0.929701
0.917245
0.901901
0.082066
0.0409278
0.0253748
0.0179968
0.0140275
0.0127072
0.0252871
0.0812546
0.179577
0.302103
0.435995
0.565296
0.675981
0.762195
0.823099
0.861865
0.882013
0.885834
0.87631
0.862277
0.0818913
0.0405002
0.0247136
0.0171142
0.0128931
0.0104578
0.0119893
0.0393813
0.118774
0.237673
0.374415
0.509123
0.627233
0.720671
0.788365
0.832633
0.856675
0.863088
0.855143
0.841729
0.081857
0.0631481
0.217903
0.51723
0.844437
1.1148
1.31234
1.48733
0.0814658
0.0474664
0.114586
0.344883
0.644622
0.94232
1.18531
1.3811
1.57074
1.75337
1.85967
1.87736
1.83587
1.77265
1.7625
1.75454
1.73014
1.69528
1.65631
1.63024
0.0813687
0.0429705
0.0602379
0.213512
0.469084
0.761425
1.03387
1.25611
1.4452
1.61175
1.71901
1.75658
1.735
1.69351
1.67878
1.66732
1.64426
1.61113
1.57465
1.54911
0.0813627
0.0417272
0.0374052
0.121968
0.327717
0.588739
0.865759
1.11111
1.3108
1.47347
1.58412
1.6371
1.63486
1.60827
1.5913
1.57677
1.55407
1.52269
1.48836
1.46349
0.0814088
0.041329
0.0295227
0.0652645
0.214494
0.438028
0.694657
0.949892
1.16373
1.33198
1.44955
1.51548
1.5302
1.51636
1.49907
1.48269
1.46038
1.43093
1.39865
1.37453
0.0814853
0.041153
0.0271036
0.036234
0.12922
0.312192
0.535495
0.780814
1.00437
1.18265
1.31017
1.38717
1.41666
1.41422
1.40067
1.38497
1.36421
1.33726
1.3072
1.28399
0.0815784
0.0410591
0.0263478
0.0243775
0.0709833
0.208006
0.396922
0.617067
0.836778
1.02372
1.16211
1.24977
1.29315
1.30236
1.29614
1.2844
1.26708
1.24358
1.21621
1.19415
0.0816798
0.0410127
0.0260453
0.0204335
0.0375752
0.127188
0.281191
0.469
0.670883
0.85679
1.00352
1.10177
1.15906
1.18208
1.18763
1.18307
1.17133
1.15246
1.12837
1.10776
0.0817852
0.0409978
0.0258736
0.0191853
0.0217762
0.0690941
0.185735
0.341976
0.51771
0.690479
0.836966
0.944778
1.01816
1.05897
1.07898
1.08449
1.0803
1.06714
1.04686
1.02796
0.0818917
0.0410025
0.0257554
0.0187625
0.016527
0.0343541
0.110601
0.236272
0.383716
0.536927
0.676907
0.792377
0.882263
0.941723
0.976513
0.993816
0.998386
0.991486
0.975248
0.95818
0.0819962
0.041009
0.0256412
0.0184782
0.0149486
0.0183555
0.0570719
0.149307
0.271754
0.40622
0.541196
0.664149
0.764815
0.83927
0.888319
0.91741
0.930608
0.929701
0.917245
0.901901
0.0820663
0.0409279
0.0253748
0.0179968
0.0140274
0.0127062
0.0252815
0.0812378
0.179544
0.30207
0.435961
0.56526
0.675964
0.762183
0.823081
0.861854
0.882012
0.885834
0.87631
0.862277
0.0818916
0.0405001
0.0247136
0.0171142
0.012893
0.0104576
0.0119879
0.0393735
0.118762
0.237664
0.374402
0.509105
0.627224
0.720664
0.788355
0.832629
0.856675
0.863088
0.855143
0.841729
0.166943
0.117652
0.464801
0.0903708
0.228767
0.0834902
0.110922
0.385266
0.738648
1.04946
1.26649
1.41152
0.0818541
0.0630272
0.217663
0.517037
0.844359
1.11481
1.31239
1.48729
0.0814653
0.0474271
0.114421
0.344723
0.644503
0.942269
1.18535
1.38117
1.5707
1.75313
1.85934
1.87689
1.83554
1.77256
1.76249
1.75454
1.73013
1.69527
1.6563
1.63023
0.0813687
0.0429599
0.060143
0.213378
0.468953
0.761322
1.03385
1.25613
1.4452
1.61169
1.71888
1.75646
1.73494
1.69353
1.67879
1.66732
1.64425
1.61112
1.57465
1.54911
0.0813628
0.0417248
0.0373641
0.121867
0.327613
0.588645
0.865715
1.1111
1.31079
1.47345
1.58408
1.63711
1.63485
1.60827
1.5913
1.57677
1.55406
1.52268
1.48835
1.46348
0.081409
0.0413287
0.0295093
0.0651979
0.214409
0.437956
0.69459
0.949857
1.16371
1.33195
1.44953
1.51551
1.53021
1.51635
1.49906
1.48267
1.46037
1.43093
1.39864
1.37452
0.0814855
0.041153
0.0270999
0.0361989
0.129153
0.312113
0.535407
0.780753
1.00433
1.18262
1.31014
1.38716
1.41662
1.4142
1.40067
1.38496
1.3642
1.33725
1.3072
1.28399
0.0815786
0.0410591
0.0263469
0.0243634
0.0709337
0.207953
0.396829
0.61697
0.836722
1.02368
1.16207
1.24976
1.29312
1.30233
1.29613
1.2844
1.26707
1.24357
1.21621
1.19415
0.08168
0.0410127
0.0260451
0.0204287
0.037537
0.127132
0.281148
0.468937
0.670823
0.856737
1.00348
1.10173
1.15903
1.18206
1.18762
1.18307
1.17133
1.15246
1.12837
1.10775
0.0817854
0.0409978
0.0258736
0.0191847
0.0217705
0.0690774
0.185712
0.341931
0.517648
0.690416
0.836908
0.944725
1.01814
1.05894
1.07898
1.0845
1.0803
1.06714
1.04686
1.02795
0.081892
0.0410026
0.0257554
0.0187625
0.0165254
0.034346
0.110585
0.236238
0.383663
0.536863
0.676843
0.792316
0.882234
0.9417
0.9765
0.99381
0.998384
0.991484
0.975247
0.958179
0.0819965
0.0410091
0.0256412
0.0184783
0.0149483
0.0183524
0.0570609
0.149282
0.271711
0.40616
0.541135
0.664096
0.76479
0.839251
0.8883
0.917399
0.930606
0.9297
0.917244
0.9019
0.0820665
0.040928
0.0253749
0.0179968
0.0140274
0.0127053
0.025276
0.08122
0.17951
0.302036
0.435926
0.565224
0.675947
0.762169
0.823064
0.861844
0.88201
0.885833
0.87631
0.862276
0.0818918
0.0405001
0.0247135
0.0171141
0.0128928
0.0104573
0.0119863
0.0393659
0.11875
0.237653
0.374387
0.509086
0.627214
0.720656
0.788344
0.832623
0.856674
0.863088
0.855142
0.841729
0.526989
1.70939
1.76851
0.166554
0.864112
1.30792
0.117412
0.464604
0.935788
0.0903144
0.22834
0.620442
0.083477
0.110645
0.384968
0.738495
1.04944
1.26652
1.41137
0.0818512
0.0629054
0.217412
0.516828
0.844262
1.11481
1.31242
1.4872
0.0814648
0.0473871
0.114249
0.344545
0.644362
0.9422
1.18538
1.38122
1.57066
1.75293
1.85911
1.87651
1.83526
1.77247
1.76245
1.75453
1.73012
1.69526
1.65629
1.63022
0.0813686
0.0429492
0.0600447
0.213233
0.468803
0.761191
1.03383
1.25615
1.44519
1.61162
1.71875
1.75632
1.73487
1.69353
1.67878
1.66731
1.64424
1.61111
1.57463
1.54909
0.081363
0.0417223
0.0373225
0.121761
0.327491
0.588516
0.86566
1.11108
1.31077
1.47342
1.58404
1.63711
1.63484
1.60826
1.59129
1.57675
1.55405
1.52267
1.48834
1.46347
0.0814092
0.0413281
0.0294955
0.0651277
0.214312
0.437826
0.694514
0.949812
1.16368
1.33192
1.44949
1.51553
1.53022
1.51633
1.49905
1.48266
1.46036
1.43091
1.39863
1.37451
0.0814857
0.041153
0.0270963
0.0361625
0.12908
0.312013
0.535311
0.780682
1.00429
1.18258
1.31011
1.38714
1.41658
1.41417
1.40065
1.38495
1.36419
1.33724
1.30719
1.28398
0.0815789
0.0410593
0.0263461
0.0243492
0.0708825
0.207894
0.396733
0.61687
0.836656
1.02364
1.16203
1.24974
1.29308
1.30231
1.29612
1.28439
1.26706
1.24357
1.2162
1.19414
0.0816803
0.0410128
0.0260449
0.0204238
0.037498
0.127075
0.281099
0.468867
0.670755
0.856678
1.00343
1.1017
1.159
1.18204
1.18761
1.18307
1.17132
1.15245
1.12836
1.10775
0.0817857
0.0409978
0.0258735
0.0191842
0.0217647
0.0690597
0.185685
0.341881
0.517582
0.69035
0.836848
0.944669
1.01811
1.05892
1.07897
1.0845
1.0803
1.06713
1.04685
1.02795
0.0818923
0.0410026
0.0257554
0.0187624
0.0165236
0.0343374
0.110566
0.236202
0.383607
0.536799
0.676777
0.792255
0.882202
0.941675
0.976486
0.993803
0.998381
0.991482
0.975244
0.958177
0.0819967
0.0410091
0.0256413
0.0184783
0.014948
0.0183491
0.057049
0.149256
0.271668
0.406101
0.541073
0.664042
0.76476
0.83923
0.88828
0.917387
0.930602
0.929699
0.917243
0.901899
0.0820668
0.0409281
0.0253749
0.0179968
0.0140273
0.0127043
0.0252702
0.0812023
0.179477
0.302
0.435889
0.565187
0.675925
0.762155
0.823047
0.861834
0.882008
0.885832
0.876309
0.862276
0.081892
0.0405
0.0247133
0.017114
0.0128927
0.0104571
0.0119848
0.0393576
0.118736
0.237641
0.374371
0.509066
0.627202
0.720647
0.788333
0.832616
0.856672
0.863087
0.855142
0.841729
0.528822
1.72621
1.78184
1.75969
0.166191
0.863575
1.30895
1.46607
0.117183
0.464402
0.935776
1.2388
0.0902583
0.227915
0.62015
0.988964
0.0834635
0.110363
0.384652
0.738317
1.04939
1.26654
1.41123
0.0818482
0.0627814
0.217146
0.516595
0.844141
1.1148
1.31244
1.48709
0.0814643
0.0473466
0.114068
0.344346
0.644193
0.94211
1.18539
1.38125
1.57062
1.75278
1.859
1.87626
1.83505
1.77238
1.76241
1.75451
1.7301
1.69523
1.65626
1.63019
0.0813686
0.0429383
0.0599421
0.213074
0.468632
0.761039
1.03378
1.25615
1.44517
1.61154
1.71863
1.75619
1.73479
1.69352
1.67876
1.66729
1.64421
1.61108
1.57461
1.54907
0.0813631
0.0417199
0.0372791
0.121646
0.327354
0.588368
0.865588
1.11105
1.31075
1.47337
1.58398
1.6371
1.63482
1.60825
1.59127
1.57673
1.55402
1.52265
1.48832
1.46345
0.0814094
0.0413277
0.0294814
0.065054
0.214204
0.437682
0.694423
0.949753
1.16364
1.33187
1.44945
1.51553
1.53021
1.51631
1.49903
1.48264
1.46034
1.43089
1.39861
1.37449
0.0814859
0.0411529
0.0270925
0.0361244
0.129001
0.311903
0.535204
0.780597
1.00423
1.18253
1.31006
1.38712
1.41654
1.41413
1.40063
1.38493
1.36417
1.33722
1.30717
1.28396
0.0815791
0.0410592
0.0263452
0.0243344
0.0708279
0.207827
0.396629
0.616762
0.836583
1.02358
1.16199
1.24971
1.29304
1.30227
1.2961
1.28437
1.26705
1.24355
1.21619
1.19413
0.0816805
0.0410128
0.0260448
0.0204188
0.037458
0.127014
0.281042
0.468791
0.67068
0.856611
1.00337
1.10166
1.15897
1.18201
1.1876
1.18306
1.17132
1.15244
1.12835
1.10774
0.0817859
0.040998
0.0258735
0.0191835
0.0217579
0.0690393
0.185655
0.341826
0.51751
0.690279
0.836782
0.944611
1.01807
1.05889
1.07896
1.08449
1.0803
1.06713
1.04685
1.02795
0.0818925
0.0410028
0.0257555
0.0187623
0.0165218
0.0343277
0.110546
0.236164
0.383547
0.536731
0.676708
0.792191
0.882167
0.941649
0.976472
0.993795
0.998377
0.991478
0.975241
0.958174
0.081997
0.0410094
0.0256413
0.0184783
0.0149477
0.0183458
0.0570364
0.14923
0.271624
0.40604
0.54101
0.663986
0.764732
0.839208
0.888261
0.917375
0.930598
0.929697
0.917241
0.901898
0.0820671
0.0409285
0.0253749
0.0179968
0.0140272
0.0127032
0.0252639
0.0811834
0.179443
0.301964
0.43585
0.565149
0.675906
0.76214
0.823031
0.861823
0.882005
0.885831
0.876308
0.862276
0.0818922
0.0405001
0.0247132
0.0171139
0.0128926
0.0104568
0.0119832
0.0393492
0.118722
0.237627
0.374352
0.509045
0.62719
0.720638
0.788321
0.832609
0.85667
0.863087
0.855141
0.841729
0.530647
1.74025
1.79243
1.76928
1.94328
0.165857
0.863542
1.31064
1.46934
1.56206
0.116961
0.464191
0.935765
1.23888
1.41197
0.0902012
0.227485
0.61983
0.98888
1.24229
1.39236
0.0834494
0.110073
0.384301
0.738092
1.04931
1.26651
1.41107
0.0818451
0.0626528
0.216852
0.516316
0.843977
1.11473
1.31242
1.48696
0.0814638
0.0473048
0.113869
0.344112
0.64399
0.941986
1.18537
1.38125
1.57058
1.75269
1.85901
1.87616
1.83492
1.77231
1.76233
1.75447
1.73006
1.69519
1.65623
1.63016
0.0813686
0.0429272
0.0598324
0.212891
0.468433
0.760872
1.03371
1.25613
1.44514
1.61145
1.7185
1.75606
1.73471
1.69351
1.67873
1.66725
1.64417
1.61104
1.57457
1.54903
0.0813633
0.0417174
0.0372335
0.121518
0.327197
0.588213
0.865479
1.11099
1.3107
1.47331
1.5839
1.63708
1.63479
1.60824
1.59124
1.57669
1.55399
1.52261
1.48828
1.46341
0.0814096
0.0413274
0.0294668
0.0649742
0.214085
0.437566
0.694303
0.94967
1.16358
1.33181
1.4494
1.5155
1.53019
1.51629
1.499
1.4826
1.46031
1.43086
1.39858
1.37446
0.0814861
0.041153
0.0270886
0.0360843
0.128914
0.311796
0.535082
0.780495
1.00415
1.18247
1.31001
1.38709
1.4165
1.4141
1.4006
1.3849
1.36415
1.3372
1.30715
1.28394
0.0815793
0.0410594
0.0263444
0.0243192
0.0707695
0.20775
0.396516
0.616645
0.836497
1.02351
1.16193
1.24968
1.293
1.30223
1.29607
1.28435
1.26704
1.24354
1.21617
1.19412
0.0816808
0.0410131
0.0260447
0.0204138
0.0374173
0.126949
0.280977
0.468705
0.670596
0.856536
1.00331
1.10162
1.15893
1.18197
1.18758
1.18305
1.1713
1.15243
1.12834
1.10773
0.0817862
0.0409981
0.0258735
0.0191829
0.0217507
0.0690168
0.18562
0.341767
0.517435
0.690203
0.836711
0.944547
1.01804
1.05886
1.07895
1.08449
1.08029
1.06712
1.04684
1.02794
0.0818927
0.0410028
0.0257554
0.0187622
0.0165199
0.0343173
0.110523
0.236122
0.383486
0.536659
0.676637
0.792125
0.882131
0.941623
0.976457
0.993786
0.998371
0.991474
0.975237
0.95817
0.0819972
0.0410094
0.0256414
0.0184783
0.0149474
0.018342
0.0570226
0.1492
0.271578
0.405978
0.540946
0.66393
0.764702
0.839186
0.888243
0.917364
0.930594
0.929694
0.917239
0.901896
0.0820673
0.0409285
0.025375
0.0179968
0.0140271
0.0127021
0.0252572
0.0811637
0.179408
0.301926
0.43581
0.565109
0.675887
0.762125
0.823015
0.861813
0.882001
0.88583
0.876307
0.862275
0.0818924
0.0405
0.0247131
0.0171138
0.0128925
0.0104565
0.0119815
0.0393408
0.118708
0.237613
0.374333
0.509023
0.627177
0.720627
0.788309
0.832602
0.856668
0.863086
0.855141
0.841729
0.532434
1.75182
1.80072
1.77676
1.94985
1.87134
0.16555
0.863996
1.31291
1.47307
1.56622
1.57829
0.116742
0.463949
0.935739
1.239
1.41213
1.49077
0.0901412
0.227027
0.619454
0.98874
1.24225
1.3923
0.0834344
0.109763
0.383895
0.737796
1.04916
1.26644
1.41093
0.0818417
0.0625163
0.216519
0.515971
0.843742
1.11461
1.31237
1.48682
0.0814632
0.0472608
0.113648
0.34383
0.643723
0.941802
1.1853
1.38122
1.57054
1.75267
1.85915
1.87618
1.8349
1.77229
1.76227
1.75441
1.73
1.69513
1.65617
1.6301
0.0813687
0.0429158
0.0597135
0.212678
0.468185
0.760652
1.03359
1.25608
1.44508
1.61134
1.71838
1.75593
1.73462
1.69347
1.67868
1.6672
1.64412
1.61098
1.57451
1.54898
0.0813635
0.041715
0.0371851
0.121373
0.32701
0.588019
0.865335
1.1109
1.31063
1.47323
1.58381
1.63703
1.63473
1.6082
1.59119
1.57664
1.55394
1.52256
1.48823
1.46336
0.0814098
0.0413271
0.0294515
0.0648871
0.213949
0.437424
0.694153
0.949558
1.1635
1.33174
1.44933
1.51546
1.53015
1.51624
1.49896
1.48256
1.46027
1.43082
1.39854
1.37442
0.0814864
0.0411531
0.0270847
0.0360416
0.128817
0.311672
0.534939
0.780371
1.00406
1.18238
1.30994
1.38704
1.41645
1.41405
1.40056
1.38487
1.36412
1.33717
1.30712
1.28391
0.0815796
0.0410595
0.0263435
0.0243032
0.0707067
0.207664
0.396391
0.616513
0.836392
1.02342
1.16185
1.24963
1.29294
1.30219
1.29604
1.28433
1.26701
1.24351
1.21615
1.19409
0.081681
0.0410131
0.0260445
0.0204087
0.037375
0.126881
0.280902
0.46861
0.670502
0.856452
1.00323
1.10157
1.15888
1.18193
1.18756
1.18303
1.17129
1.15241
1.12833
1.10772
0.0817864
0.0409981
0.0258735
0.0191823
0.0217427
0.0689907
0.185579
0.341702
0.517353
0.690119
0.836632
0.944481
1.01799
1.05883
1.07893
1.08448
1.08028
1.06711
1.04683
1.02793
0.0818929
0.0410028
0.0257555
0.0187622
0.0165179
0.0343059
0.110499
0.236077
0.383419
0.536584
0.676561
0.792056
0.882092
0.941592
0.976438
0.993775
0.998365
0.991468
0.975231
0.958165
0.0819974
0.0410095
0.0256415
0.0184784
0.0149471
0.018338
0.057008
0.14917
0.271529
0.405914
0.54088
0.663871
0.764671
0.839163
0.888224
0.917352
0.930589
0.929691
0.917236
0.901894
0.0820676
0.0409286
0.025375
0.0179968
0.014027
0.012701
0.0252505
0.0811442
0.179372
0.301885
0.435768
0.565069
0.675866
0.762108
0.822999
0.861803
0.881998
0.885828
0.876306
0.862274
0.0818926
0.0405001
0.024713
0.0171138
0.0128924
0.0104563
0.0119797
0.0393318
0.118692
0.237596
0.374312
0.508999
0.627163
0.720616
0.788297
0.832594
0.856666
0.863085
0.85514
0.841729
0.534162
1.76093
1.80713
1.78253
1.95499
1.8753
0.165265
0.864874
1.31565
1.4771
1.57056
1.58415
0.116514
0.463678
0.935707
1.23922
1.41247
1.49159
0.0900755
0.226513
0.618968
0.988478
1.24211
1.39225
0.0834178
0.109426
0.383409
0.737383
1.04889
1.26629
1.41078
0.0818382
0.0623715
0.216137
0.515545
0.843402
1.11441
1.31225
1.48666
0.0814626
0.0472145
0.113405
0.343492
0.643374
0.94154
1.18517
1.38112
1.57047
1.75268
1.85939
1.87652
1.83495
1.77222
1.76209
1.75431
1.72991
1.69504
1.65609
1.63002
0.0813687
0.0429037
0.0595862
0.212435
0.467887
0.760359
1.03341
1.25597
1.44497
1.61121
1.71826
1.75586
1.73462
1.69345
1.67857
1.66711
1.64403
1.61091
1.57444
1.54891
0.0813636
0.0417125
0.0371342
0.121214
0.326788
0.587762
0.865143
1.11076
1.31052
1.47311
1.58369
1.63697
1.63476
1.60823
1.59114
1.57657
1.55387
1.5225
1.48817
1.4633
0.08141
0.0413268
0.0294356
0.0647935
0.21379
0.437206
0.693972
0.949413
1.16338
1.33163
1.44923
1.51541
1.53013
1.51623
1.49892
1.4825
1.46021
1.43077
1.39849
1.37438
0.0814866
0.0411531
0.0270807
0.0359968
0.128712
0.311519
0.534776
0.780223
1.00394
1.18228
1.30985
1.38701
1.41641
1.41401
1.40053
1.38482
1.36407
1.33713
1.30708
1.28387
0.0815798
0.0410596
0.0263427
0.0242867
0.0706405
0.207569
0.396257
0.616369
0.836273
1.02332
1.16177
1.24959
1.2929
1.30214
1.296
1.28429
1.26698
1.24349
1.21612
1.19407
0.0816812
0.0410133
0.0260444
0.0204034
0.0373317
0.126808
0.28082
0.468506
0.670398
0.856357
1.00314
1.10152
1.15883
1.18189
1.18752
1.18301
1.17127
1.1524
1.12831
1.1077
0.0817866
0.0409984
0.0258735
0.0191816
0.0217342
0.0689631
0.185536
0.341632
0.517267
0.690029
0.836547
0.944412
1.01795
1.05879
1.07891
1.08446
1.08027
1.0671
1.04682
1.02792
0.0818931
0.0410031
0.0257555
0.0187621
0.0165157
0.0342942
0.110473
0.23603
0.383352
0.536504
0.676482
0.791985
0.882051
0.941564
0.976418
0.993759
0.998356
0.991461
0.975225
0.958159
0.0819976
0.0410096
0.0256415
0.0184784
0.0149467
0.0183338
0.056993
0.149138
0.271479
0.405849
0.540814
0.663808
0.764639
0.839142
0.888204
0.917339
0.930582
0.929687
0.917233
0.901891
0.0820678
0.0409287
0.025375
0.0179968
0.0140269
0.0126998
0.0252436
0.0811235
0.179336
0.301846
0.435726
0.565025
0.675845
0.762094
0.822983
0.861793
0.881994
0.885827
0.876305
0.862274
0.0818927
0.0405
0.0247129
0.0171137
0.0128922
0.010456
0.0119779
0.0393228
0.118676
0.237579
0.374291
0.508975
0.627149
0.720606
0.788285
0.832586
0.856663
0.863084
0.85514
0.841729
0.535808
1.76751
1.81204
1.78695
1.95905
1.87839
0.164979
0.866095
1.31875
1.48133
1.57502
1.58994
0.116254
0.463221
0.93548
1.2392
1.41258
1.49243
0.0900049
0.22595
0.618403
0.988133
1.24191
1.39221
0.0834023
0.109068
0.382883
0.736893
1.04855
1.26607
1.41068
0.0818353
0.0622207
0.215728
0.515058
0.843007
1.11413
1.31209
1.48652
0.0814625
0.0471681
0.113148
0.343132
0.642989
0.941239
1.185
1.381
1.57043
1.75284
1.85981
1.87633
1.8351
1.77242
1.76212
1.75421
1.7298
1.69494
1.65599
1.62993
0.0813691
0.0428925
0.0594535
0.212178
0.46756
0.760056
1.03323
1.25585
1.44489
1.61114
1.71822
1.75568
1.73432
1.69333
1.67851
1.66703
1.64395
1.61082
1.57436
1.54883
0.081364
0.0417107
0.0370822
0.121047
0.326558
0.587509
0.864953
1.11063
1.31042
1.47302
1.5836
1.6369
1.63452
1.60797
1.59101
1.5765
1.5538
1.52242
1.4881
1.46324
0.0814104
0.0413269
0.0294198
0.0646973
0.213631
0.437024
0.693795
0.949271
1.16327
1.33154
1.44915
1.51536
1.53002
1.51605
1.49879
1.48244
1.46015
1.43072
1.39843
1.37432
0.081487
0.0411536
0.0270768
0.0359515
0.128604
0.311377
0.534616
0.780082
1.00382
1.18219
1.30978
1.38693
1.41631
1.41387
1.40043
1.38477
1.36403
1.33709
1.30704
1.28384
0.0815801
0.04106
0.0263419
0.0242701
0.0705731
0.207472
0.396118
0.616231
0.836154
1.02323
1.1617
1.24953
1.29281
1.30201
1.29591
1.28425
1.26695
1.24346
1.2161
1.19404
0.0816815
0.0410136
0.0260444
0.0203982
0.0372884
0.126736
0.280737
0.4684
0.670293
0.856268
1.00308
1.10149
1.15878
1.18177
1.18741
1.18296
1.17125
1.15238
1.12829
1.10768
0.0817869
0.0409986
0.0258736
0.0191809
0.0217253
0.068934
0.185491
0.341557
0.517179
0.689945
0.836479
0.944366
1.0179
1.0587
1.07879
1.08441
1.08025
1.06709
1.04681
1.02791
0.0818934
0.0410032
0.0257556
0.018762
0.0165135
0.0342817
0.110446
0.235982
0.38328
0.536429
0.676416
0.791935
0.882007
0.941489
0.976329
0.993721
0.998347
0.991455
0.975218
0.958153
0.0819978
0.0410097
0.0256416
0.0184784
0.0149463
0.0183295
0.0569776
0.149108
0.271429
0.405782
0.540753
0.663763
0.764605
0.839091
0.888142
0.917306
0.930576
0.929684
0.91723
0.901888
0.082068
0.0409288
0.0253751
0.0179968
0.0140269
0.0126987
0.0252363
0.0811029
0.179302
0.301804
0.435685
0.564992
0.675823
0.762067
0.822948
0.861771
0.881989
0.885826
0.876304
0.862273
0.0818929
0.0404999
0.0247128
0.0171136
0.0128921
0.0104557
0.0119761
0.0393137
0.118659
0.23756
0.374269
0.508952
0.627134
0.720592
0.788268
0.832575
0.85666
0.863084
0.85514
0.841729
0.537344
1.77224
1.81572
1.79033
1.96226
0.164594
0.867369
1.32209
1.48554
1.57916
0.116028
0.463218
0.936303
1.24038
0.089945
0.225637
0.618572
0.988615
1.24206
1.39319
0.0833883
0.108883
0.382944
0.737422
1.04878
1.26724
1.41168
0.0818316
0.0621392
0.21577
0.515538
0.843291
1.11561
1.3138
1.48709
0.0814613
0.0471399
0.113161
0.343447
0.643279
0.942837
1.18719
1.38172
1.57066
1.75336
1.86187
1.88113
1.83969
1.77508
1.76247
1.75412
1.72972
1.69485
1.65591
1.62986
0.0813685
0.0428838
0.0594513
0.212402
0.467816
0.760833
1.03456
1.2562
1.44515
1.61145
1.71967
1.75866
1.73882
1.69787
1.68058
1.667
1.64387
1.61074
1.57429
1.54877
0.0813637
0.0417078
0.0370779
0.121188
0.326732
0.58818
0.866239
1.11098
1.31074
1.47335
1.58488
1.63946
1.63841
1.6126
1.59332
1.5765
1.55374
1.52236
1.48805
1.46318
0.0814103
0.0413256
0.0294174
0.0647723
0.213759
0.437597
0.694945
0.949639
1.1636
1.33189
1.45036
1.5181
1.53205
1.51865
1.50099
1.48245
1.46011
1.43067
1.39839
1.37428
0.0814869
0.0411527
0.0270758
0.0359829
0.128688
0.311785
0.535403
0.780419
1.00409
1.18252
1.31092
1.39165
1.41988
1.41628
1.40246
1.38478
1.364
1.33705
1.30701
1.2838
0.0815801
0.0410594
0.0263414
0.0242803
0.0706189
0.207547
0.396356
0.616527
0.836376
1.02353
1.16274
1.25125
1.29398
1.30424
1.29771
1.28423
1.26692
1.24343
1.21607
1.19402
0.0816815
0.0410131
0.0260439
0.0204001
0.0373008
0.126782
0.280892
0.468646
0.670506
0.856545
1.00404
1.10291
1.15968
1.18376
1.18884
1.1828
1.17122
1.15236
1.12827
1.10766
0.0817869
0.0409982
0.0258732
0.0191819
0.0217375
0.0689918
0.185603
0.341738
0.517378
0.690185
0.837315
0.945628
1.01869
1.06032
1.07984
1.08459
1.08024
1.06708
1.0468
1.0279
0.0818934
0.0410029
0.0257554
0.0187622
0.0165239
0.034358
0.110516
0.236091
0.383432
0.5366
0.677056
0.79291
0.882608
0.942685
0.977962
0.99439
0.998344
0.991449
0.975213
0.958148
0.0819978
0.0410096
0.0256415
0.0184786
0.0149485
0.0183527
0.0570115
0.149166
0.271511
0.405891
0.541165
0.664383
0.764984
0.839841
0.889182
0.917702
0.930572
0.929682
0.917228
0.901886
0.0820681
0.0409288
0.0253751
0.017997
0.0140272
0.0127003
0.0252479
0.0811288
0.179336
0.301854
0.43589
0.565299
0.676004
0.762418
0.823413
0.861928
0.881985
0.885825
0.876304
0.862272
0.081893
0.0404999
0.0247128
0.0171138
0.0128923
0.010456
0.0119782
0.0393189
0.118667
0.237569
0.374325
0.509031
0.627181
0.720693
0.788393
0.832607
0.856657
0.863084
0.85514
0.841729
0.081904
0.0655887
0.226478
0.528462
0.855677
1.12449
1.3199
1.49396
0.0814754
0.0481912
0.119307
0.352876
0.654454
0.952325
1.19464
1.38915
1.58007
1.76434
1.87119
1.88224
1.83826
1.77482
1.76227
1.75404
1.72966
1.69481
1.65587
1.62982
0.0813699
0.0431541
0.0624368
0.218991
0.476841
0.770649
1.04422
1.26491
1.45405
1.62074
1.72725
1.75985
1.73729
1.69727
1.6803
1.66696
1.64384
1.61071
1.57425
1.54874
0.0813615
0.0417671
0.0382323
0.125371
0.333417
0.59605
0.875443
1.12008
1.31929
1.48155
1.59135
1.64042
1.63678
1.61187
1.59302
1.5765
1.55371
1.52234
1.48802
1.46316
0.0814063
0.0413349
0.0297805
0.0671054
0.218576
0.443723
0.703179
0.95863
1.17187
1.33943
1.45618
1.51898
1.53047
1.5182
1.50074
1.48244
1.46009
1.43065
1.39837
1.37426
0.0814823
0.0411507
0.0271755
0.0370471
0.13191
0.316324
0.541709
0.788627
1.01181
1.18956
1.31631
1.39158
1.41959
1.41593
1.40222
1.38477
1.36398
1.33704
1.30699
1.28379
0.0815752
0.0410544
0.0263686
0.0246618
0.0725405
0.210394
0.400488
0.623099
0.843239
1.03005
1.16779
1.25461
1.29521
1.30388
1.29748
1.28422
1.26691
1.24342
1.21606
1.19401
0.0816768
0.0410072
0.0260524
0.0205084
0.038236
0.128608
0.283067
0.472701
0.676261
0.862389
1.00867
1.10619
1.1609
1.18344
1.18862
1.18278
1.17121
1.15235
1.12827
1.10766
0.0817824
0.0409923
0.0258766
0.0191958
0.0218972
0.0696387
0.187055
0.344622
0.521865
0.695015
0.841344
0.948508
1.0197
1.06007
1.07977
1.08452
1.08023
1.06707
1.0468
1.02789
0.0818892
0.0409979
0.0257572
0.0187654
0.0165644
0.0346543
0.111405
0.23801
0.386527
0.540115
0.680139
0.795117
0.883361
0.942494
0.977748
0.99432
0.998341
0.991448
0.975211
0.958146
0.0819941
0.041006
0.0256429
0.01848
0.0149567
0.0184489
0.0574626
0.150333
0.273459
0.408117
0.543083
0.665757
0.765456
0.839715
0.889048
0.917666
0.93057
0.92968
0.917227
0.901885
0.0820649
0.0409277
0.0253773
0.0179989
0.0140309
0.0127258
0.0254167
0.0817198
0.180394
0.302751
0.436632
0.565988
0.676226
0.762359
0.823349
0.861917
0.881983
0.885824
0.876303
0.862272
0.0818907
0.0405013
0.0247153
0.0171156
0.0128947
0.0104608
0.0120117
0.0394944
0.118934
0.237769
0.374546
0.509238
0.62724
0.720684
0.788374
0.832598
0.856657
0.863083
0.85514
0.841729
1.07307
2.03822
2.04295
1.99067
0.276502
0.802451
0.526506
1.64388
0.276169
0.803037
1.70473
1.76182
1.20102
1.38781
1.07381
2.04166
1.07587
2.05067
2.04676
1.99396
2.05677
2.00245
1.98867
1.94565
1.99747
1.95335
1.92781
1.64829
0.275877
0.803837
0.528338
1.66051
0.275639
0.804881
1.76565
1.20312
1.39057
1.72227
1.77586
1.20549
1.39353
1.76344
1.5023
1.54542
1.77876
1.77253
1.50544
1.54906
1.75686
1.5785
1.07651
2.05328
1.07828
2.06014
2.05969
2.00488
2.06733
2.0111
1.99999
1.95558
2.00641
1.96137
1.93012
1.93607
1.66426
0.275442
0.806102
0.530167
1.67458
0.275297
0.807527
1.77895
1.20808
1.39667
1.73699
1.7871
1.21087
1.39994
1.77533
1.50873
1.55278
1.78999
1.78259
1.51212
1.55652
1.91026
1.58255
1.6196
1.76704
1.91758
1.58659
1.62349
1.94143
1.67348
1.07882
2.06213
1.08035
2.06736
2.06955
2.01287
2.07533
2.01737
2.00823
1.96305
2.01284
1.96735
1.93779
1.94216
1.67773
0.275189
0.809088
0.531965
1.68636
0.275132
0.810813
1.78955
1.2138
1.4033
1.74915
1.79597
1.21688
1.40672
1.78482
1.5156
1.56027
1.79881
1.79055
1.51911
1.564
1.91966
1.59058
1.62732
1.77501
1.92545
1.59449
1.63109
1.8922
1.67739
1.68489
1.94842
1.89595
1.68119
1.68866
1.08082
2.06888
1.08213
2.07285
2.077
2.01864
2.08133
2.02184
2.01414
1.96859
2.01738
1.97175
1.94342
1.94658
1.68898
0.275108
0.812633
0.533709
1.69612
0.275131
0.81458
1.7979
1.22004
1.41018
1.75892
1.80291
1.22327
1.41365
1.79232
1.52264
1.56769
1.80566
1.79681
1.52615
1.57131
1.92708
1.59832
1.63476
1.78118
1.93167
1.60203
1.63834
1.89703
1.68489
1.69229
1.95389
1.89991
1.68846
1.69577
1.67079
1.87439
1.88937
1.67487
1.6195
1.08254
2.074
1.08366
2.07701
2.08257
2.02275
2.0857
2.025
2.01829
1.97266
2.02052
1.97494
1.94748
1.94973
1.69828
0.275181
0.816579
0.535379
1.70412
0.275273
0.818662
1.80441
1.22654
1.4171
1.76605
1.80828
1.22983
1.42052
1.7982
1.52963
1.57485
1.81091
1.80168
1.53307
1.5783
1.93294
1.60563
1.6418
1.78591
1.93659
1.60911
1.64516
1.90073
1.6919
1.6991
1.95819
1.90297
1.69522
1.70228
1.89034
1.67875
1.62519
1.87768
1.89276
1.68245
1.63058
1.08401
2.07788
1.085
2.08016
2.08657
2.02562
2.08869
2.02716
2.02113
1.9756
2.02262
1.9772
1.95038
1.95193
1.7058
0.275387
0.820764
0.536952
1.71013
0.275532
0.822891
1.80944
1.23312
1.4239
1.77122
1.81238
1.23634
1.42717
1.80276
1.53645
1.58167
1.81489
1.80538
1.5397
1.58489
1.93759
1.61246
1.64839
1.7895
1.94049
1.61565
1.65146
1.90361
1.6984
1.70531
1.9616
1.90535
1.70142
1.70816
1.8935
1.68596
1.63559
1.88026
1.68924
1.0853
2.08078
1.08725
2.08297
2.08923
2.02757
2.09076
2.02829
2.023
1.97768
2.02348
1.97608
1.95239
1.94995
1.71133
0.275674
0.824983
0.539145
1.71645
0.275907
0.827761
1.81324
1.23953
1.43043
1.77659
1.8166
1.2432
1.43393
1.80625
1.54295
1.58809
1.81912
1.80962
1.54658
1.59206
1.94127
1.61872
1.65444
1.79365
1.94004
1.62258
1.65748
1.7042
1.5474
1.75135
1.42271
1.71387
1.54361
1.75521
1.42652
1.65768
1.77643
1.61514
1.77209
1.6542
1.77983
1.61867
1.56115
1.76583
1.43726
1.72996
1.55768
1.76896
1.44079
1.66992
1.7892
1.62813
1.7847
1.66679
1.79193
1.63128
1.67593
1.74713
1.65435
1.76226
1.67313
1.74954
1.65732
1.57352
1.77756
1.45062
1.74336
1.5704
1.78008
1.45381
1.68074
1.79944
1.63956
1.79467
1.67797
1.80161
1.6423
1.6859
1.75609
1.66491
1.77128
1.68351
1.75797
1.66745
1.7737
1.93288
1.74991
1.94515
1.77198
1.93441
1.75194
1.58444
1.78699
1.4626
1.75436
1.58168
1.789
1.46544
1.69016
1.80757
1.64943
1.80246
1.68773
1.80928
1.6518
1.69417
1.76309
1.67386
1.7783
1.69221
1.76454
1.67603
1.78042
1.93819
1.75812
1.95132
1.77905
1.93937
1.75977
1.72755
1.85064
1.72336
1.87242
1.72582
1.85158
1.72494
1.59393
1.79449
1.47312
1.76277
1.59153
1.79606
1.47555
1.69827
1.81397
1.65786
1.80846
1.69616
1.8153
1.65988
1.70091
1.76847
1.68139
1.7837
1.69932
1.76957
1.68322
1.78594
1.94226
1.76495
1.95616
1.78484
1.9432
1.76629
1.73339
1.85429
1.72918
1.87614
1.732
1.85492
1.73047
1.60208
1.80033
1.48206
1.76885
1.60001
1.80154
1.48413
1.7052
1.81898
1.66498
1.81305
1.70338
1.82002
1.6667
1.70644
1.77256
1.68769
1.78783
1.70514
1.77339
1.68923
1.79049
1.94544
1.77066
1.95999
1.78963
1.94618
1.77174
1.73811
1.85695
1.73398
1.87905
1.73699
1.85739
1.73503
1.60901
1.80476
1.48953
1.77331
1.60719
1.80579
1.49131
1.71123
1.82285
1.67096
1.81659
1.70956
1.82377
1.67252
1.71097
1.77565
1.69298
1.791
1.7099
1.77629
1.69432
1.79395
1.94791
1.77528
1.96287
1.79341
1.94836
1.77608
1.07151
1.74901
2.03059
1.99096
1.07231
1.75256
1.75083
2.03454
1.99719
1.99417
2.03889
2.02331
2.01954
1.98714
2.005
2.00126
1.0392
1.63454
1.45884
1.32263
1.04174
1.6393
1.46614
1.32973
1.46256
1.32616
1.04417
1.53617
1.69988
1.74721
1.41899
1.74294
1.41509
1.54009
1.54292
1.75785
1.74782
1.60779
1.74366
1.60403
1.54679
1.75417
1.07452
1.7557
2
2.04487
2.00264
1.07521
1.75849
1.75713
2.04787
2.00743
2.00511
2.02685
2.05032
2.03013
2.0085
1.99701
2.01172
2.05366
2.03604
2.0332
1.99984
2.0175
2.01473
1.97884
1.99183
1.98183
1.96205
1.94839
1.96492
1.99476
1.98721
1.98462
1.95097
1.97007
1.96759
1.92535
1.89577
1.89378
1.97133
1.96966
1.04908
1.4696
1.33322
1.65252
1.04669
1.47294
1.33675
1.05158
1.6566
1.47928
1.34368
1.47617
1.3402
1.05395
1.55396
1.75181
1.61115
1.76922
1.55026
1.75554
1.61477
1.55081
1.71816
1.76244
1.4338
1.75896
1.43012
1.55445
1.55725
1.77267
1.76246
1.62141
1.75913
1.61798
1.56075
1.64115
1.76548
1.66075
1.7666
1.63777
1.76875
1.66424
1.66067
1.77555
1.78621
1.62515
1.78316
1.62183
1.66397
1.64407
1.76971
1.77486
1.67032
1.77194
1.66705
1.64724
1.66731
1.75398
1.7445
1.6516
1.74178
1.64843
1.67031
1.75976
1.07712
1.76097
2.00959
2.05573
2.01163
1.07771
1.76317
1.76209
2.05801
2.01532
2.01353
2.03871
2.06241
2.04117
2.02008
2.00711
2.02245
2.06496
2.04561
2.04348
2.00919
2.02668
2.02466
1.98961
2.00229
1.99183
1.97237
1.95765
1.97451
2.00444
1.99581
1.9939
1.95959
1.97833
1.97649
1.89762
1.93224
1.89929
1.97289
1.97432
1.93424
1.90225
1.90085
1.97686
1.97564
1.05868
1.48227
1.34704
1.66784
1.05639
1.48514
1.3504
1.06107
1.67129
1.49058
1.35694
1.48792
1.35367
1.0633
1.56716
1.76566
1.62443
1.7818
1.56385
1.76864
1.62769
1.56423
1.73356
1.77483
1.44747
1.77201
1.4441
1.56752
1.57006
1.78456
1.77414
1.6336
1.7715
1.63054
1.57316
1.65301
1.77771
1.67294
1.77785
1.65001
1.78032
1.67603
1.67256
1.78746
1.79705
1.63697
1.79461
1.63404
1.6755
1.65555
1.78035
1.78519
1.68134
1.78287
1.67846
1.65833
1.63926
1.70868
1.73215
1.91289
1.63673
1.71082
1.73476
1.67853
1.76478
1.75401
1.66258
1.75188
1.65984
1.68111
1.64166
1.91524
1.71475
1.73993
1.71284
1.73755
1.644
1.76788
1.93933
1.93138
1.74745
1.92964
1.7452
1.76981
1.76417
1.07935
1.76513
2.01699
2.064
2.01856
1.07986
1.76687
1.76602
2.06573
2.0214
2.02002
2.04761
2.07161
2.04945
2.02856
2.01449
2.03027
2.07354
2.05277
2.05118
2.01599
2.03332
2.03187
1.99759
2.00989
1.99922
1.98002
1.96458
1.98159
2.01144
2.00215
2.00075
1.96603
1.98438
1.98304
1.90358
1.93935
1.90477
1.97798
1.97902
1.94082
1.9069
1.9059
1.98086
1.97998
1.06773
1.49313
1.36007
1.68073
1.0656
1.49557
1.36319
1.06996
1.68362
1.50018
1.3692
1.49793
1.36621
1.07201
1.57877
1.77668
1.63625
1.7918
1.57586
1.77902
1.63913
1.57623
1.74633
1.78479
1.4598
1.78255
1.45678
1.57916
1.58127
1.79398
1.78335
1.64429
1.78128
1.6416
1.58397
1.66333
1.78746
1.68358
1.78681
1.66071
1.78952
1.6863
1.68303
1.79684
1.80567
1.64722
1.80375
1.64469
1.68561
1.6655
1.7888
1.79335
1.69087
1.79154
1.68835
1.66792
1.64838
1.71654
1.7425
1.92175
1.64622
1.71823
1.74466
1.68808
1.77325
1.76147
1.67192
1.75981
1.66958
1.69023
1.65042
1.92359
1.72131
1.749
1.71982
1.74704
1.6524
1.75339
1.91053
1.74833
1.89354
1.7517
1.91188
1.75013
1.77569
1.94677
1.93706
1.75604
1.93571
1.7542
1.77723
1.75519
1.89477
1.91427
1.75344
1.91308
1.75183
1.7567
1.76767
1.08127
1.76843
2.02268
2.07029
2.02389
1.08171
1.76981
1.76913
2.07162
2.02607
2.02501
2.05426
2.07855
2.05564
2.03466
2.0198
2.03588
2.08
2.0581
2.05692
2.02087
2.03803
2.03701
2.00345
2.01531
2.00464
1.98561
1.96972
1.98675
2.0164
2.00677
2.00575
1.97079
1.98877
1.9878
1.90786
1.94455
1.9087
1.98167
1.98242
1.94562
1.91021
1.90951
1.98375
1.98312
1.07608
1.50234
1.37206
1.69147
1.07413
1.50439
1.37489
1.07812
1.69386
1.50827
1.38031
1.50638
1.37762
1.07998
1.58881
1.78534
1.64657
1.79966
1.58628
1.78717
1.64908
1.5868
1.75675
1.79275
1.47069
1.79097
1.46805
1.58937
1.59094
1.80137
1.79053
1.65352
1.78893
1.65119
1.59326
1.67222
1.79514
1.69276
1.79388
1.66995
1.79676
1.69513
1.69211
1.80414
1.81248
1.65599
1.81097
1.65382
1.69436
1.67406
1.79545
1.79976
1.699
1.79835
1.69684
1.67613
1.65609
1.72271
1.75119
1.92874
1.65427
1.72403
1.75296
1.69595
1.77984
1.76723
1.67979
1.76597
1.6778
1.69771
1.6578
1.93018
1.72644
1.75659
1.72527
1.75498
1.65946
1.7597
1.91531
1.75498
1.89806
1.75834
1.91635
1.75644
1.78209
1.95257
1.94141
1.76319
1.94036
1.76169
1.78332
1.76119
1.899
1.91818
1.75915
1.91726
1.75783
1.76241
1.72908
1.87344
1.85339
1.72784
1.85263
1.72642
1.73063
1.66616
1.88839
1.81016
1.65368
1.8094
1.65148
1.66789
1.77044
1.08293
1.77105
2.02704
2.07508
2.02797
1.0833
1.77215
1.77161
2.07608
2.02963
2.02882
2.05921
2.08371
2.06021
2.03898
2.02356
2.03983
2.08475
2.06202
2.06116
2.02431
2.04133
2.04062
2.00771
2.0191
2.00858
1.98965
1.97348
1.99047
2.01985
2.01011
2.00938
1.97426
1.9919
1.99121
1.91089
1.94829
1.91147
1.98434
1.98487
1.94906
1.91251
1.91204
1.98583
1.98538
1.08365
1.51007
1.38287
1.70032
1.08191
1.51179
1.3854
1.0855
1.70228
1.51502
1.3902
1.51345
1.38782
1.08716
1.59739
1.79208
1.65545
1.80577
1.59522
1.79348
1.65761
1.59594
1.76448
1.79898
1.48001
1.7976
1.47777
1.59816
1.59917
1.80709
1.79606
1.66138
1.79484
1.65939
1.60116
1.6798
1.80116
1.70056
1.7994
1.67785
1.80241
1.70256
1.69991
1.80976
1.8178
1.6634
1.81663
1.66156
1.70185
1.68134
1.80063
1.80474
1.70572
1.80365
1.70392
1.68311
1.66254
1.72753
1.75845
1.93427
1.66103
1.72855
1.75989
1.70237
1.78489
1.77161
1.68636
1.77066
1.68469
1.70381
1.66397
1.9354
1.73042
1.76292
1.72952
1.76162
1.66535
1.76486
1.91897
1.7604
1.90153
1.76377
1.91978
1.76159
1.78735
1.95713
1.94478
1.76914
1.94395
1.76793
1.78833
1.76611
1.90226
1.92119
1.7638
1.92047
1.76273
1.76709
1.67105
1.81105
1.65574
1.89118
1.66951
1.81167
1.6577
1.73463
1.87693
1.85624
1.73286
1.85571
1.73169
1.73588
1.67253
1.89202
1.81296
1.66133
1.81245
1.65956
1.67393
1.77265
1.08435
1.77314
2.03037
2.0787
2.03108
1.08468
1.77404
1.7736
2.07945
2.03235
2.03173
2.06282
2.08735
2.06355
2.04198
2.02619
2.04256
2.08806
2.06484
2.06422
2.0267
2.04356
2.04309
2.01079
2.02168
2.01141
1.99253
1.97617
1.99311
2.02218
2.01252
2.01199
1.97673
1.99412
1.99364
1.91299
1.95093
1.91338
1.98626
1.98663
1.95148
1.91409
1.91378
1.98731
1.987
1.09044
1.51653
1.39245
1.70737
1.0889
1.51795
1.39465
1.09207
1.7088
1.52063
1.39875
1.51934
1.39673
1.0935
1.60467
1.79725
1.66302
1.81048
1.60281
1.79833
1.66488
1.60377
1.7701
1.80376
1.48779
1.80273
1.48596
1.60565
1.60613
1.8115
1.80027
1.66804
1.79937
1.66636
1.60779
1.68625
1.80583
1.70699
1.80367
1.68457
1.8068
1.70869
1.70658
1.81404
1.82195
1.66961
1.82106
1.66809
1.70824
1.68753
1.80463
1.8086
1.71127
1.80778
1.70976
1.68904
1.66792
1.73127
1.76452
1.93866
1.66667
1.73206
1.76568
1.70764
1.78875
1.77491
1.69187
1.77422
1.69044
1.70883
1.66907
1.93954
1.73348
1.7681
1.73281
1.76711
1.67018
1.76912
1.9218
1.76484
1.90423
1.76824
1.92244
1.7658
1.79168
1.96075
1.94742
1.77411
1.94675
1.77314
1.79244
1.77017
1.90479
1.92354
1.76759
1.92297
1.76674
1.77096
1.6765
1.81366
1.66299
1.89414
1.67525
1.81408
1.66456
1.73912
1.87968
1.85839
1.73702
1.85802
1.73606
1.74012
1.67775
1.89478
1.8147
1.66609
1.77445
1.0856
1.77489
2.0329
2.08143
2.0335
1.77688
1.08604
1.77548
2.03533
2.08195
2.03408
2.06539
2.08978
2.06594
2.04397
2.02798
2.04439
2.06678
2.09017
2.06635
2.04488
2.02823
2.04466
2.013
2.02339
2.01348
1.99458
1.97804
1.995
2.01341
2.02355
2.01377
1.99428
1.97826
1.99522
1.91443
1.95273
1.91458
1.9876
1.98772
1.91121
1.9527
1.91422
1.98317
1.98714
1.09626
1.52187
1.40068
1.71257
1.09505
1.52307
1.40256
1.52742
1.40738
1.10033
1.09777
1.71388
1.52455
1.40442
1.61087
1.80114
1.66943
1.81414
1.6092
1.80206
1.67109
1.80875
1.4956
1.61314
1.61063
1.77443
1.80688
1.49287
1.80471
1.67471
1.61452
1.61223
1.81507
1.80303
1.67255
1.69184
1.80946
1.71235
1.80697
1.69029
1.8103
1.71388
1.82647
1.67606
1.71523
1.71282
1.81751
1.82483
1.6739
1.81321
1.7179
1.69607
1.69349
1.80826
1.81144
1.71561
1.67254
1.73416
1.76959
1.94208
1.6714
1.73494
1.77068
1.77825
1.69863
1.71417
1.71259
1.79224
1.77733
1.69622
1.73847
1.7735
1.67437
1.67347
1.94231
1.73621
1.77205
0.734288
0.525591
1.11093
0.285515
0.474507
0.127876
0.28736
0.166751
0.473872
0.12779
0.287126
0.864592
1.1474
0.578567
0.922133
0.738368
1.11661
0.285645
0.52741
0.737457
1.11838
0.28557
0.473275
0.127706
0.286867
0.166374
0.472788
0.127623
0.286635
1.14747
0.577992
0.922045
0.863803
1.14773
0.57751
0.922049
1.41329
1.10365
1.28125
1.30837
1.4143
1.10355
1.28133
0.742752
1.12353
0.28583
0.529244
0.741785
1.12512
0.285793
0.472343
0.127541
0.286381
0.166025
0.472011
0.127461
0.286156
1.1481
0.576997
0.921976
0.863519
1.14866
0.57658
0.92201
1.41544
1.10342
1.28144
1.30974
1.41676
1.10346
1.28167
1.52207
1.343
1.44222
1.46765
1.52382
1.34342
1.4426
0.747253
1.12973
0.286155
0.531063
0.746277
1.13115
0.286146
0.471721
0.127383
0.285912
0.165705
0.471547
0.127305
0.285698
1.14932
0.576137
0.921978
0.863733
1.15015
0.57579
0.922063
1.41819
1.10347
1.28194
1.31174
1.41978
1.10367
1.28235
1.52566
1.34391
1.44308
1.47116
1.52762
1.34455
1.44368
1.58611
1.47099
1.52981
1.56412
1.58835
1.47173
1.53066
0.751729
1.13525
0.286589
0.532835
0.750776
1.1365
0.286601
0.47141
0.127228
0.285463
0.165411
0.47138
0.12715
0.285255
1.15107
0.575409
0.922089
0.864413
1.15213
0.575121
0.922228
1.42143
1.10381
1.28277
1.31425
1.42322
1.10411
1.28332
1.52964
1.34522
1.44435
1.47506
1.53174
1.34603
1.44512
1.59061
1.47252
1.53156
1.56838
1.59292
1.47343
1.53259
1.54977
1.5158
1.52638
1.58123
1.55443
1.51729
1.52896
0.756054
1.14011
0.287101
0.534542
0.755162
1.14121
0.287127
0.471373
0.127073
0.285028
0.165129
0.471453
0.126989
0.284809
1.15326
0.574816
0.922329
0.865476
1.15452
0.574575
0.922524
1.42504
1.10439
1.28393
1.3172
1.42698
1.1048
1.28464
1.53386
1.34692
1.446
1.47921
1.53607
1.34792
1.44696
1.59521
1.47445
1.5337
1.57281
1.59756
1.47555
1.5349
1.55904
1.51887
1.5316
1.58708
1.56359
1.52054
1.53441
0.760101
1.14439
0.287662
0.536169
0.759322
1.14535
0.287693
0.471533
0.1269
0.284538
0.164818
0.471635
0.126792
0.284242
1.1558
0.574204
0.922587
0.866789
1.15715
0.573869
0.922737
1.42892
1.10504
1.28521
1.32037
1.43088
1.10542
1.28588
1.53825
1.34873
1.4478
1.48339
1.54036
1.3496
1.44867
1.59984
1.47646
1.53597
1.57705
1.60194
1.47735
1.53705
1.56802
1.52205
1.53713
1.59257
1.5722
1.52356
1.53988
0.763407
1.14812
0.288209
0.537653
0.76305
1.14896
0.288179
0.471604
0.126693
0.283924
0.164472
0.472364
0.126614
0.284026
1.15849
0.573724
0.923013
0.869085
1.16087
0.574441
0.924257
1.43295
1.10611
1.28708
1.32509
1.43641
1.108
1.28952
1.54223
1.35128
1.45
1.48889
1.54547
1.35407
1.45216
1.47912
0.735397
0.526078
1.11475
0.285527
1.11288
0.736307
0.285616
0.739574
0.527905
1.12185
0.28567
1.12016
0.740564
0.285717
0.744006
0.529738
1.12824
0.285964
1.12672
0.745029
0.285977
0.748519
0.531546
1.13392
0.286373
1.13257
0.749535
0.28636
0.752974
0.533306
1.13894
0.286867
1.13776
0.75395
0.286835
0.757262
0.534994
1.14336
0.287415
1.14232
0.758153
0.287376
0.761257
0.5366
1.14723
0.287964
1.14632
0.761955
0.287943
1.15231
0.288543
0.766171
0.764559
0.538129
1.15007
0.288363
1.92966
2.1212
0.771528
1.93277
2.12367
0.77292
1.88043
2.07806
0.757969
1.93521
2.12579
0.774089
1.88256
2.08008
0.759045
1.93717
2.12763
0.775102
1.8843
2.08189
0.760011
1.93875
2.12922
0.775907
1.72211
2.53085
1.03596
2.19301
2.49849
0.901454
2.15377
2.42772
0.87694
2.04778
2.28223
0.826208
1.72232
2.53095
1.036
2.19471
2.49972
0.902075
1.72291
2.53121
1.03612
2.19921
2.50315
0.903785
2.15577
2.42915
0.877655
2.04942
2.28345
0.826904
2.16111
2.43315
0.879632
2.05363
2.28671
0.828791
2.02676
2.24707
0.813392
1.98223
2.19813
0.798366
2.03118
2.25036
0.81527
1.98649
2.20155
0.800135
1.96779
2.18352
0.79349
1.72308
2.53129
1.03615
2.20054
2.50422
0.904309
1.72357
2.53152
1.03625
2.20408
2.50723
0.905771
2.16269
2.43441
0.880245
2.05482
2.2877
0.829359
2.16692
2.43794
0.881948
2.05784
2.29034
0.830903
2.03242
2.25135
0.815833
1.98773
2.20259
0.800692
2.03558
2.25399
0.817359
1.99091
2.20541
0.802159
1.96913
2.18462
0.794055
1.97259
2.18758
0.795546
1.72372
2.53158
1.03628
2.20513
2.50816
0.906226
1.72412
2.53178
1.03636
2.20796
2.51077
0.907495
2.16817
2.43906
0.882479
2.05869
2.29115
0.831369
2.17155
2.4422
0.883959
2.06086
2.29332
0.832638
2.03647
2.25479
0.817818
1.99184
2.20628
0.802626
2.03871
2.25693
0.819066
1.99422
2.20862
0.803847
1.97359
2.18848
0.79602
1.97614
2.19092
0.797261
1.72425
2.53183
1.03639
2.2088
2.51159
0.907887
1.7246
2.532
1.03645
2.21108
2.51392
0.908983
2.17255
2.4432
0.88442
2.06148
2.29399
0.833022
2.17525
2.44601
0.885712
2.06304
2.29581
0.834069
2.03934
2.25759
0.819441
1.99491
2.20935
0.804239
2.04091
2.25935
0.820461
1.9967
2.21134
0.805256
1.97688
2.19167
0.797659
1.97875
2.19371
0.798688
1.7247
2.53205
1.03647
2.21177
2.51466
0.909323
1.725
2.53219
1.03653
2.21364
2.51675
0.910285
2.17603
2.44689
0.886118
2.06348
2.29638
0.834387
2.17805
2.44931
0.887246
2.06461
2.29793
0.835265
2.04135
2.2599
0.82077
1.99722
2.21195
0.805588
2.04245
2.26137
0.821616
1.99857
2.21365
0.806452
1.97929
2.19433
0.799024
1.98067
2.19605
0.799892
1.72509
2.53223
1.03655
2.2142
2.51742
0.910581
1.72535
2.53233
1.03658
2.21569
2.51927
0.911383
2.17861
2.45006
0.887589
2.06493
2.29843
0.83553
2.18001
2.45202
0.888504
2.06576
2.29975
0.836224
2.04276
2.26184
0.82187
1.99897
2.21418
0.806728
2.04353
2.26307
0.822532
1.99998
2.21573
0.807374
1.98108
2.19658
0.800168
1.98209
2.1981
0.800835
1.72543
2.53235
1.03659
2.2161
2.51994
0.911616
1.72675
2.53121
1.03644
2.21663
2.51469
0.910723
2.18037
2.45268
0.888767
2.06598
2.30022
0.836431
2.18032
2.44746
0.887885
2.06504
2.29447
0.835432
2.04372
2.26349
0.822724
2.00029
2.21619
0.807529
2.04245
2.25646
0.821495
1.99393
2.19457
0.805269
1.98239
2.1985
0.80102
1.97543
2.17481
0.798591
1.92817
2.12185
0.772566
1.93057
2.12189
0.771942
1.92892
2.12248
0.772941
1.93071
2.12404
0.773866
1.93349
2.12428
0.773259
1.93131
2.1246
0.774168
1.85915
2.05354
0.74883
1.881
2.07859
0.758253
1.85969
2.05405
0.74914
1.9327
2.12595
0.774955
1.93579
2.12633
0.774377
1.93319
2.12645
0.775211
1.86125
2.0556
0.75
1.88302
2.08055
0.759295
1.86163
2.05599
0.750259
1.9343
2.12761
0.775905
1.93765
2.12815
0.775331
1.9347
2.12808
0.776122
1.86282
2.0573
0.750994
1.88468
2.08231
0.760233
1.86311
2.05764
0.751215
1.93559
2.12906
0.776675
1.93872
2.12848
0.775987
1.93553
2.12846
0.77676
1.72165
2.53065
1.03586
2.18924
2.49587
0.900126
1.72188
2.53075
1.03591
2.20028
2.71925
0.98345
2.19119
2.49721
0.900805
2.24045
2.60629
0.937729
2.15164
2.42625
0.876199
2.11294
2.37205
0.858324
2.04599
2.28096
0.825476
2.08133
2.32919
0.843137
2.20092
2.71968
0.983664
1.72253
2.53104
1.03604
2.24175
2.60716
0.938173
2.19631
2.5009
0.90267
1.72272
2.53112
1.03608
2.20263
2.72094
0.984261
2.19781
2.50205
0.903239
2.24521
2.60967
0.939409
2.11472
2.37336
0.859035
2.15766
2.43053
0.878339
2.08316
2.33057
0.843876
2.05094
2.28459
0.827565
2.15943
2.43186
0.879
2.11933
2.37689
0.860949
2.05234
2.28569
0.828194
2.08784
2.33426
0.845867
2.01034
2.22613
0.807335
2.02836
2.24822
0.81405
1.99728
2.21366
0.803838
1.98375
2.19932
0.798973
2.02983
2.24933
0.814677
2.01453
2.22929
0.809098
1.98518
2.20047
0.799584
2.00151
2.21695
0.805619
1.96635
2.18238
0.792932
1.94493
2.16302
0.7869
2.20313
2.72133
0.984443
1.72325
2.53137
1.03619
2.24624
2.61045
0.93979
2.20179
2.50526
0.904814
1.72341
2.53144
1.03622
2.20451
2.72244
0.984955
2.20297
2.50626
0.905299
2.24903
2.61269
0.940858
2.12065
2.37796
0.861534
2.16418
2.43562
0.880833
2.08916
2.33537
0.846473
2.05591
2.28862
0.829899
2.16559
2.4368
0.881403
2.12408
2.38086
0.863114
2.05691
2.28951
0.830414
2.09251
2.33828
0.848123
2.01572
2.23024
0.809637
2.03357
2.25227
0.816368
2.00272
2.21795
0.806168
1.98886
2.20357
0.801194
2.03462
2.25316
0.816877
2.01877
2.23278
0.811067
1.98993
2.20452
0.801705
2.00582
2.22062
0.807625
1.94606
2.16388
0.787384
1.97037
2.18565
0.794564
1.97153
2.18665
0.795083
1.94888
2.1661
0.788637
1.97171
2.13878
0.781872
2.20492
2.72278
0.985113
1.72386
2.53165
1.03631
2.24987
2.61339
0.94119
2.20613
2.50906
0.906665
1.72399
2.53171
1.03634
2.20606
2.72378
0.985557
2.20707
2.50993
0.907088
2.25215
2.61542
0.942123
2.12507
2.38176
0.863602
2.16936
2.44013
0.882989
2.09345
2.33915
0.848619
2.05948
2.2919
0.831812
2.17048
2.44118
0.883484
2.12765
2.38421
0.864921
2.0602
2.29264
0.832236
2.09582
2.34147
0.849962
2.01963
2.23355
0.811507
2.03728
2.25553
0.818255
2.0067
2.22143
0.808077
1.99268
2.20709
0.803041
2.03803
2.25626
0.818671
2.02185
2.23564
0.812675
1.99348
2.20788
0.80347
2.00895
2.22362
0.809272
1.94968
2.16676
0.789022
1.9745
2.18933
0.796443
1.97536
2.19015
0.796878
1.95171
2.16854
0.790028
1.97495
2.14177
0.783348
2.2064
2.72409
0.985694
1.72437
2.53189
1.03641
2.25283
2.61605
0.942414
2.2096
2.51239
0.908265
1.72448
2.53195
1.03643
2.20734
2.72499
0.98608
2.21036
2.51317
0.90863
2.2547
2.61787
0.943232
2.1284
2.38497
0.865331
2.1735
2.44416
0.884864
2.09648
2.34218
0.850366
2.06204
2.29462
0.833387
2.1744
2.4451
0.885296
2.13037
2.38707
0.866441
2.06256
2.29524
0.833737
2.09816
2.34409
0.851463
2.02248
2.23628
0.813038
2.03991
2.2582
0.819798
2.00959
2.22429
0.809645
1.99555
2.21003
0.804583
2.04043
2.2588
0.820138
2.0241
2.23803
0.813996
1.99615
2.21071
0.804943
2.01123
2.22611
0.810624
1.9523
2.16909
0.790344
1.97754
2.19237
0.798008
1.97818
2.19306
0.798371
1.95381
2.17063
0.791176
2.20762
2.72526
0.9862
1.7248
2.5321
1.03649
2.25526
2.61844
0.943488
2.21242
2.51537
0.909655
1.7249
2.53215
1.03651
2.20841
2.72606
0.986543
2.21304
2.51607
0.909975
2.25679
2.62007
0.944212
2.13094
2.38772
0.86679
2.17676
2.44773
0.886509
2.09863
2.34468
0.851795
2.06388
2.29691
0.834692
2.17743
2.44854
0.886888
2.13244
2.38954
0.867738
2.06426
2.29744
0.834986
2.09981
2.34627
0.852707
2.02457
2.23857
0.814298
2.04175
2.26041
0.821064
2.0117
2.22667
0.810935
1.9977
2.21253
0.805879
2.04211
2.26091
0.821348
2.02578
2.24004
0.8151
1.99816
2.21311
0.806189
2.01289
2.22819
0.811749
1.95425
2.17111
0.791445
1.97978
2.19492
0.799316
1.98025
2.1955
0.799627
1.95537
2.17245
0.792157
1.86545
2.00218
0.732884
2.20865
2.7263
0.986646
1.72518
2.53227
1.03656
2.25725
2.62058
0.944434
2.21473
2.51805
0.910866
1.72527
2.5323
1.03657
2.20932
2.72701
0.986915
2.21522
2.5187
0.911132
2.25851
2.62202
0.945031
2.13288
2.39012
0.868032
2.17913
2.45075
0.887914
2.10014
2.34679
0.852981
2.06522
2.29887
0.835779
2.17959
2.45143
0.88822
2.13403
2.39173
0.868778
2.0655
2.29935
0.83601
2.10098
2.34813
0.853696
2.02613
2.24052
0.81535
2.04304
2.26226
0.822108
2.01324
2.22868
0.812003
1.99932
2.21471
0.806958
2.04329
2.2627
0.822328
2.02704
2.24183
0.815964
1.99968
2.2152
0.807196
2.01412
2.23002
0.81262
1.95571
2.17288
0.79238
1.98143
2.19712
0.800399
1.97972
2.14699
0.785929
1.98179
2.19762
0.800637
1.95656
2.17416
0.792908
2.20952
2.72721
0.986995
1.72551
2.53237
1.0366
2.25888
2.62252
0.945208
2.21655
2.5203
0.911815
2.21037
2.72451
0.986428
1.72572
2.53178
1.03667
2.25987
2.61841
0.944395
2.21641
2.51948
0.911908
2.13436
2.39229
0.86901
2.18074
2.45305
0.888991
2.1012
2.3486
0.853903
2.0662
2.30043
0.836613
2.13416
2.38713
0.868032
2.18049
2.45205
0.88909
2.10052
2.34321
0.852927
2.06585
2.29918
0.836669
2.0273
2.24226
0.816123
2.04392
2.26365
0.822894
2.01437
2.23043
0.812749
2.0003
2.21582
0.807632
2.02477
2.23341
0.814096
2.04339
2.26205
0.822918
2.01011
2.21662
0.810128
1.99989
2.21328
0.806989
1.95683
2.17454
0.793021
1.9824
2.19795
0.801124
1.98108
2.14876
0.786742
1.94934
2.14932
0.79031
1.98173
2.19525
0.800417
1.97072
2.12067
0.78357
1.86386
2.0003
0.731993
1.9674
2.13518
0.780111
1.90058
2.09721
0.764247
1.9686
2.13615
0.780583
1.90399
2.09974
0.765591
1.9288
2.12053
0.771188
1.90493
2.10049
0.765945
1.97261
2.13958
0.782267
1.90759
2.1026
0.767082
1.89905
2.09789
0.764984
1.93212
2.12313
0.77263
1.901
2.09961
0.765928
1.90832
2.10323
0.767373
1.97563
2.14245
0.783681
1.91042
2.10503
0.76834
1.97741
2.14431
0.784603
1.90157
2.10013
0.766209
1.93471
2.12534
0.773837
1.90309
2.10161
0.767013
1.88206
2.07959
0.758789
1.86298
1.9993
0.731518
1.91099
2.10557
0.768585
1.97794
2.14489
0.784889
1.9127
2.10716
0.769435
1.97931
2.14649
0.785685
1.90353
2.10204
0.76726
1.93677
2.12726
0.77488
1.90474
2.10333
0.767969
1.88389
2.08145
0.759779
1.86617
2.00308
0.733299
1.91316
2.10764
0.769639
1.91456
2.1091
0.770324
1.98079
2.14843
0.786567
1.90509
2.10372
0.768188
1.93845
2.12899
0.775741
1.90608
2.10488
0.768807
1.86689
2.00399
0.733717
1.88539
2.08312
0.760663
1.9149
2.10948
0.770442
1.9056
2.08118
0.767326
1.86754
2.00484
0.734101
2.19888
2.71831
0.982992
2.23762
2.60443
0.936781
2.1996
2.71878
0.983225
2.23908
2.60537
0.937265
2.11101
2.37068
0.857588
2.07935
2.32775
0.842373
2.20152
2.72012
0.983871
2.24297
2.60803
0.938602
2.20209
2.72053
0.984069
2.24412
2.60885
0.939013
2.11638
2.37459
0.859701
2.08485
2.33187
0.844569
2.11791
2.37577
0.860346
2.08641
2.33311
0.845239
2.01185
2.22724
0.807949
1.9988
2.21481
0.804455
2.01325
2.2283
0.808548
2.00021
2.21592
0.805063
1.9437
2.1621
0.786407
1.96612
2.13417
0.779622
2.20362
2.72171
0.984621
2.24722
2.61122
0.940159
2.20407
2.72208
0.98479
2.24815
2.61196
0.940514
2.12188
2.37897
0.862082
2.09037
2.33639
0.847051
2.12302
2.37994
0.862616
2.09149
2.33737
0.847602
2.01682
2.23113
0.810134
2.00383
2.21888
0.806672
2.01783
2.23198
0.810621
2.00487
2.21978
0.807171
1.94708
2.16467
0.787821
1.96971
2.13707
0.781031
1.90182
2.09811
0.764743
1.94802
2.16541
0.788251
1.97075
2.13794
0.781462
1.9029
2.09893
0.765134
1.92777
2.11978
0.770734
1.92747
2.12127
0.772233
1.9266
2.12059
0.771815
2.20532
2.72313
0.985266
2.25067
2.61409
0.941511
2.2057
2.72345
0.985414
2.25143
2.61475
0.941822
2.12599
2.3826
0.864058
2.09431
2.33996
0.849089
2.12685
2.38342
0.864505
2.0951
2.34075
0.849538
2.02043
2.23428
0.811911
2.00751
2.22219
0.808489
2.02117
2.23498
0.812312
2.00826
2.22293
0.808901
1.9504
2.16737
0.789368
1.97344
2.14034
0.782642
1.90591
2.10123
0.766368
1.95109
2.16797
0.789716
1.97422
2.14107
0.783004
1.90673
2.10191
0.76669
1.9155
2.11295
0.770048
1.89975
2.09849
0.765318
1.9162
2.11354
0.770415
1.93131
2.12249
0.772255
1.93019
2.12358
0.773583
1.92952
2.12299
0.773247
1.90039
2.09906
0.765621
1.91737
2.11462
0.771027
1.91675
2.11407
0.770689
2.20673
2.7244
0.985828
2.25348
2.61668
0.942696
2.20704
2.72469
0.985956
2.2541
2.61727
0.942968
2.1291
2.38569
0.865714
2.09709
2.34284
0.85075
2.12975
2.3864
0.86609
2.09765
2.34349
0.851116
2.02306
2.23688
0.813368
2.01018
2.22492
0.809981
2.0236
2.23747
0.813698
2.01073
2.22553
0.810321
1.95283
2.16962
0.790628
1.97626
2.1431
0.783999
1.90909
2.10386
0.767737
1.95334
2.17014
0.790917
1.97686
2.14372
0.784307
1.90973
2.10444
0.768002
1.91786
2.11512
0.771275
1.90211
2.10065
0.766489
1.91841
2.11563
0.771589
1.93406
2.12477
0.773528
1.9323
2.12556
0.774706
1.93177
2.12503
0.774433
1.90261
2.10112
0.766754
1.91934
2.11657
0.772107
1.91884
2.11609
0.771814
1.88155
2.0791
0.758526
1.86074
2.05508
0.749724
1.86028
2.05463
0.749443
1.86209
1.99829
0.73105
1.82834
2.0182
0.735361
1.82784
2.01767
0.735037
2.2079
2.72554
0.986319
2.2558
2.619
0.943737
2.20816
2.7258
0.986432
2.2563
2.61954
0.943978
2.13148
2.38835
0.867117
2.09905
2.34523
0.852112
2.13198
2.38896
0.867441
2.09945
2.34578
0.852417
2.025
2.23907
0.814573
2.01213
2.22719
0.811214
2.0254
2.23957
0.814853
2.01253
2.22771
0.8115
1.95464
2.17157
0.791686
1.97842
2.14544
0.785164
1.91162
2.10613
0.768907
1.95503
2.17202
0.791936
1.97888
2.14597
0.78543
1.91213
2.10663
0.769133
1.91971
2.117
0.772318
1.90396
2.1025
0.767504
1.92016
2.11745
0.772597
1.93624
2.12674
0.774615
1.93398
2.12729
0.775688
1.93354
2.12681
0.775447
1.90435
2.1029
0.767738
1.9209
2.11828
0.773057
1.92049
2.11784
0.772797
1.8289
2.01882
0.735677
1.86466
2.00124
0.732434
1.82933
2.01929
0.735973
1.88347
2.08101
0.75954
1.86241
2.05684
0.750756
1.86208
2.05648
0.750516
1.83021
2.0203
0.736541
1.82983
2.01987
0.736266
2.20889
2.72655
0.986744
2.25769
2.62107
0.944647
2.2091
2.72678
0.986833
2.25811
2.62157
0.944845
2.13329
2.39067
0.868297
2.10045
2.34724
0.853238
2.13367
2.39123
0.868553
2.10073
2.34772
0.853476
2.02645
2.24096
0.815565
2.01355
2.22913
0.812218
2.02676
2.24142
0.81578
2.01385
2.22959
0.812436
1.956
2.17332
0.792571
1.98009
2.14749
0.786157
1.91368
2.10815
0.769914
1.9563
2.17372
0.79276
1.98046
2.14795
0.786371
1.91409
2.10861
0.770084
1.92119
2.11864
0.773243
1.90545
2.10414
0.768403
1.92156
2.11906
0.773483
1.93801
2.1285
0.775535
1.93535
2.12885
0.776513
1.93498
2.12839
0.776315
1.90576
2.10449
0.768607
1.92217
2.1198
0.773847
1.92182
2.11939
0.773651
1.83067
2.02085
0.736812
1.831
2.02126
0.737063
1.88504
2.08272
0.76045
1.86374
2.05836
0.751652
1.86348
2.05807
0.75144
1.86817
2.00571
0.734512
1.83142
2.02179
0.737321
2.20973
2.72734
0.987064
2.25928
2.62283
0.945362
2.20991
2.72659
0.987066
2.25928
2.62197
0.945413
2.1347
2.39263
0.869181
2.10143
2.34885
0.854087
2.13446
2.39155
0.869242
2.1011
2.34767
0.854143
2.0275
2.24264
0.816117
2.0145
2.23072
0.812679
2.02697
2.2403
0.816007
2.01371
2.22738
0.812427
1.95679
2.17386
0.793079
1.98097
2.1479
0.786817
1.91491
2.10872
0.770522
1.95593
2.17087
0.792279
1.97953
2.14446
0.785936
1.91385
2.10535
0.769672
)
;

boundaryField
{
    front
    {
        type            cyclic;
    }
    Back
    {
        type            cyclic;
    }
    inlet
    {
        type            fixedValue;
        value           uniform 0.24;
    }
    outlet
    {
        type            inletOutlet;
        inletValue      uniform 0.24;
        value           nonuniform List<scalar> 
240
(
1.62985
1.54876
1.46318
1.37428
1.2838
1.19402
1.10766
1.0279
0.958148
0.901886
0.862272
0.841729
1.62992
1.54882
1.46323
1.37432
1.28383
1.19404
1.10768
1.02791
0.958152
0.901888
0.862273
0.841729
1.63
1.54889
1.46329
1.37437
1.28387
1.19406
1.1077
1.02792
0.958158
0.901891
0.862274
0.841729
1.63008
1.54897
1.46335
1.37442
1.28391
1.19409
1.10771
1.02793
0.958164
0.901894
0.862274
0.841729
1.63014
1.54902
1.4634
1.37446
1.28394
1.19411
1.10773
1.02794
0.95817
0.901896
0.862275
0.841729
1.63018
1.54906
1.46344
1.37449
1.28396
1.19413
1.10774
1.02794
0.958174
0.901898
0.862276
0.841729
1.63021
1.54909
1.46346
1.37451
1.28398
1.19414
1.10775
1.02795
0.958176
0.901899
0.862276
0.841729
1.63023
1.5491
1.46348
1.37452
1.28399
1.19415
1.10775
1.02795
0.958179
0.9019
0.862277
0.841729
1.63023
1.54911
1.46349
1.37453
1.28399
1.19415
1.10776
1.02796
0.95818
0.901901
0.862277
0.841729
1.63024
1.54912
1.46349
1.37453
1.28399
1.19416
1.10776
1.02796
0.95818
0.901901
0.862277
0.841729
1.63024
1.54911
1.46349
1.37453
1.28399
1.19415
1.10776
1.02796
0.95818
0.901901
0.862277
0.841729
1.63023
1.54911
1.46348
1.37452
1.28399
1.19415
1.10775
1.02795
0.958179
0.9019
0.862276
0.841729
1.63022
1.54909
1.46347
1.37451
1.28398
1.19414
1.10775
1.02795
0.958177
0.901899
0.862276
0.841729
1.63019
1.54907
1.46345
1.37449
1.28396
1.19413
1.10774
1.02795
0.958174
0.901898
0.862276
0.841729
1.63016
1.54903
1.46341
1.37446
1.28394
1.19412
1.10773
1.02794
0.95817
0.901896
0.862275
0.841729
1.6301
1.54898
1.46336
1.37442
1.28391
1.19409
1.10772
1.02793
0.958165
0.901894
0.862274
0.841729
1.63002
1.54891
1.4633
1.37438
1.28387
1.19407
1.1077
1.02792
0.958159
0.901891
0.862274
0.841729
1.62993
1.54883
1.46324
1.37432
1.28384
1.19404
1.10768
1.02791
0.958153
0.901888
0.862273
0.841729
1.62986
1.54877
1.46318
1.37428
1.2838
1.19402
1.10766
1.0279
0.958148
0.901886
0.862272
0.841729
1.62982
1.54874
1.46316
1.37426
1.28379
1.19401
1.10766
1.02789
0.958146
0.901885
0.862272
0.841729
)
;
    }
    upperPatch
    {
        type            slip;
    }
    ground
    {
        type            kqRWallFunction;
        value           nonuniform List<scalar> 
572
(
0.771528
0.77292
0.757969
0.774089
0.759045
0.775102
0.760011
0.775907
1.03596
0.901454
0.87694
0.826208
1.036
0.902075
1.03612
0.903785
0.877655
0.826904
0.879632
0.828791
0.813392
0.798366
0.81527
0.800135
0.79349
1.03615
0.904309
1.03625
0.905771
0.880245
0.829359
0.881948
0.830903
0.815833
0.800692
0.817359
0.802159
0.794055
0.795546
1.03628
0.906226
1.03636
0.907495
0.882479
0.831369
0.883959
0.832638
0.817818
0.802626
0.819066
0.803847
0.79602
0.797261
1.03639
0.907887
1.03645
0.908983
0.88442
0.833022
0.885712
0.834069
0.819441
0.804239
0.820461
0.805256
0.797659
0.798688
1.03647
0.909323
1.03653
0.910285
0.886118
0.834387
0.887246
0.835265
0.82077
0.805588
0.821616
0.806452
0.799024
0.799892
1.03655
0.910581
1.03658
0.911383
0.887589
0.83553
0.888504
0.836224
0.82187
0.806728
0.822532
0.807374
0.800168
0.800835
1.03659
0.911616
1.03644
0.910723
0.888767
0.836431
0.887885
0.835432
0.822724
0.807529
0.821495
0.805269
0.80102
0.798591
0.772566
0.771942
0.772941
0.773866
0.773259
0.774168
0.74883
0.758253
0.74914
0.774955
0.774377
0.775211
0.75
0.759295
0.750259
0.775905
0.775331
0.776122
0.750994
0.760233
0.751215
0.776675
0.775987
0.77676
1.03586
0.900126
1.03591
0.98345
0.900805
0.937729
0.876199
0.858324
0.825476
0.843137
0.983664
1.03604
0.938173
0.90267
1.03608
0.984261
0.903239
0.939409
0.859035
0.878339
0.843876
0.827565
0.879
0.860949
0.828194
0.845867
0.807335
0.81405
0.803838
0.798973
0.814677
0.809098
0.799584
0.805619
0.792932
0.7869
0.984443
1.03619
0.93979
0.904814
1.03622
0.984955
0.905299
0.940858
0.861534
0.880833
0.846473
0.829899
0.881403
0.863114
0.830414
0.848123
0.809637
0.816368
0.806168
0.801194
0.816877
0.811067
0.801705
0.807625
0.787384
0.794564
0.795083
0.788637
0.781872
0.985113
1.03631
0.94119
0.906665
1.03634
0.985557
0.907088
0.942123
0.863602
0.882989
0.848619
0.831812
0.883484
0.864921
0.832236
0.849962
0.811507
0.818255
0.808077
0.803041
0.818671
0.812675
0.80347
0.809272
0.789022
0.796443
0.796878
0.790028
0.783348
0.985694
1.03641
0.942414
0.908265
1.03643
0.98608
0.90863
0.943232
0.865331
0.884864
0.850366
0.833387
0.885296
0.866441
0.833737
0.851463
0.813038
0.819798
0.809645
0.804583
0.820138
0.813996
0.804943
0.810624
0.790344
0.798008
0.798371
0.791176
0.9862
1.03649
0.943488
0.909655
1.03651
0.986543
0.909975
0.944212
0.86679
0.886509
0.851795
0.834692
0.886888
0.867738
0.834986
0.852707
0.814298
0.821064
0.810935
0.805879
0.821348
0.8151
0.806189
0.811749
0.791445
0.799316
0.799627
0.792157
0.732884
0.986646
1.03656
0.944434
0.910866
1.03657
0.986915
0.911132
0.945031
0.868032
0.887914
0.852981
0.835779
0.88822
0.868778
0.83601
0.853696
0.81535
0.822108
0.812003
0.806958
0.822328
0.815964
0.807196
0.81262
0.79238
0.800399
0.785929
0.800637
0.792908
0.986995
1.0366
0.945208
0.911815
0.986428
1.03667
0.944395
0.911908
0.86901
0.888991
0.853903
0.836613
0.868032
0.88909
0.852927
0.836669
0.816123
0.822894
0.812749
0.807632
0.814096
0.822918
0.810128
0.806989
0.793021
0.801124
0.786742
0.79031
0.800417
0.78357
0.731993
0.780111
0.764247
0.780583
0.765591
0.771188
0.765945
0.782267
0.767082
0.764984
0.77263
0.765928
0.767373
0.783681
0.76834
0.784603
0.766209
0.773837
0.767013
0.758789
0.731518
0.768585
0.784889
0.769435
0.785685
0.76726
0.77488
0.767969
0.759779
0.733299
0.769639
0.770324
0.786567
0.768188
0.775741
0.768807
0.733717
0.760663
0.770442
0.767326
0.734101
0.982992
0.936781
0.983225
0.937265
0.857588
0.842373
0.983871
0.938602
0.984069
0.939013
0.859701
0.844569
0.860346
0.845239
0.807949
0.804455
0.808548
0.805063
0.786407
0.779622
0.984621
0.940159
0.98479
0.940514
0.862082
0.847051
0.862616
0.847602
0.810134
0.806672
0.810621
0.807171
0.787821
0.781031
0.764743
0.788251
0.781462
0.765134
0.770734
0.772233
0.771815
0.985266
0.941511
0.985414
0.941822
0.864058
0.849089
0.864505
0.849538
0.811911
0.808489
0.812312
0.808901
0.789368
0.782642
0.766368
0.789716
0.783004
0.76669
0.770048
0.765318
0.770415
0.772255
0.773583
0.773247
0.765621
0.771027
0.770689
0.985828
0.942696
0.985956
0.942968
0.865714
0.85075
0.86609
0.851116
0.813368
0.809981
0.813698
0.810321
0.790628
0.783999
0.767737
0.790917
0.784307
0.768002
0.771275
0.766489
0.771589
0.773528
0.774706
0.774433
0.766754
0.772107
0.771814
0.758526
0.749724
0.749443
0.73105
0.735361
0.735037
0.986319
0.943737
0.986432
0.943978
0.867117
0.852112
0.867441
0.852417
0.814573
0.811214
0.814853
0.8115
0.791686
0.785164
0.768907
0.791936
0.78543
0.769133
0.772318
0.767504
0.772597
0.774615
0.775688
0.775447
0.767738
0.773057
0.772797
0.735677
0.732434
0.735973
0.75954
0.750756
0.750516
0.736541
0.736266
0.986744
0.944647
0.986833
0.944845
0.868297
0.853238
0.868553
0.853476
0.815565
0.812218
0.81578
0.812436
0.792571
0.786157
0.769914
0.79276
0.786371
0.770084
0.773243
0.768403
0.773483
0.775535
0.776513
0.776315
0.768607
0.773847
0.773651
0.736812
0.737063
0.76045
0.751652
0.75144
0.734512
0.737321
0.987064
0.945362
0.987066
0.945413
0.869181
0.854087
0.869242
0.854143
0.816117
0.812679
0.816007
0.812427
0.793079
0.786817
0.770522
0.792279
0.785936
0.769672
)
;
    }
    procBoundary0to1
    {
        type            processor;
        value           nonuniform List<scalar> 
310
(
0.0836316
0.114101
0.388106
0.739648
1.04905
1.26668
1.41124
1.57562
1.69433
1.69433
1.90978
0.0836079
0.113467
0.387127
0.73879
1.0485
1.26516
1.41007
1.57593
1.69418
1.69418
1.90948
0.0836006
0.113289
0.387174
0.739091
1.04889
1.26548
1.41054
1.57677
1.69453
1.69453
1.90954
0.083592
0.11309
0.387162
0.739294
1.04917
1.26572
1.41091
1.57744
1.69476
1.69476
1.90919
0.0835815
0.112856
0.387049
0.739364
1.04933
1.2659
1.4112
1.57789
1.69485
1.69485
1.90848
0.0835694
0.112594
0.386863
0.739342
1.41369
1.52746
1.49421
1.47916
1.47916
1.88081
1.60406
1.58154
1.59522
0.123248
0.487189
0.956654
1.41369
1.25143
1.41369
1.41369
1.49421
0.0914363
0.244178
0.641018
1.00506
1.25355
1.48054
1.39968
1.48054
0.0837248
0.117884
0.399091
0.753096
1.06126
1.27502
1.57433
1.41626
1.57433
1.69457
1.69457
0.542788
1.7809
1.8211
1.79714
0.166292
0.883771
1.33699
1.49924
0.0837248
0.117884
0.399091
0.753096
1.06126
1.27502
1.41626
1.58004
1.70264
1.70264
1.91849
1.09164
2.08303
2.08965
2.02378
2.01823
1.96691
1.93923
1.72163
0.280814
0.843916
1.81867
1.25824
1.44563
1.81381
1.55699
1.60248
1.93218
1.629
1.66193
1.90583
1.71077
1.64038
1.8954
1.64038
1.69229
1.64038
1.64038
1.64038
1.96087
1.70736
1.71077
1.70736
1.81183
1.50265
1.61879
1.82869
1.68046
1.71983
1.78013
1.70321
1.71687
1.78115
2.03725
2.06368
2.04141
2.00687
1.98626
1.90036
1.96938
1.53551
1.41482
1.10845
1.80743
1.67921
1.61976
1.81624
1.72328
1.70077
1.74314
1.77951
1.67848
1.54499
1.4879
1.77249
1.79578
1.924
1.963
1.77185
1.92445
1.94841
1.77812
1.8589
1.73792
1.74099
1.924
1.76837
1.77185
1.8151
1.67893
1.67893
1.8151
1.66758
1.78001
1.963
1.77812
1.60406
1.53863
1.57617
1.52582
1.54323
0.483654
0.1272
0.289809
1.17272
0.584621
0.933371
1.44753
1.11667
1.29818
1.58154
1.54996
1.36162
1.48125
1.45783
1.53863
1.48125
1.15939
0.290356
0.771178
1.88569
2.08345
0.760877
1.73028
2.51821
1.03714
2.20865
2.4863
0.908209
2.17096
2.41718
0.885199
2.05452
2.26392
0.832627
2.03007
2.22304
0.818395
1.97959
2.15404
0.794105
1.95947
2.13334
0.787158
2.21003
2.70615
0.985081
2.2544
2.59315
0.942295
2.12433
2.35678
0.865299
2.09053
2.31305
0.850159
2.01061
2.19333
0.810111
1.99373
2.16877
0.804476
1.93289
2.10572
0.778574
1.94586
2.06998
0.77134
1.92238
2.12007
0.77401
1.93763
2.12523
0.775169
1.92247
1.93467
2.11971
2.12563
0.774122
0.776059
1.86399
2.05861
0.751863
1.88389
2.03073
0.754432
1.90634
2.10518
0.769002
1.86881
2.0065
0.73481
1.92975
2.10216
0.772966
1.92238
2.12007
0.77401
1.83174
2.02214
0.737569
1.83174
2.02214
0.737569
1.93763
2.12523
0.775169
)
;
    }
    procBoundary0to2
    {
        type            processor;
        value           nonuniform List<scalar> 
467
(
1.04941
1.26604
1.41143
1.57809
1.69482
1.69482
1.90751
0.0835565
0.112319
0.386635
0.739272
1.04945
1.26614
1.41159
1.57801
1.69466
1.69466
1.90638
0.0835433
0.112039
0.386379
0.739166
1.04946
1.26623
1.41169
1.57768
1.69441
1.69441
1.90521
0.08353
0.111758
0.386109
0.739049
1.04947
1.26632
1.41173
1.57715
1.69409
1.69409
1.90411
0.0835166
0.111476
0.385834
0.738923
1.04947
1.26639
1.41171
1.57647
1.69374
1.69374
1.90318
0.117905
0.464996
0.0904279
0.229203
0.0835034
0.0835034
0.111198
0.111198
0.38555
0.38555
0.738788
0.738788
1.04947
1.04947
1.26644
1.26644
1.41163
1.41163
1.57572
1.69341
1.69341
0.525181
0.167153
0.865149
0.865149
0.935796
0.579108
0.922124
0.935796
0.620726
0.620726
0.620726
0.989048
1.24226
1.39264
1.47941
1.76466
1.74757
1.30769
1.46339
1.23878
1.23878
0.989013
0.989013
0.989013
1.24229
1.39253
1.47878
1.93484
1.46466
1.55827
1.41189
1.41189
1.2423
1.2423
1.2423
1.39244
1.39244
1.47836
1.86626
1.56012
1.57245
1.49028
1.49028
1.49028
1.4782
1.4782
1.87018
1.57537
1.50697
1.51993
1.47826
1.47826
1.52274
1.52348
1.47857
1.47857
1.53779
0.276891
0.802143
1.07069
2.02637
1.98525
1.98525
1.94269
1.62962
0.285637
0.733484
1.19921
1.31907
1.0368
1.19921
1.38531
1.76466
1.49935
1.75997
1.49935
1.54188
1.91986
1.57445
1.57445
1.90761
1.61569
1.46466
1.61569
1.66949
1.66949
1.89079
1.68098
1.56012
1.68098
1.66206
1.87018
1.66652
1.66652
1.61343
1.61343
1.61343
1.53811
1.53401
1.63549
1.63177
1.54209
1.63913
1.54589
1.6425
1.55326
1.54966
1.6489
1.64581
1.55672
1.65191
1.56002
1.65469
1.53251
1.69484
1.69484
1.73838
1.41129
1.41129
1.77274
1.61179
1.65105
1.66429
1.64206
1.75081
1.75081
1.73882
1.64547
1.64547
1.7655
1.74004
1.93722
1.93722
1.92791
1.74252
1.74252
1.71629
1.86765
1.71821
1.66435
1.8494
1.80744
1.72173
1.72411
1.66242
1.80836
1.46368
1.51494
1.46848
1.80478
1.80742
1.47328
1.5304
1.4783
1.81447
1.81655
1.48312
1.74707
1.98753
2.03454
2.03454
2.01547
1.98331
1.99723
1.98159
1.97561
1.95896
1.0368
1.45502
1.31907
1.53929
1.7536
1.73922
1.60051
1.76067
1.61179
1.6081
1.76194
1.65774
1.63462
1.92269
1.92269
1.89158
1.96784
1.7064
1.70399
1.6314
1.7064
1.70399
1.63413
1.7064
1.72913
1.63413
1.74785
1.90915
1.9076
1.74973
1.90915
1.74645
1.74973
1.86896
1.72173
1.72
1.66435
1.88727
1.80836
1.64917
1.80198
1.79901
1.81225
1.80991
1.8185
0.475246
0.127963
0.287619
0.733484
1.10899
0.285637
0.579108
1.14745
0.579108
0.922124
1.30769
1.10391
1.41248
1.10391
1.28129
1.34253
1.46466
1.34273
1.52049
1.34273
1.44197
1.46988
1.56012
1.47038
1.58396
1.47038
1.5291
1.51313
1.57537
1.51444
1.54506
1.51444
1.52401
1.92561
2.1182
0.769866
1.87776
2.07576
0.756716
1.87981
2.07751
0.757674
1.72139
2.53054
1.03581
2.18716
2.49448
0.899411
2.02502
2.24583
0.812696
2.02502
2.24583
0.812696
1.98058
2.19686
0.797698
1.96313
2.17991
0.791704
1.92678
1.92678
2.11903
2.11903
0.770361
0.770361
1.92578
2.11993
0.771451
1.87848
2.07636
0.757048
1.85845
1.82658
2.05288
2.01637
0.748497
0.73433
1.82719
2.01698
0.734689
2.19812
2.71781
0.982746
2.23606
2.60345
0.936274
2.14937
2.42471
0.875421
2.14937
2.42471
0.875421
2.04405
2.27959
0.824703
2.02313
2.24453
0.811963
2.0087
2.22494
0.806669
1.99562
2.21243
0.803168
1.96479
2.18117
0.792315
1.96479
2.18117
0.792315
1.77899
1.95323
0.717026
1.77653
1.95094
0.715861
1.78121
1.9554
0.718116
1.89934
1.89934
2.09631
2.09631
0.763815
0.763815
1.89831
2.09728
0.764653
1.87981
2.07751
0.757674
1.7752
1.94974
0.715244
1.78013
1.95431
0.717571
1.86111
1.99723
0.730547
1.77779
1.95209
0.716443
1.78225
1.95641
0.718622
2.10894
2.36922
0.856803
2.0772
2.32621
0.841559
1.94234
2.16109
0.785864
1.96474
2.13311
0.779108
1.89793
2.09532
0.763275
1.91486
2.11237
0.769744
1.91406
2.11173
0.769346
1.91486
2.11237
0.769744
1.87917
2.07695
0.757368
1.82719
2.01698
0.734689
1.77381
1.9485
0.714624
1.78321
1.95749
0.719136
)
;
    }
    procBoundary0to3
    {
        type            processor;
        value           nonuniform List<scalar> 
87
(
2.01138
2.00594
1.94063
2.00965
2.0039
1.93923
2.00829
2.0021
1.93798
1.84436
2.00737
2.00066
1.93699
1.84381
1.9025
2.00693
1.9997
1.93627
1.84332
1.57496
1.57496
1.69314
1.69314
1.90211
2.00698
1.99929
1.93589
1.84292
1.57428
1.57428
1.69296
1.69296
1.90204
2.00751
1.99935
1.93588
1.84265
1.5737
1.5737
1.69287
1.69287
1.90229
2.00848
1.9999
1.93625
1.84254
1.5733
1.5733
1.69291
1.69291
1.90286
2.00983
2.0009
1.93697
1.84258
1.57308
1.57308
1.69304
1.69304
1.90368
2.0115
2.00236
1.93818
1.84287
1.57312
1.57312
1.69333
1.69333
1.90483
2.01348
2.00407
1.93917
1.84305
1.57314
1.57314
1.69347
1.69347
1.9059
2.01547
2.00646
1.94215
1.84431
1.90844
2.01928
2.01252
1.94292
1.84643
)
;
    }
    procBoundary0to4
    {
        type            processor;
        value           nonuniform List<scalar> 
76
(
2.02116
2.01979
1.95414
1.8483
1.84251
1.83763
1.81028
1.77419
1.73234
1.70605
2.01928
2.01512
1.94809
1.84544
1.84322
1.83776
1.81039
1.77428
1.73243
1.70613
2.01849
2.01331
1.94655
1.84588
1.84349
1.83791
1.81052
1.77441
1.73253
1.70622
2.01711
2.01178
1.94513
1.84613
1.84367
1.83802
1.81063
1.77451
1.73262
1.7063
2.01531
2.01
1.94365
1.8461
1.84379
1.8381
1.8107
1.77457
1.73268
1.70636
2.01332
2.00803
1.94213
1.84584
1.84387
1.83816
1.81074
1.77462
1.73272
1.7064
1.84543
1.8439
1.8382
1.81077
1.77464
1.73275
1.70642
1.84492
1.8439
1.83823
1.81078
2.02791
2.01659
1.95121
1.84706
1.84242
)
;
    }
    procBoundary0to5
    {
        type            processor;
        value           nonuniform List<scalar> 
74
(
1.77466
1.73276
1.70644
1.84386
1.83825
1.81079
1.77467
1.73277
1.70645
1.84378
1.83826
1.81079
1.77467
1.73278
1.70645
1.84369
1.83826
1.81079
1.77467
1.73278
1.70645
1.84357
1.83826
1.81079
1.77467
1.73277
1.70644
1.84346
1.83824
1.81078
1.77466
1.73276
1.70643
1.84334
1.83821
1.81076
1.77463
1.73274
1.70641
1.84323
1.83816
1.81072
1.7746
1.7327
1.70638
1.84316
1.83809
1.81066
1.77453
1.73265
1.70632
1.84299
1.83797
1.81056
1.77445
1.73256
1.70624
1.84305
1.83786
1.81044
1.77433
1.73246
1.70615
1.84246
1.83774
1.81034
1.77423
1.73237
1.70607
1.83762
1.81026
1.77416
1.73231
1.70602
)
;
    }
}


// ************************************************************************* //
