/*--------------------------------*- C++ -*----------------------------------*\
  =========                 |
  \\      /  F ield         | OpenFOAM: The Open Source CFD Toolbox
   \\    /   O peration     | Website:  https://openfoam.org
    \\  /    A nd           | Version:  10
     \\/     M anipulation  |
\*---------------------------------------------------------------------------*/
FoamFile
{
    format      ascii;
    class       volScalarField;
    location    "2000";
    object      omega;
}
// * * * * * * * * * * * * * * * * * * * * * * * * * * * * * * * * * * * * * //

dimensions      [0 0 -1 0 0 0 0];

internalField   nonuniform List<scalar> 
8810
(
0.657253
0.348518
0.285528
0.294625
0.310603
0.321463
0.339412
0.386548
0.659574
0.34306
0.250538
0.24948
0.26739
0.284021
0.300857
0.327158
0.366136
0.401694
0.409834
0.390976
0.35833
0.315665
0.281237
0.255221
0.235215
0.220251
0.208857
0.201933
0.661094
0.342973
0.230924
0.215772
0.230969
0.250667
0.269454
0.288094
0.308842
0.326428
0.328894
0.316582
0.294672
0.268192
0.243892
0.223507
0.207271
0.194234
0.184036
0.177644
0.662337
0.343825
0.222636
0.190839
0.201183
0.220549
0.240776
0.258108
0.271588
0.280728
0.280537
0.271287
0.254959
0.235201
0.216158
0.199469
0.185623
0.174015
0.164696
0.158697
0.663511
0.344553
0.220443
0.173865
0.176922
0.194345
0.214206
0.23213
0.243979
0.249903
0.248684
0.241066
0.227264
0.211031
0.195021
0.18046
0.168132
0.157574
0.148929
0.14324
0.664648
0.345128
0.220345
0.16429
0.157231
0.171856
0.190516
0.208182
0.220865
0.226578
0.225543
0.218572
0.207151
0.192444
0.177964
0.164734
0.153465
0.143726
0.135635
0.130209
0.665745
0.345673
0.220593
0.160368
0.142043
0.152236
0.16938
0.186607
0.199795
0.206763
0.206708
0.200639
0.189827
0.176628
0.163271
0.151153
0.140781
0.131764
0.124179
0.118998
0.666794
0.346244
0.220759
0.15935
0.131932
0.135523
0.15033
0.166898
0.180302
0.188214
0.189362
0.184007
0.174144
0.162026
0.149994
0.139048
0.129601
0.121305
0.114222
0.10929
0.667793
0.346842
0.22094
0.159232
0.126477
0.12131
0.133516
0.148777
0.162216
0.170355
0.171721
0.16699
0.158549
0.148086
0.137811
0.128211
0.119741
0.112204
0.10564
0.100967
0.668746
0.34745
0.221106
0.159162
0.124535
0.110718
0.118314
0.132206
0.144838
0.152886
0.154248
0.150297
0.143492
0.135164
0.126813
0.11871
0.111265
0.10451
0.0984655
0.0940514
0.669651
0.34803
0.221234
0.158889
0.123654
0.104143
0.104629
0.116687
0.128177
0.135563
0.13763
0.135325
0.130083
0.123881
0.117357
0.110764
0.104421
0.0984076
0.092839
0.0886603
0.670442
0.348338
0.220888
0.157861
0.122014
0.0999657
0.0922819
0.100589
0.111045
0.118441
0.122224
0.122155
0.119267
0.115148
0.11029
0.105007
0.0995779
0.0941545
0.0889517
0.0849498
0.670546
0.347565
0.219227
0.155379
0.118771
0.0956646
0.0816218
0.0821844
0.0931137
0.103894
0.110937
0.113504
0.112901
0.110298
0.106491
0.101983
0.0970805
0.0919831
0.0869749
0.0830586
0.657265
0.348386
0.285296
0.294403
0.310424
0.32097
0.338591
0.385853
0.659584
0.34302
0.250386
0.24932
0.267243
0.283742
0.30044
0.326768
0.365715
0.40094
0.408539
0.389166
0.355574
0.31256
0.279959
0.255196
0.235247
0.22028
0.208882
0.201956
0.661103
0.342966
0.230836
0.215658
0.23085
0.250465
0.26924
0.287989
0.308617
0.32606
0.328206
0.315467
0.292937
0.266112
0.242862
0.223488
0.207291
0.194252
0.184052
0.177658
0.662345
0.343826
0.222599
0.190756
0.201091
0.220398
0.240609
0.258046
0.271464
0.280531
0.280137
0.270581
0.25429
0.234291
0.215441
0.199453
0.185635
0.174027
0.164706
0.158707
0.663518
0.344557
0.220434
0.173808
0.176852
0.194217
0.214049
0.232075
0.2439
0.249788
0.248431
0.240198
0.226565
0.210529
0.194496
0.180445
0.16814
0.157581
0.148936
0.143246
0.664655
0.345131
0.220344
0.164258
0.157177
0.171746
0.190386
0.20813
0.220808
0.226503
0.225371
0.218322
0.206884
0.192085
0.177561
0.164719
0.153469
0.14373
0.13564
0.130213
0.665751
0.345676
0.220595
0.160356
0.142002
0.152202
0.16933
0.18654
0.199743
0.206708
0.206581
0.200437
0.189688
0.176341
0.162958
0.151133
0.140783
0.131767
0.124182
0.119001
0.666799
0.346246
0.220762
0.159347
0.131902
0.135486
0.150307
0.16686
0.180257
0.188169
0.189258
0.183848
0.174032
0.161799
0.149763
0.139029
0.129599
0.121306
0.114223
0.109291
0.667798
0.346845
0.220941
0.159233
0.126469
0.121295
0.133495
0.148745
0.162178
0.170316
0.171631
0.166859
0.15846
0.147918
0.137542
0.128087
0.119735
0.112205
0.105641
0.100967
0.66875
0.347452
0.221107
0.159163
0.124534
0.110705
0.118298
0.132182
0.144808
0.152855
0.154177
0.150203
0.14343
0.135053
0.126623
0.118612
0.11126
0.10451
0.098466
0.0940518
0.669655
0.348031
0.221235
0.158889
0.123655
0.104141
0.104618
0.116671
0.128156
0.135534
0.137577
0.135269
0.130049
0.123822
0.117257
0.110711
0.104419
0.0984078
0.0928392
0.0886605
0.670446
0.348337
0.220888
0.157861
0.122013
0.0999653
0.0922755
0.100577
0.111027
0.118425
0.122202
0.12213
0.119256
0.115129
0.110256
0.104987
0.0995767
0.0941545
0.0889517
0.0849499
0.670549
0.347564
0.219226
0.155378
0.11877
0.0956635
0.0816185
0.0821757
0.0931051
0.103889
0.110931
0.113501
0.1129
0.110296
0.106486
0.10198
0.0970801
0.0919831
0.0869749
0.0830586
0.657267
0.34832
0.285282
0.294435
0.310474
0.321007
0.338627
0.385934
0.659587
0.342988
0.25036
0.249338
0.267277
0.283777
0.300496
0.326833
0.365703
0.400865
0.408385
0.389254
0.355756
0.31282
0.280109
0.255222
0.235285
0.220314
0.208912
0.201982
0.661107
0.34295
0.230809
0.215665
0.230871
0.250481
0.269257
0.288008
0.30862
0.326038
0.328161
0.315471
0.292934
0.26608
0.242839
0.223506
0.207314
0.194274
0.184071
0.177675
0.662349
0.343816
0.22258
0.190752
0.201104
0.220421
0.240636
0.258068
0.271472
0.280524
0.280116
0.270579
0.25422
0.234199
0.215442
0.199466
0.18565
0.17404
0.164719
0.158718
0.663522
0.344548
0.220424
0.173797
0.176857
0.194231
0.214061
0.23209
0.243907
0.249785
0.24842
0.240231
0.226641
0.21054
0.194493
0.180453
0.16815
0.15759
0.148944
0.143254
0.664659
0.345125
0.22034
0.164248
0.157177
0.171748
0.190386
0.208137
0.220813
0.226503
0.225366
0.218316
0.206809
0.192093
0.177555
0.164723
0.153476
0.143736
0.135645
0.130218
0.665756
0.345671
0.220592
0.16035
0.141997
0.152209
0.169324
0.18653
0.199745
0.206709
0.206579
0.200431
0.189698
0.176347
0.162953
0.151135
0.140787
0.131771
0.124185
0.119004
0.666804
0.346243
0.220761
0.159344
0.131892
0.135479
0.150316
0.166865
0.180257
0.188168
0.189258
0.183846
0.174034
0.161803
0.149758
0.139025
0.129601
0.121309
0.114226
0.109293
0.667803
0.346842
0.220939
0.159232
0.126469
0.121298
0.133497
0.148746
0.162176
0.170313
0.171628
0.166855
0.158459
0.14792
0.137553
0.128099
0.119734
0.112206
0.105642
0.100968
0.668755
0.347451
0.221106
0.159163
0.124533
0.110705
0.118299
0.132182
0.144806
0.152853
0.154173
0.150196
0.143429
0.135054
0.126617
0.118605
0.11126
0.104511
0.0984666
0.0940524
0.66966
0.34803
0.221234
0.158889
0.123655
0.104141
0.104619
0.11667
0.128154
0.135527
0.137569
0.135265
0.130048
0.123822
0.117252
0.110707
0.104419
0.0984082
0.0928395
0.0886607
0.67045
0.348337
0.220887
0.157861
0.122013
0.099965
0.0922752
0.100576
0.111022
0.118423
0.122201
0.122126
0.119255
0.115127
0.110252
0.104984
0.0995767
0.0941546
0.0889518
0.0849499
0.670554
0.347563
0.219225
0.155377
0.11877
0.0956631
0.0816178
0.0821732
0.0931036
0.103889
0.11093
0.1135
0.112901
0.110297
0.106486
0.10198
0.0970802
0.0919831
0.0869749
0.0830586
0.657269
0.348258
0.285261
0.294452
0.310505
0.321025
0.338636
0.385927
0.659591
0.34296
0.250333
0.249348
0.2673
0.2838
0.300533
0.326862
0.365647
0.400746
0.408209
0.389309
0.355821
0.313052
0.280253
0.255249
0.235317
0.220344
0.208938
0.202006
0.661111
0.342938
0.230782
0.215669
0.230885
0.250491
0.269267
0.288017
0.308608
0.326002
0.328113
0.31547
0.292913
0.266062
0.242841
0.223522
0.207336
0.194293
0.184088
0.177691
0.662353
0.343808
0.222562
0.190747
0.201113
0.220438
0.240657
0.258084
0.271476
0.280511
0.280095
0.270575
0.254158
0.234122
0.215456
0.199478
0.185665
0.174053
0.16473
0.158729
0.663526
0.344543
0.220415
0.173787
0.176861
0.194242
0.214072
0.232102
0.243913
0.249781
0.248409
0.240261
0.226702
0.210543
0.194503
0.180461
0.168159
0.157598
0.148951
0.143261
0.664663
0.34512
0.220336
0.164238
0.157176
0.171749
0.190387
0.208143
0.220818
0.226502
0.225362
0.218317
0.206752
0.192095
0.177562
0.164728
0.153482
0.143741
0.13565
0.130223
0.66576
0.345667
0.220589
0.160344
0.141991
0.152213
0.169319
0.186521
0.199747
0.20671
0.206579
0.200428
0.189703
0.17635
0.162956
0.151138
0.140791
0.131774
0.124188
0.119007
0.666808
0.34624
0.22076
0.159341
0.131882
0.135472
0.150323
0.166869
0.180257
0.188167
0.189259
0.183845
0.174036
0.161803
0.149759
0.139026
0.129603
0.121311
0.114228
0.109295
0.667807
0.346839
0.220938
0.159231
0.126468
0.121301
0.1335
0.148747
0.162174
0.170311
0.171626
0.166852
0.158458
0.147918
0.137563
0.128112
0.119735
0.112207
0.105643
0.10097
0.66876
0.347448
0.221105
0.159162
0.124532
0.110704
0.1183
0.132181
0.144804
0.152852
0.15417
0.150191
0.143427
0.135053
0.126612
0.118603
0.111261
0.104512
0.0984674
0.094053
0.669664
0.348029
0.221234
0.158889
0.123655
0.10414
0.104619
0.11667
0.128153
0.13552
0.137562
0.135262
0.130047
0.12382
0.117249
0.110706
0.104419
0.0984085
0.0928398
0.0886609
0.670455
0.348337
0.220887
0.15786
0.122013
0.0999647
0.0922746
0.100575
0.111017
0.11842
0.122199
0.122122
0.119253
0.115126
0.11025
0.104983
0.099577
0.0941548
0.0889519
0.08495
0.670558
0.347562
0.219224
0.155377
0.118769
0.0956627
0.0816169
0.0821707
0.093102
0.103889
0.11093
0.113498
0.112901
0.110297
0.106486
0.10198
0.0970805
0.0919831
0.086975
0.0830586
0.657272
0.348197
0.285224
0.294447
0.310513
0.321039
0.338622
0.385869
0.659594
0.342935
0.2503
0.249344
0.267308
0.283817
0.300551
0.326859
0.365552
0.400579
0.407979
0.389303
0.355816
0.31324
0.280369
0.255267
0.235339
0.220364
0.208957
0.202024
0.661114
0.342927
0.230754
0.215665
0.23089
0.250491
0.26927
0.288011
0.308574
0.32594
0.328043
0.315465
0.292887
0.266046
0.242844
0.223532
0.207351
0.194307
0.184101
0.177704
0.662356
0.343803
0.222545
0.190738
0.201115
0.220444
0.240671
0.258091
0.271468
0.280487
0.280064
0.270565
0.254107
0.234056
0.215463
0.199487
0.185675
0.174063
0.164739
0.158737
0.663529
0.344539
0.220408
0.173775
0.176861
0.194244
0.214078
0.23211
0.243913
0.249772
0.248395
0.240283
0.226749
0.210542
0.194511
0.180467
0.168166
0.157605
0.148957
0.143266
0.664667
0.345117
0.220332
0.164228
0.157172
0.171745
0.190385
0.208145
0.220819
0.226499
0.225357
0.218317
0.206706
0.192095
0.177567
0.164732
0.153486
0.143746
0.135654
0.130226
0.665763
0.345665
0.220588
0.160338
0.141985
0.152216
0.169312
0.186512
0.199747
0.206709
0.206577
0.200425
0.189705
0.176351
0.162959
0.15114
0.140794
0.131777
0.124191
0.119009
0.666812
0.346239
0.22076
0.159338
0.131872
0.135465
0.150328
0.166871
0.180256
0.188166
0.189259
0.183844
0.174037
0.161802
0.149759
0.139027
0.129605
0.121313
0.114229
0.109297
0.667811
0.346839
0.220936
0.15923
0.126467
0.121303
0.133502
0.148747
0.162172
0.170309
0.171624
0.166849
0.158458
0.147917
0.137572
0.128122
0.119735
0.112208
0.105644
0.100971
0.668763
0.347448
0.221104
0.159162
0.124532
0.110704
0.1183
0.132181
0.144802
0.15285
0.154166
0.150186
0.143425
0.135051
0.12661
0.118601
0.111261
0.104512
0.098468
0.0940535
0.669668
0.348029
0.221233
0.158888
0.123655
0.10414
0.104618
0.116669
0.128151
0.135514
0.137555
0.135258
0.130046
0.123818
0.117246
0.110705
0.104419
0.0984088
0.0928401
0.0886611
0.670459
0.348337
0.220886
0.15786
0.122013
0.0999644
0.0922738
0.100574
0.111012
0.118417
0.122197
0.122118
0.119252
0.115125
0.110247
0.104982
0.0995773
0.0941549
0.088952
0.0849501
0.670561
0.347561
0.219223
0.155377
0.118769
0.0956622
0.0816161
0.082168
0.0930999
0.103889
0.110928
0.113497
0.112901
0.110297
0.106485
0.10198
0.0970808
0.0919832
0.086975
0.0830586
0.657276
0.348133
0.285172
0.294422
0.310502
0.321038
0.338597
0.385793
0.659597
0.342911
0.250259
0.249327
0.267302
0.283821
0.300556
0.326838
0.36544
0.400385
0.407715
0.389229
0.355748
0.313388
0.280462
0.255278
0.235352
0.220378
0.208969
0.202036
0.661117
0.34292
0.230724
0.215652
0.230884
0.250483
0.269265
0.287995
0.308524
0.325861
0.327954
0.315456
0.292854
0.266029
0.242844
0.223537
0.207361
0.194317
0.18411
0.177712
0.662359
0.3438
0.222528
0.190725
0.20111
0.220442
0.240676
0.258091
0.271452
0.280453
0.280025
0.270549
0.254059
0.233995
0.215465
0.199492
0.185683
0.174069
0.164745
0.158743
0.663532
0.344536
0.220401
0.173762
0.176856
0.194241
0.214079
0.232111
0.243908
0.249757
0.248376
0.240298
0.226782
0.210537
0.194516
0.180471
0.168171
0.15761
0.148962
0.143271
0.66467
0.345114
0.22033
0.164217
0.157167
0.171738
0.19038
0.208144
0.220817
0.226492
0.225348
0.218316
0.20667
0.192092
0.17757
0.164735
0.15349
0.143749
0.135657
0.130229
0.665767
0.345663
0.220587
0.160333
0.141978
0.152216
0.169303
0.186502
0.199745
0.206706
0.206574
0.200421
0.189706
0.176351
0.162961
0.151142
0.140795
0.131779
0.124193
0.119011
0.666815
0.346236
0.22076
0.159336
0.131861
0.135457
0.15033
0.16687
0.180253
0.188163
0.189257
0.183843
0.174039
0.161802
0.14976
0.139027
0.129606
0.121314
0.11423
0.109298
0.667815
0.346837
0.220936
0.15923
0.126466
0.121303
0.133502
0.148745
0.162169
0.170306
0.171621
0.166845
0.158458
0.147915
0.137578
0.12813
0.119736
0.112209
0.105645
0.100971
0.668767
0.347448
0.221103
0.159161
0.124531
0.110703
0.1183
0.132179
0.144799
0.152847
0.154162
0.150181
0.143423
0.135048
0.126608
0.1186
0.111261
0.104513
0.0984684
0.0940538
0.669672
0.348029
0.221233
0.158888
0.123655
0.104139
0.104618
0.116668
0.128149
0.135508
0.137548
0.135254
0.130041
0.123816
0.117243
0.110704
0.10442
0.0984091
0.0928403
0.0886613
0.670463
0.348337
0.220886
0.15786
0.122013
0.099964
0.092273
0.100573
0.111008
0.118413
0.122194
0.122113
0.11925
0.115123
0.110245
0.104981
0.0995775
0.094155
0.0889521
0.0849501
0.670564
0.34756
0.219223
0.155376
0.118769
0.0956619
0.0816152
0.0821651
0.0930975
0.103889
0.110927
0.113495
0.112901
0.110296
0.106484
0.10198
0.097081
0.0919833
0.086975
0.0830586
0.657281
0.348072
0.285112
0.294385
0.31048
0.321007
0.338567
0.385712
0.6596
0.34289
0.250214
0.249301
0.267287
0.283807
0.30055
0.326806
0.365323
0.40018
0.407432
0.389101
0.355632
0.313501
0.280538
0.255288
0.23536
0.220386
0.208978
0.202044
0.661119
0.342914
0.230693
0.215634
0.230871
0.250469
0.269254
0.287973
0.308467
0.325773
0.327853
0.315438
0.292813
0.266013
0.242844
0.223539
0.207367
0.194324
0.184116
0.177718
0.662361
0.343798
0.222513
0.190709
0.201101
0.220437
0.240676
0.258084
0.271429
0.280413
0.27998
0.270528
0.254014
0.23394
0.215462
0.199494
0.185687
0.174074
0.164749
0.158747
0.663535
0.344534
0.220395
0.173747
0.176848
0.194238
0.214076
0.232109
0.243899
0.249738
0.248353
0.240305
0.226804
0.210529
0.194518
0.180472
0.168174
0.157613
0.148965
0.143273
0.664673
0.345113
0.220328
0.164207
0.157159
0.17173
0.190373
0.20814
0.220812
0.226483
0.225337
0.218312
0.206638
0.192087
0.177573
0.164736
0.153492
0.143751
0.135659
0.130231
0.66577
0.345662
0.220586
0.160328
0.14197
0.152214
0.169293
0.18649
0.19974
0.206702
0.20657
0.200415
0.189702
0.17635
0.162963
0.151142
0.140797
0.13178
0.124194
0.119012
0.666818
0.346236
0.22076
0.159334
0.13185
0.135448
0.15033
0.166868
0.18025
0.18816
0.189255
0.18384
0.174039
0.161801
0.149762
0.139028
0.129607
0.121315
0.114231
0.109299
0.667818
0.346836
0.220935
0.15923
0.126465
0.121303
0.133502
0.148743
0.162165
0.170302
0.171617
0.166841
0.158456
0.147914
0.137584
0.128136
0.119737
0.112209
0.105646
0.100972
0.66877
0.347447
0.221103
0.159161
0.124531
0.110701
0.118299
0.132177
0.144795
0.152843
0.154158
0.150176
0.143424
0.135046
0.126605
0.118599
0.111261
0.104513
0.0984686
0.0940541
0.669675
0.348028
0.221233
0.158888
0.123655
0.104139
0.104617
0.116666
0.128146
0.135501
0.137541
0.13525
0.13004
0.123813
0.117238
0.110702
0.104419
0.0984092
0.0928404
0.0886614
0.670466
0.348335
0.220886
0.15786
0.122013
0.0999637
0.0922719
0.100571
0.111003
0.118409
0.122191
0.122109
0.119247
0.115121
0.110241
0.104981
0.0995775
0.0941551
0.0889521
0.0849501
0.670567
0.347559
0.219222
0.155376
0.118768
0.0956614
0.0816142
0.0821622
0.093095
0.103888
0.110926
0.113493
0.1129
0.110296
0.106483
0.101979
0.0970808
0.0919833
0.086975
0.0830586
0.657286
0.348011
0.285046
0.294341
0.310452
0.320973
0.338533
0.385627
0.659604
0.342871
0.250167
0.249269
0.267266
0.283789
0.300539
0.32677
0.365204
0.399965
0.407136
0.388932
0.355478
0.313584
0.280602
0.255294
0.235364
0.220391
0.208982
0.202049
0.661122
0.34291
0.23066
0.215611
0.230854
0.250452
0.269241
0.287948
0.308405
0.32568
0.327745
0.315411
0.292766
0.265998
0.242845
0.223539
0.20737
0.194327
0.18412
0.177722
0.662364
0.343797
0.222496
0.19069
0.201088
0.220429
0.240672
0.258075
0.271403
0.28037
0.279931
0.270505
0.253972
0.233891
0.215456
0.199493
0.18569
0.174077
0.164752
0.15875
0.663538
0.344534
0.220389
0.173731
0.176838
0.194233
0.21407
0.232104
0.243888
0.249716
0.248328
0.240308
0.226816
0.210518
0.194518
0.180473
0.168176
0.157615
0.148966
0.143275
0.664676
0.345112
0.220327
0.164196
0.15715
0.171722
0.190364
0.208133
0.220805
0.226472
0.225325
0.218306
0.206611
0.19208
0.177574
0.164736
0.153493
0.143752
0.13566
0.130232
0.665773
0.34566
0.220586
0.160323
0.141961
0.152209
0.169282
0.186478
0.199734
0.206696
0.206564
0.200409
0.189697
0.176349
0.162965
0.151142
0.140798
0.131781
0.124195
0.119013
0.666821
0.346235
0.220761
0.159333
0.131839
0.135438
0.150328
0.166863
0.180245
0.188155
0.189251
0.183836
0.174037
0.161801
0.149764
0.139029
0.129607
0.121315
0.114232
0.109299
0.667821
0.346836
0.220934
0.159229
0.126463
0.121302
0.133501
0.14874
0.16216
0.170297
0.171613
0.166836
0.158455
0.147912
0.137589
0.128141
0.119737
0.11221
0.105646
0.100972
0.668773
0.347447
0.221102
0.159161
0.12453
0.1107
0.118298
0.132174
0.144791
0.152839
0.154153
0.15017
0.143424
0.135043
0.126602
0.118598
0.11126
0.104513
0.0984688
0.0940542
0.669678
0.348028
0.221233
0.158888
0.123655
0.104138
0.104616
0.116664
0.128142
0.135494
0.137534
0.135245
0.130038
0.12381
0.117233
0.110701
0.104419
0.0984093
0.0928405
0.0886615
0.670469
0.348336
0.220886
0.15786
0.122013
0.0999632
0.0922706
0.100568
0.110998
0.118405
0.122187
0.122105
0.119244
0.115119
0.110237
0.10498
0.0995775
0.0941551
0.0889521
0.0849501
0.67057
0.347559
0.219222
0.155376
0.118768
0.0956609
0.0816132
0.0821593
0.0930923
0.103887
0.110924
0.113491
0.112899
0.110295
0.106481
0.101979
0.0970807
0.0919833
0.086975
0.0830586
0.657292
0.347953
0.284978
0.294294
0.310421
0.320958
0.338499
0.385536
0.659608
0.342852
0.250118
0.249233
0.267242
0.283778
0.300527
0.32673
0.365086
0.399746
0.406835
0.388732
0.355293
0.313638
0.280654
0.255299
0.235366
0.220393
0.208985
0.202051
0.661124
0.342907
0.230629
0.215586
0.230834
0.250433
0.269226
0.287922
0.308342
0.325583
0.327631
0.315373
0.292714
0.265982
0.242845
0.223537
0.207371
0.194329
0.184121
0.177723
0.662366
0.343797
0.222481
0.19067
0.201072
0.220415
0.240665
0.258064
0.271374
0.280324
0.279879
0.270483
0.253932
0.233846
0.215449
0.199491
0.18569
0.174078
0.164753
0.158751
0.66354
0.344533
0.220385
0.173715
0.176826
0.194221
0.214063
0.232098
0.243875
0.249693
0.248302
0.240307
0.226823
0.210505
0.194517
0.180472
0.168177
0.157616
0.148967
0.143276
0.664678
0.345112
0.220326
0.164185
0.15714
0.171709
0.190354
0.208126
0.220798
0.226461
0.225311
0.218298
0.206587
0.192072
0.177573
0.164736
0.153494
0.143753
0.135661
0.130233
0.665775
0.345661
0.220586
0.160318
0.141951
0.152204
0.16927
0.186465
0.199728
0.206689
0.206557
0.200403
0.189691
0.176345
0.162964
0.151142
0.140798
0.131781
0.124195
0.119014
0.666824
0.346235
0.220762
0.159331
0.131828
0.135428
0.150324
0.166858
0.18024
0.18815
0.189247
0.183832
0.174036
0.161798
0.149763
0.139029
0.129607
0.121315
0.114232
0.1093
0.667824
0.346837
0.220934
0.159229
0.126462
0.121301
0.1335
0.148736
0.162155
0.170293
0.171609
0.166831
0.158453
0.147909
0.137592
0.128145
0.119737
0.11221
0.105646
0.100972
0.668776
0.347447
0.221102
0.159161
0.12453
0.110698
0.118296
0.132171
0.144787
0.152835
0.154149
0.150165
0.14342
0.135041
0.126601
0.118597
0.11126
0.104513
0.0984689
0.0940543
0.669681
0.348028
0.221233
0.158889
0.123655
0.104137
0.104614
0.116662
0.128139
0.135488
0.137528
0.13524
0.130036
0.123808
0.11723
0.110699
0.104419
0.0984093
0.0928405
0.0886615
0.670471
0.348336
0.220886
0.15786
0.122013
0.0999628
0.0922692
0.100566
0.110993
0.1184
0.122183
0.1221
0.119242
0.115117
0.110235
0.104979
0.0995774
0.0941551
0.0889522
0.0849501
0.670572
0.347559
0.219221
0.155375
0.118767
0.0956605
0.0816121
0.0821561
0.0930892
0.103885
0.110922
0.113489
0.112898
0.110294
0.10648
0.101978
0.0970808
0.0919833
0.086975
0.0830586
0.657299
0.347898
0.284908
0.294243
0.310387
0.32092
0.338462
0.385442
0.659611
0.342836
0.250069
0.249195
0.267216
0.283755
0.30051
0.326689
0.364968
0.399524
0.406534
0.388508
0.355085
0.313667
0.280696
0.255302
0.235366
0.220394
0.208985
0.202052
0.661127
0.342905
0.230597
0.215559
0.230812
0.250412
0.26921
0.287895
0.308278
0.325483
0.327512
0.315324
0.292655
0.265965
0.242844
0.223534
0.20737
0.194329
0.184122
0.177724
0.662368
0.343798
0.222466
0.190648
0.201055
0.220402
0.240657
0.25805
0.271344
0.280276
0.279826
0.27046
0.253894
0.233806
0.21544
0.199489
0.18569
0.174078
0.164754
0.158752
0.663542
0.344534
0.22038
0.173698
0.176813
0.194212
0.214054
0.23209
0.24386
0.24967
0.248275
0.240302
0.226824
0.210491
0.194513
0.18047
0.168177
0.157616
0.148968
0.143276
0.66468
0.345112
0.220326
0.164174
0.157128
0.171698
0.190344
0.208118
0.220789
0.226448
0.225297
0.218288
0.206566
0.192063
0.177572
0.164735
0.153494
0.143753
0.135661
0.130233
0.665778
0.345661
0.220586
0.160313
0.141941
0.152198
0.169258
0.186453
0.19972
0.206682
0.20655
0.200397
0.189684
0.176341
0.162963
0.151141
0.140798
0.131781
0.124195
0.119014
0.666826
0.346236
0.220763
0.15933
0.131818
0.135418
0.150319
0.166852
0.180234
0.188144
0.189242
0.183827
0.174033
0.161795
0.149762
0.13903
0.129607
0.121315
0.114232
0.109299
0.667826
0.346837
0.220934
0.159229
0.12646
0.121298
0.133498
0.148732
0.16215
0.170288
0.171604
0.166826
0.158451
0.147907
0.137593
0.128148
0.119738
0.11221
0.105646
0.100972
0.668778
0.347448
0.221102
0.159161
0.124529
0.110697
0.118295
0.132167
0.144782
0.15283
0.154144
0.150159
0.143417
0.135038
0.126599
0.118597
0.11126
0.104513
0.0984689
0.0940543
0.669683
0.348029
0.221233
0.158889
0.123655
0.104136
0.104612
0.116659
0.128135
0.135482
0.137521
0.135234
0.130034
0.123806
0.117228
0.110698
0.104419
0.0984092
0.0928405
0.0886615
0.670474
0.348337
0.220886
0.15786
0.122013
0.0999623
0.0922678
0.100564
0.110988
0.118395
0.122179
0.122096
0.11924
0.115116
0.110234
0.104978
0.0995773
0.0941551
0.0889521
0.0849501
0.670575
0.347559
0.21922
0.155375
0.118767
0.0956601
0.081611
0.082153
0.0930861
0.103883
0.11092
0.113486
0.112897
0.110294
0.106479
0.101978
0.0970809
0.0919833
0.086975
0.0830586
0.657306
0.347843
0.284837
0.294191
0.310352
0.320881
0.338422
0.385342
0.659615
0.34282
0.250019
0.249155
0.267189
0.283731
0.300493
0.326646
0.364852
0.399304
0.406239
0.388271
0.354858
0.313671
0.280729
0.255304
0.235364
0.220393
0.208985
0.202051
0.661129
0.342904
0.230565
0.21553
0.230788
0.250391
0.269194
0.287867
0.308213
0.325382
0.32739
0.315264
0.292591
0.265946
0.242843
0.223531
0.207369
0.194328
0.184121
0.177723
0.66237
0.343799
0.222451
0.190626
0.201036
0.220388
0.240646
0.258036
0.271312
0.280227
0.279771
0.270436
0.253856
0.233769
0.215431
0.199485
0.185689
0.174078
0.164753
0.158751
0.663544
0.344535
0.220376
0.173681
0.176799
0.194201
0.214045
0.232081
0.243844
0.249644
0.248246
0.240296
0.22682
0.210476
0.194509
0.180468
0.168177
0.157615
0.148967
0.143276
0.664682
0.345113
0.220326
0.164164
0.157117
0.171687
0.190333
0.208108
0.220779
0.226434
0.225281
0.218278
0.206548
0.192053
0.17757
0.164733
0.153493
0.143753
0.13566
0.130233
0.66578
0.345661
0.220587
0.160309
0.141931
0.15219
0.169245
0.18644
0.199712
0.206673
0.206542
0.200391
0.189676
0.176335
0.162961
0.15114
0.140797
0.131781
0.124195
0.119013
0.666829
0.346236
0.220764
0.159329
0.131807
0.135407
0.150313
0.166845
0.180228
0.188138
0.189237
0.183822
0.17403
0.161791
0.149761
0.13903
0.129607
0.121315
0.114232
0.109299
0.667829
0.346837
0.220935
0.159229
0.126459
0.121295
0.133495
0.148727
0.162145
0.170282
0.171599
0.16682
0.158448
0.147904
0.137594
0.128151
0.119738
0.11221
0.105646
0.100972
0.668781
0.347448
0.221102
0.159161
0.124529
0.110695
0.118292
0.132163
0.144777
0.152825
0.154139
0.150154
0.143413
0.135035
0.126598
0.118596
0.111259
0.104513
0.0984688
0.0940543
0.669685
0.34803
0.221233
0.158889
0.123656
0.104135
0.104611
0.116657
0.128131
0.135475
0.137514
0.135229
0.130032
0.123804
0.117226
0.110697
0.104418
0.0984091
0.0928404
0.0886614
0.670476
0.348338
0.220886
0.15786
0.122013
0.099962
0.0922662
0.100561
0.110983
0.11839
0.122174
0.122091
0.119238
0.115114
0.110232
0.104976
0.099577
0.0941551
0.0889521
0.0849501
0.670577
0.347559
0.219221
0.155375
0.118767
0.0956597
0.0816099
0.0821497
0.0930827
0.103881
0.110918
0.113484
0.112896
0.110293
0.106478
0.101977
0.0970808
0.0919833
0.0869749
0.0830585
0.871584
0.651285
0.525832
0.648071
0.42076
0.653327
0.368411
0.338607
0.353287
0.36101
0.365171
0.391331
0.657313
0.34779
0.284764
0.294137
0.310314
0.320842
0.338379
0.385235
0.659619
0.342806
0.249969
0.249113
0.267159
0.283705
0.300473
0.3266
0.364734
0.399083
0.405952
0.388025
0.354617
0.313655
0.280753
0.255305
0.235361
0.22039
0.208982
0.202049
0.661131
0.342903
0.230533
0.215499
0.230762
0.250369
0.269176
0.287838
0.308148
0.325279
0.327265
0.315196
0.29252
0.265924
0.242841
0.223527
0.207366
0.194326
0.18412
0.177722
0.662372
0.343801
0.222437
0.190603
0.201016
0.220371
0.240634
0.258019
0.271279
0.280177
0.279714
0.27041
0.253819
0.233734
0.215421
0.19948
0.185687
0.174076
0.164752
0.15875
0.663546
0.344538
0.220373
0.173664
0.176783
0.194189
0.214033
0.23207
0.243827
0.249618
0.248217
0.240286
0.226813
0.21046
0.194503
0.180465
0.168175
0.157614
0.148966
0.143275
0.664684
0.345115
0.220326
0.164153
0.157104
0.171674
0.190322
0.208098
0.220768
0.22642
0.225265
0.218268
0.20653
0.192043
0.177566
0.164731
0.153492
0.143752
0.13566
0.130232
0.665782
0.345662
0.220587
0.160304
0.141921
0.152182
0.169232
0.186427
0.199703
0.206665
0.206533
0.200385
0.189668
0.17633
0.162959
0.151139
0.140796
0.131781
0.124194
0.119013
0.666831
0.346237
0.220765
0.159328
0.131796
0.135396
0.150306
0.166837
0.180221
0.188131
0.189231
0.183816
0.174027
0.161788
0.14976
0.13903
0.129606
0.121314
0.114232
0.109299
0.667831
0.346838
0.220935
0.15923
0.126457
0.121292
0.133492
0.148722
0.162139
0.170277
0.171594
0.166815
0.158445
0.147901
0.137595
0.128153
0.119738
0.112209
0.105646
0.100972
0.668783
0.347448
0.221103
0.159162
0.124529
0.110692
0.11829
0.132159
0.144772
0.15282
0.154133
0.150148
0.14341
0.135032
0.126597
0.118596
0.111259
0.104512
0.0984686
0.0940541
0.669688
0.34803
0.221233
0.158889
0.123656
0.104134
0.104609
0.116653
0.128126
0.135468
0.137508
0.135224
0.130029
0.123802
0.117224
0.110695
0.104418
0.098409
0.0928403
0.0886614
0.670478
0.348338
0.220886
0.157861
0.122013
0.0999615
0.0922646
0.100558
0.110978
0.118384
0.122169
0.122087
0.119237
0.115113
0.11023
0.104975
0.0995767
0.094155
0.088952
0.08495
0.670579
0.347559
0.21922
0.155375
0.118767
0.0956592
0.0816087
0.0821466
0.0930794
0.103879
0.110915
0.113481
0.112894
0.110292
0.106477
0.101977
0.0970808
0.0919832
0.0869749
0.0830585
2.0112
2.52226
2.30688
0.871115
0.874978
0.861108
0.651128
0.525591
0.542681
0.648061
0.420577
0.419877
0.653337
0.368295
0.338494
0.353214
0.360948
0.365114
0.391173
0.657321
0.34774
0.284688
0.294079
0.310274
0.320821
0.338332
0.385119
0.659623
0.342792
0.249917
0.249068
0.267126
0.283687
0.30045
0.326551
0.364615
0.398865
0.405675
0.387774
0.354367
0.313618
0.280767
0.255303
0.235356
0.220385
0.208978
0.202044
0.661134
0.342903
0.230501
0.215466
0.230733
0.250344
0.269157
0.287807
0.308081
0.325172
0.327135
0.315119
0.292443
0.265898
0.242837
0.223521
0.207361
0.194322
0.184116
0.177718
0.662374
0.343804
0.222423
0.190578
0.200992
0.22035
0.240621
0.258001
0.271244
0.280124
0.279655
0.270382
0.253781
0.2337
0.215409
0.199474
0.185683
0.174073
0.164749
0.158747
0.663548
0.34454
0.22037
0.173645
0.176765
0.194171
0.214021
0.232058
0.243809
0.24959
0.248186
0.240272
0.226803
0.210443
0.194497
0.18046
0.168172
0.157612
0.148964
0.143273
0.664686
0.345117
0.220327
0.164142
0.15709
0.171658
0.190309
0.208087
0.220756
0.226404
0.225248
0.218256
0.206514
0.192032
0.177562
0.164728
0.15349
0.14375
0.135658
0.130231
0.665784
0.345665
0.220589
0.1603
0.14191
0.152172
0.169218
0.186414
0.199693
0.206655
0.206523
0.200378
0.18966
0.176323
0.162956
0.151137
0.140795
0.131779
0.124194
0.119012
0.666833
0.346238
0.220766
0.159327
0.131785
0.135385
0.150298
0.166829
0.180214
0.188124
0.189224
0.183811
0.174023
0.161783
0.149758
0.139029
0.129606
0.121314
0.114231
0.109298
0.667833
0.346838
0.220935
0.15923
0.126455
0.121288
0.133488
0.148716
0.162133
0.170271
0.171588
0.166809
0.158442
0.147897
0.137595
0.128154
0.119737
0.112209
0.105645
0.100971
0.668785
0.347449
0.221103
0.159162
0.124528
0.11069
0.118287
0.132155
0.144766
0.152815
0.154128
0.150142
0.143406
0.135029
0.126595
0.118596
0.111258
0.104512
0.0984683
0.0940539
0.66969
0.348031
0.221234
0.15889
0.123656
0.104133
0.104607
0.11665
0.128121
0.135462
0.137501
0.135218
0.130026
0.123799
0.117222
0.110694
0.104417
0.0984087
0.0928402
0.0886612
0.67048
0.348339
0.220886
0.157861
0.122013
0.0999612
0.092263
0.100556
0.110973
0.118379
0.122164
0.122082
0.119235
0.115111
0.110228
0.104974
0.0995764
0.0941549
0.088952
0.08495
0.670581
0.34756
0.21922
0.155375
0.118766
0.0956588
0.0816076
0.0821432
0.0930757
0.103877
0.110913
0.113478
0.112893
0.110291
0.106476
0.101976
0.0970806
0.0919831
0.0869748
0.0830585
2.01249
2.51862
2.30321
2.28005
0.870702
0.873877
0.86031
0.83188
0.650982
0.525348
0.542487
0.535754
0.648054
0.420398
0.419733
0.429684
0.653349
0.36818
0.338377
0.353135
0.36088
0.365048
0.390997
0.657329
0.347689
0.284609
0.294017
0.310228
0.320794
0.338278
0.384993
0.659628
0.34278
0.249863
0.249018
0.267088
0.283664
0.300424
0.326496
0.364493
0.398649
0.405411
0.387521
0.354108
0.313563
0.28077
0.255295
0.235347
0.220376
0.208969
0.202037
0.661136
0.342905
0.230468
0.215429
0.230701
0.250316
0.269135
0.287774
0.30801
0.32506
0.327
0.315032
0.292358
0.265867
0.242829
0.223512
0.207354
0.194315
0.18411
0.177712
0.662376
0.343807
0.222409
0.190551
0.200966
0.220326
0.240604
0.257981
0.271206
0.280068
0.27959
0.270351
0.253741
0.233667
0.215396
0.199466
0.185678
0.174068
0.164745
0.158743
0.663551
0.344543
0.220367
0.173627
0.176745
0.194151
0.214007
0.232043
0.243787
0.24956
0.248152
0.240255
0.22679
0.210425
0.194488
0.180455
0.168168
0.157609
0.148961
0.14327
0.664688
0.345118
0.220327
0.164131
0.157075
0.171641
0.190295
0.208074
0.220743
0.226387
0.225229
0.218244
0.206497
0.19202
0.177557
0.164724
0.153487
0.143748
0.135656
0.130229
0.665786
0.345665
0.22059
0.160296
0.141898
0.152161
0.169204
0.1864
0.199682
0.206644
0.206512
0.20037
0.189651
0.176316
0.162953
0.151134
0.140793
0.131778
0.124192
0.119011
0.666835
0.346239
0.220768
0.159326
0.131774
0.135373
0.150289
0.166819
0.180205
0.188116
0.189217
0.183805
0.174018
0.161779
0.149756
0.139028
0.129605
0.121313
0.11423
0.109298
0.667835
0.34684
0.220936
0.15923
0.126453
0.121284
0.133483
0.148709
0.162126
0.170265
0.171582
0.166803
0.158438
0.147894
0.137594
0.128155
0.119737
0.112208
0.105645
0.100971
0.668787
0.34745
0.221104
0.159162
0.124528
0.110688
0.118284
0.13215
0.14476
0.152809
0.154122
0.150136
0.143402
0.135026
0.126594
0.118595
0.111258
0.104512
0.098468
0.0940536
0.669692
0.348032
0.221234
0.15889
0.123656
0.104132
0.104604
0.116647
0.128117
0.135455
0.137495
0.135212
0.130023
0.123797
0.11722
0.110693
0.104417
0.0984085
0.09284
0.0886611
0.670482
0.348342
0.220887
0.157861
0.122013
0.0999607
0.0922611
0.100552
0.110967
0.118373
0.122159
0.122078
0.119232
0.115109
0.110227
0.104973
0.0995761
0.0941547
0.0889519
0.0849499
0.670582
0.347561
0.21922
0.155375
0.118766
0.0956585
0.0816064
0.0821398
0.093072
0.103874
0.11091
0.113476
0.112892
0.11029
0.106475
0.101975
0.0970805
0.0919831
0.0869748
0.0830584
2.0133
2.51372
2.29876
2.27552
3.61331
0.87034
0.873083
0.859806
0.831254
0.845488
0.650844
0.525099
0.542291
0.535564
0.522043
0.648048
0.420218
0.419582
0.429567
0.42472
0.426317
0.653362
0.368062
0.338251
0.353043
0.360802
0.364953
0.390792
0.657338
0.347639
0.284521
0.293943
0.310172
0.320737
0.338212
0.384851
0.659633
0.34277
0.249805
0.24896
0.267042
0.283625
0.300389
0.326431
0.364362
0.398432
0.405155
0.387269
0.353843
0.313487
0.28076
0.255282
0.235332
0.220363
0.208957
0.202025
0.661139
0.342907
0.230434
0.215387
0.230662
0.250284
0.269108
0.287734
0.307933
0.324941
0.326858
0.314937
0.292265
0.265829
0.242816
0.2235
0.207343
0.194306
0.184101
0.177704
0.662379
0.343811
0.222395
0.190521
0.200936
0.2203
0.240582
0.257955
0.271162
0.280006
0.27952
0.270317
0.253699
0.233633
0.21538
0.199456
0.18567
0.174062
0.164738
0.158737
0.663553
0.344546
0.220365
0.173606
0.176723
0.194132
0.213988
0.232025
0.243763
0.249526
0.248115
0.240232
0.226774
0.210406
0.194477
0.180448
0.168163
0.157604
0.148957
0.143266
0.66469
0.345121
0.220329
0.16412
0.157058
0.171623
0.190279
0.208058
0.220727
0.226368
0.225208
0.21823
0.206481
0.192007
0.177551
0.164719
0.153484
0.143745
0.135653
0.130226
0.665788
0.345668
0.220592
0.160292
0.141886
0.152149
0.169188
0.186385
0.19967
0.206632
0.2065
0.200361
0.189642
0.176308
0.162949
0.151131
0.140791
0.131776
0.12419
0.119009
0.666837
0.346241
0.22077
0.159326
0.131763
0.135361
0.150279
0.166809
0.180196
0.188107
0.189209
0.183799
0.174013
0.161774
0.149754
0.139027
0.129603
0.121311
0.114229
0.109296
0.667837
0.346841
0.220936
0.159231
0.126451
0.121279
0.133478
0.148702
0.162118
0.170258
0.171576
0.166796
0.158434
0.14789
0.137593
0.128155
0.119736
0.112207
0.105644
0.10097
0.668788
0.347451
0.221104
0.159163
0.124528
0.110685
0.11828
0.132145
0.144754
0.152803
0.154117
0.15013
0.143398
0.135023
0.126592
0.118594
0.111257
0.104511
0.0984676
0.0940532
0.669693
0.348033
0.221235
0.15889
0.123657
0.104131
0.104602
0.116643
0.128111
0.135448
0.137488
0.135207
0.13002
0.123795
0.117218
0.110692
0.104416
0.0984082
0.0928398
0.0886609
0.670484
0.348342
0.220887
0.157861
0.122013
0.0999602
0.0922591
0.100549
0.110962
0.118367
0.122153
0.122073
0.11923
0.115108
0.110225
0.104972
0.0995757
0.0941546
0.0889518
0.0849499
0.670584
0.347561
0.219219
0.155375
0.118766
0.095658
0.0816052
0.0821365
0.0930683
0.103871
0.110907
0.113473
0.11289
0.110289
0.106474
0.101974
0.0970803
0.091983
0.0869747
0.0830584
2.01369
2.50791
2.29381
2.27065
3.60429
3.697
0.870021
0.872582
0.859557
0.830848
0.845356
0.869197
0.650707
0.524836
0.542075
0.53536
0.52182
0.529384
0.648045
0.420031
0.419414
0.429429
0.424571
0.426078
0.653377
0.36794
0.338109
0.352934
0.360706
0.364839
0.390561
0.657349
0.347588
0.284424
0.293855
0.310102
0.320667
0.338127
0.384687
0.659639
0.34276
0.249741
0.248891
0.266986
0.283574
0.300343
0.326351
0.364216
0.398208
0.404901
0.387012
0.35357
0.313392
0.280736
0.25526
0.235309
0.220342
0.208939
0.202007
0.661143
0.342911
0.230399
0.215339
0.230616
0.250243
0.269072
0.287686
0.307844
0.324809
0.326704
0.314829
0.292161
0.26578
0.242795
0.223483
0.207327
0.194292
0.184088
0.177691
0.662381
0.343817
0.222382
0.190488
0.200901
0.220269
0.240554
0.257925
0.271113
0.279937
0.279442
0.270274
0.25365
0.233594
0.21536
0.199442
0.185659
0.174052
0.16473
0.158729
0.663555
0.34455
0.220363
0.173585
0.176698
0.194109
0.213966
0.232003
0.243734
0.249489
0.248074
0.240206
0.226753
0.210383
0.194464
0.180438
0.168156
0.157597
0.148951
0.143261
0.664693
0.345124
0.220331
0.164108
0.15704
0.171604
0.190261
0.208041
0.220708
0.226346
0.225185
0.218214
0.206463
0.191993
0.177543
0.164713
0.153479
0.14374
0.13565
0.130222
0.66579
0.345669
0.220593
0.160288
0.141873
0.152135
0.169171
0.186369
0.199656
0.206618
0.206486
0.200351
0.189631
0.176299
0.162943
0.151127
0.140788
0.131773
0.124188
0.119006
0.666839
0.346242
0.220772
0.159326
0.131752
0.135347
0.150267
0.166797
0.180186
0.188098
0.1892
0.183793
0.174007
0.161768
0.149751
0.139025
0.129601
0.121309
0.114227
0.109295
0.667839
0.346842
0.220937
0.159231
0.126448
0.121273
0.133471
0.148694
0.162111
0.17025
0.171568
0.166789
0.158429
0.147885
0.137591
0.128155
0.119735
0.112206
0.105643
0.100969
0.66879
0.347451
0.221105
0.159163
0.124528
0.110682
0.118276
0.132139
0.144747
0.152797
0.15411
0.150123
0.143394
0.135019
0.12659
0.118593
0.111256
0.104511
0.098467
0.0940527
0.669695
0.348033
0.221235
0.158891
0.123657
0.10413
0.104599
0.116639
0.128106
0.135442
0.137481
0.135201
0.130017
0.123792
0.117216
0.11069
0.104416
0.0984078
0.0928395
0.0886607
0.670486
0.348343
0.220888
0.157861
0.122013
0.0999598
0.0922572
0.100546
0.110956
0.118361
0.122147
0.122068
0.119228
0.115106
0.110223
0.104971
0.0995753
0.0941544
0.0889517
0.0849498
0.670585
0.347562
0.219219
0.155374
0.118766
0.0956576
0.0816039
0.0821329
0.0930642
0.103868
0.110904
0.11347
0.112888
0.110288
0.106473
0.101974
0.0970801
0.0919829
0.0869747
0.0830584
2.01371
2.50148
2.28861
2.26563
3.59608
3.68934
0.869731
0.87232
0.859503
0.830576
0.845259
0.868944
0.650566
0.524558
0.541857
0.535148
0.521586
0.528967
0.648042
0.419818
0.419204
0.429244
0.424374
0.425796
0.653394
0.367806
0.337942
0.35279
0.360575
0.364707
0.390278
0.65736
0.347535
0.284311
0.293745
0.310007
0.320597
0.338014
0.384473
0.659645
0.34275
0.24967
0.248809
0.266911
0.283519
0.300282
0.326244
0.364035
0.397956
0.404631
0.386774
0.353282
0.313263
0.280687
0.255224
0.235277
0.220313
0.208913
0.201983
0.661146
0.342915
0.230362
0.215283
0.230559
0.250191
0.269027
0.287623
0.307738
0.324659
0.326535
0.314719
0.292052
0.265724
0.242766
0.223459
0.207306
0.194273
0.184071
0.177676
0.662384
0.343823
0.222369
0.190451
0.200859
0.220227
0.240519
0.257884
0.271053
0.279856
0.279354
0.270225
0.253604
0.23356
0.215339
0.199425
0.185644
0.174039
0.164718
0.158718
0.663558
0.344555
0.220362
0.173561
0.176668
0.194076
0.213938
0.231975
0.2437
0.249445
0.248028
0.240181
0.226734
0.210364
0.194452
0.180426
0.168146
0.15759
0.148944
0.143254
0.664695
0.345127
0.220333
0.164096
0.157019
0.171579
0.190239
0.208019
0.220686
0.22632
0.225159
0.218201
0.20645
0.191979
0.177535
0.164705
0.153473
0.143735
0.135645
0.130218
0.665792
0.345671
0.220596
0.160284
0.141858
0.152118
0.169152
0.18635
0.199639
0.206602
0.206471
0.200342
0.189622
0.176291
0.162938
0.151122
0.140784
0.13177
0.124184
0.119003
0.666841
0.346244
0.220774
0.159325
0.13174
0.135333
0.150254
0.166784
0.180174
0.188086
0.189189
0.183787
0.174001
0.161762
0.149747
0.139023
0.129599
0.121307
0.114225
0.109293
0.66784
0.346844
0.220938
0.159232
0.126446
0.121267
0.133464
0.148685
0.162102
0.170242
0.17156
0.166782
0.158425
0.147881
0.137589
0.128154
0.119734
0.112205
0.105641
0.100968
0.668792
0.347454
0.221105
0.159164
0.124527
0.110679
0.118272
0.132132
0.14474
0.15279
0.154104
0.150117
0.14339
0.135016
0.126589
0.118593
0.111255
0.10451
0.0984662
0.0940521
0.669696
0.348034
0.221235
0.158891
0.123657
0.104129
0.104596
0.116634
0.1281
0.135434
0.137475
0.135195
0.130013
0.123789
0.117214
0.110689
0.104415
0.0984074
0.0928392
0.0886604
0.670487
0.348343
0.220888
0.157862
0.122013
0.0999593
0.0922551
0.100542
0.110951
0.118355
0.122142
0.122063
0.119225
0.115104
0.110222
0.104969
0.0995749
0.0941543
0.0889516
0.0849497
0.670587
0.347562
0.219219
0.155374
0.118765
0.0956571
0.0816026
0.0821294
0.0930603
0.103864
0.110901
0.113467
0.112887
0.110287
0.106472
0.101973
0.0970799
0.0919829
0.0869747
0.0830584
2.01342
2.49473
2.28332
2.26061
3.5887
3.68251
0.869436
0.872232
0.85959
0.830341
0.845023
0.868545
0.650411
0.524185
0.541493
0.534755
0.521132
0.528385
0.64805
0.419607
0.418984
0.429029
0.424128
0.425452
0.653416
0.367683
0.33777
0.352638
0.360428
0.364524
0.389936
0.657375
0.347492
0.284198
0.293631
0.309908
0.320486
0.337869
0.384204
0.659653
0.342749
0.249601
0.248726
0.266838
0.283447
0.300205
0.326117
0.363836
0.397709
0.404385
0.386467
0.352951
0.313133
0.280672
0.25519
0.235241
0.22028
0.208883
0.201956
0.661151
0.342926
0.230326
0.215227
0.230502
0.250139
0.268978
0.287558
0.30763
0.32451
0.326371
0.314586
0.291898
0.265662
0.242762
0.223439
0.207283
0.194252
0.184052
0.177658
0.662388
0.343833
0.222358
0.190415
0.200817
0.22019
0.240487
0.257848
0.270996
0.279778
0.279268
0.270176
0.253537
0.233511
0.215333
0.199411
0.18563
0.174026
0.164706
0.158707
0.663561
0.344562
0.220362
0.173539
0.176639
0.19405
0.213915
0.231953
0.243669
0.249405
0.247984
0.240153
0.226704
0.210328
0.194449
0.180418
0.168137
0.157581
0.148935
0.143246
0.664698
0.345132
0.220336
0.164085
0.157
0.171558
0.190221
0.208003
0.220668
0.226299
0.225135
0.218176
0.206425
0.191957
0.177535
0.164701
0.153467
0.14373
0.135639
0.130213
0.665795
0.345675
0.220599
0.160281
0.141845
0.152103
0.169135
0.186336
0.199627
0.206589
0.206458
0.200327
0.189605
0.176274
0.16294
0.151121
0.14078
0.131766
0.124181
0.119
0.666843
0.346247
0.220776
0.159326
0.131729
0.13532
0.150241
0.166773
0.180165
0.188078
0.189181
0.18378
0.173993
0.16175
0.149747
0.139024
0.129597
0.121305
0.114223
0.109291
0.667842
0.346846
0.220939
0.159233
0.126444
0.121261
0.133457
0.148677
0.162095
0.170236
0.171555
0.166776
0.158419
0.147872
0.137588
0.128157
0.119734
0.112204
0.10564
0.100967
0.668794
0.347454
0.221106
0.159164
0.124527
0.110676
0.118267
0.132127
0.144733
0.152785
0.154099
0.150112
0.143386
0.13501
0.126588
0.118595
0.111256
0.104509
0.0984656
0.0940516
0.669698
0.348035
0.221236
0.158892
0.123658
0.104128
0.104593
0.116631
0.128095
0.135428
0.137469
0.13519
0.13001
0.123785
0.117213
0.11069
0.104415
0.0984071
0.0928389
0.0886602
0.670489
0.348344
0.220888
0.157862
0.122014
0.0999589
0.0922531
0.100539
0.110946
0.118349
0.122137
0.122059
0.119223
0.115102
0.110221
0.10497
0.0995749
0.0941541
0.0889515
0.0849497
0.670588
0.347562
0.219219
0.155374
0.118765
0.0956567
0.0816013
0.082126
0.0930562
0.103861
0.110897
0.113464
0.112885
0.110286
0.106471
0.101973
0.0970799
0.0919828
0.0869747
0.0830584
2.01282
2.48801
2.27825
2.25611
3.58253
0.869007
0.872034
0.859744
0.829999
0.843813
0.650259
0.524094
0.541775
0.535095
0.648026
0.419419
0.418968
0.429142
0.424101
0.426327
0.65342
0.367567
0.337767
0.352743
0.360444
0.365057
0.390937
0.657379
0.347434
0.284195
0.293729
0.309945
0.320878
0.338573
0.384615
0.659654
0.342725
0.249597
0.248803
0.266879
0.283757
0.300709
0.326385
0.363915
0.39792
0.405902
0.390333
0.357446
0.315418
0.281302
0.255211
0.235212
0.220252
0.208858
0.201934
0.661152
0.342915
0.230318
0.215279
0.230543
0.250259
0.269149
0.287609
0.307691
0.324618
0.327131
0.316362
0.294486
0.268368
0.243967
0.223477
0.207267
0.194234
0.184036
0.177644
0.662389
0.343827
0.22235
0.19045
0.200851
0.220289
0.24063
0.257883
0.27104
0.279847
0.279695
0.271184
0.255044
0.235298
0.216199
0.199444
0.18562
0.174015
0.164696
0.158697
0.663562
0.344557
0.220357
0.173559
0.176664
0.194138
0.214043
0.231985
0.243702
0.249451
0.248246
0.240838
0.227234
0.211002
0.195054
0.180444
0.168131
0.157574
0.148929
0.14324
0.664699
0.345127
0.220333
0.164093
0.157017
0.171627
0.190315
0.208031
0.220693
0.226332
0.225311
0.219008
0.20713
0.192416
0.177989
0.164723
0.153463
0.143725
0.135635
0.130209
0.665796
0.345672
0.220596
0.160282
0.141856
0.152116
0.169162
0.186362
0.199648
0.206615
0.206581
0.200565
0.189786
0.176616
0.163292
0.151145
0.14078
0.131763
0.124179
0.118998
0.666843
0.346244
0.220774
0.159325
0.131731
0.135326
0.150262
0.166797
0.180185
0.1881
0.189279
0.183945
0.174115
0.162019
0.150014
0.139044
0.1296
0.121304
0.114222
0.10929
0.667843
0.346844
0.220936
0.159232
0.126445
0.121266
0.133474
0.148698
0.162114
0.170256
0.171639
0.166918
0.15852
0.14808
0.137785
0.128219
0.11974
0.112203
0.105639
0.100966
0.668794
0.347453
0.221104
0.159164
0.124528
0.110686
0.118279
0.132142
0.14475
0.152801
0.154167
0.150224
0.143464
0.135161
0.126829
0.118714
0.111262
0.104509
0.0984651
0.0940511
0.669698
0.348034
0.221235
0.158891
0.123657
0.10413
0.1046
0.116641
0.128107
0.135441
0.137519
0.135267
0.130062
0.123881
0.117368
0.110764
0.104419
0.098407
0.0928387
0.08866
0.670489
0.348343
0.220888
0.157862
0.122014
0.0999586
0.0922569
0.100545
0.110952
0.118357
0.122167
0.122103
0.11925
0.11515
0.110297
0.105005
0.099577
0.0941541
0.0889514
0.0849496
0.670589
0.347562
0.219219
0.155375
0.118765
0.0956569
0.0816027
0.0821284
0.0930589
0.103863
0.110908
0.113477
0.112893
0.110299
0.106493
0.101983
0.0970806
0.0919829
0.0869747
0.0830584
0.657187
0.34882
0.287674
0.297183
0.313015
0.323418
0.341479
0.391125
0.659543
0.342968
0.251674
0.251239
0.269283
0.285716
0.302581
0.329817
0.370554
0.407143
0.414369
0.391481
0.356424
0.31526
0.281194
0.255209
0.2352
0.220239
0.208847
0.201924
0.661077
0.342817
0.231387
0.216953
0.2324
0.251991
0.270857
0.289871
0.311262
0.329308
0.331291
0.317008
0.293866
0.268086
0.243868
0.223492
0.207261
0.194227
0.184029
0.177638
0.662327
0.343685
0.222761
0.191569
0.202237
0.221602
0.241983
0.259479
0.273126
0.282428
0.281949
0.271557
0.254563
0.235118
0.216136
0.199457
0.185617
0.17401
0.164692
0.158694
0.663506
0.344435
0.220455
0.174236
0.177683
0.195163
0.215183
0.233263
0.2451
0.251019
0.249585
0.241098
0.226898
0.21093
0.195007
0.180453
0.168129
0.157571
0.148926
0.143237
0.664647
0.345025
0.220336
0.164422
0.157748
0.172407
0.191192
0.209097
0.221744
0.227392
0.226179
0.218982
0.207081
0.19237
0.177955
0.164731
0.153463
0.143723
0.135633
0.130207
0.665748
0.345583
0.220587
0.16039
0.142344
0.152631
0.169761
0.1872
0.200486
0.207408
0.207205
0.201025
0.189975
0.176577
0.163265
0.151152
0.14078
0.131762
0.124177
0.118997
0.666801
0.346166
0.220762
0.159342
0.132001
0.135692
0.150598
0.167325
0.180851
0.188738
0.189776
0.184333
0.174279
0.161987
0.14999
0.139052
0.129601
0.121303
0.114221
0.109289
0.667804
0.346778
0.220935
0.159226
0.126487
0.121404
0.133714
0.149098
0.162639
0.170768
0.172057
0.167246
0.158653
0.148056
0.137785
0.128211
0.119741
0.112203
0.105639
0.100966
0.66876
0.347401
0.221102
0.159158
0.124528
0.11075
0.118447
0.132435
0.145148
0.153197
0.154498
0.150477
0.143563
0.135144
0.126807
0.118708
0.111264
0.104509
0.098465
0.0940509
0.669668
0.347997
0.221235
0.158889
0.123651
0.104147
0.104705
0.116845
0.128393
0.135733
0.137753
0.135436
0.130125
0.12387
0.117355
0.110762
0.104421
0.0984073
0.0928387
0.0886599
0.670462
0.348324
0.220892
0.157865
0.122016
0.0999635
0.0923141
0.100683
0.111147
0.118503
0.122273
0.122199
0.119282
0.115145
0.110291
0.105006
0.0995778
0.0941542
0.0889514
0.0849496
0.670567
0.34756
0.219226
0.155379
0.118771
0.0956623
0.0816257
0.082202
0.093134
0.103906
0.110946
0.113509
0.112902
0.110298
0.106492
0.101984
0.0970805
0.0919829
0.0869747
0.0830584
3.7179
4.43734
4.32497
4.06559
1.0265
1.14938
2.01073
2.59015
1.02599
1.14885
2.52296
2.3637
1.22751
1.18693
3.71733
4.43332
3.71561
4.42134
4.32085
4.06137
4.30836
4.04893
4.0007
3.90209
3.98924
3.89211
3.90674
2.58959
1.02555
1.14848
2.01214
2.5874
1.02518
1.14831
2.36279
1.22752
1.18698
2.51968
2.35983
1.22771
1.18716
2.25688
1.14864
1.11635
2.30426
2.25378
1.14879
1.11622
2.28126
1.12936
3.71505
4.41742
3.71337
4.40597
4.30423
4.0449
4.29196
4.03322
3.98549
3.88884
3.97453
3.8793
3.9039
3.89539
2.5865
1.02488
1.14825
2.01307
2.58342
1.02464
1.14837
2.35867
1.22802
1.18744
2.51506
2.35508
1.22846
1.1878
2.25251
1.14902
1.11616
2.29998
2.24903
1.14933
1.11618
3.3768
1.12913
1.19238
2.27685
3.3707
1.12898
1.19234
3.61576
1.23945
3.71282
4.40227
3.7112
4.39161
4.28797
4.0295
4.27629
4.01885
3.97101
3.87624
3.96088
3.8674
3.89263
3.88451
2.58226
1.02445
1.14859
2.01355
2.57852
1.02432
1.14897
2.35375
1.22898
1.18821
2.50945
2.34976
1.2296
1.18868
2.24764
1.14968
1.11624
2.29513
2.24392
1.15007
1.11634
3.36855
1.12885
1.19228
2.27204
3.3626
1.12876
1.19224
3.69917
1.23961
1.24859
3.60653
3.69263
1.23975
1.24861
3.71069
4.3882
3.70916
4.37845
4.27253
4.01549
4.26174
4.00599
3.95767
3.86461
3.94852
3.85659
3.88192
3.87441
2.57719
1.02423
1.14941
2.01366
2.57302
1.02419
1.14998
2.34833
1.23025
1.18916
2.50315
2.34413
1.23095
1.18965
2.24247
1.15048
1.11645
2.28998
2.23867
1.1509
1.11657
3.36054
1.12866
1.19216
2.26705
3.35494
1.12857
1.19207
3.69058
1.23983
1.24857
3.59809
3.68473
1.23989
1.2485
1.28047
3.69118
4.96317
1.28019
1.42057
3.70867
4.37535
3.70723
4.36654
4.25833
4.00301
4.24864
3.99464
3.94564
3.85408
3.9375
3.84689
3.87205
3.86524
2.57157
1.02417
1.15056
2.01345
2.56715
1.0242
1.15122
2.34266
1.23165
1.19013
2.49644
2.33838
1.23237
1.1906
2.23719
1.15129
1.11666
2.28469
2.23343
1.15167
1.11675
3.35302
1.12844
1.19192
2.26201
3.34785
1.1283
1.19175
3.68289
1.23987
1.24836
3.59047
3.67766
1.23982
1.24818
4.9589
1.27982
1.41938
3.68413
4.94691
1.27941
1.41818
3.70678
4.36379
3.70552
4.35614
4.24559
3.99204
4.23705
3.98489
3.93497
3.84466
3.92796
3.83829
3.86313
3.8571
2.56564
1.02424
1.15186
2.01295
2.56111
1.02431
1.15249
2.33692
1.23305
1.19104
2.48972
2.33277
1.23367
1.1914
2.23201
1.15202
1.11681
2.27953
2.22851
1.15232
1.11684
3.34608
1.12812
1.19151
2.25719
3.34133
1.1279
1.1912
3.67603
1.23969
1.24792
3.58371
3.67139
1.23947
1.24758
4.94325
1.27888
1.41683
3.67794
1.27822
3.70511
4.35377
3.71376
4.37477
4.23437
3.98268
4.25549
4.00669
3.92582
3.83643
3.9545
3.91403
3.85557
3.94224
2.55956
1.02434
1.15306
2.01474
2.56503
1.02445
1.15448
2.33136
1.23423
1.19176
2.49351
2.33856
1.23573
1.19313
2.22738
1.15268
1.11707
2.28791
2.25898
1.15489
1.12135
3.33997
1.12785
1.19085
2.29204
3.41815
1.13343
1.19589
1.23901
1.786
2.47372
1.75465
2.52148
1.78538
2.47288
1.75516
1.61759
2.27405
1.62305
2.30607
1.6168
2.27327
1.62365
1.78708
2.4699
1.75639
2.51749
1.78658
2.46878
1.75683
1.61798
2.27059
1.62365
2.30218
1.61727
2.26959
1.62416
1.69302
2.39679
1.59695
2.27908
1.69308
2.39574
1.5978
1.78758
2.46508
1.75774
2.51233
1.78723
2.46374
1.75806
1.6179
2.26635
1.62383
2.29758
1.61733
2.26519
1.62422
1.6915
2.39222
1.59569
2.27445
1.69166
2.39106
1.59646
2.10329
3.6931
2.04681
3.61105
2.10679
3.69056
2.04361
1.78741
2.45956
1.75855
2.50634
1.78722
2.45811
1.75872
1.61734
2.26159
1.62351
2.29255
1.61689
2.26036
1.62377
1.68955
2.38732
1.59413
2.26953
1.68982
2.38613
1.59482
2.10051
3.68356
2.04477
3.6022
2.10409
3.6813
2.04148
2.17922
3.71801
2.12237
3.695
2.17873
3.71582
2.12166
1.78658
2.45364
1.7587
2.49979
1.78656
2.45211
1.75866
1.61629
2.25657
1.6227
2.28731
1.61596
2.25531
1.62283
1.68725
2.38237
1.59227
2.2645
1.68761
2.38119
1.59287
2.0975
3.67513
2.04238
3.59418
2.10115
3.67311
2.03898
2.17501
3.70969
2.11914
3.68756
2.17457
3.70777
2.11837
1.78515
2.4475
1.7581
2.49304
1.78527
2.44598
1.7579
1.61486
2.25147
1.62144
2.28205
1.61461
2.25024
1.62148
1.6847
2.37746
1.59015
2.25951
1.68511
2.37632
1.5907
2.09423
3.66766
2.03967
3.58697
2.098
3.66586
2.03612
2.17072
3.70247
2.11575
3.68094
2.1703
3.70083
2.11493
1.78317
2.44138
1.75681
2.48651
1.78339
2.44007
1.75645
1.61366
2.24657
1.61999
2.27736
1.61315
2.24595
1.62012
1.68287
2.37305
1.58833
2.25647
1.68261
2.37347
1.58962
2.09054
3.66141
2.03645
3.58391
2.09437
3.66258
2.03318
3.71902
4.58804
4.44534
4.62668
3.71846
4.58487
4.58645
4.44135
4.62098
4.62383
4.32907
4.20476
4.20902
4.06982
4.13447
4.13866
1.66681
2.59094
2.58781
1.83335
1.66717
2.59061
2.58734
1.83439
2.58766
1.83386
1.66722
1.78465
2.52351
2.4745
1.75427
2.47515
1.75373
1.78533
1.69162
2.36444
2.40723
1.68517
2.40801
1.68455
1.69231
4.58325
3.71675
4.58164
4.6181
4.4293
4.61524
3.71618
4.5784
4.58001
4.42531
4.60954
4.61237
4.20053
4.31668
4.19628
4.13029
4.05717
4.1261
4.31253
4.1879
4.19208
4.05303
4.11785
4.12196
3.94292
3.99685
3.93922
3.91479
3.89873
3.9113
3.99303
3.93184
3.93544
3.89542
3.90428
3.90767
3.90961
4.03204
4.03454
5.16725
5.17081
1.6677
2.58701
1.83489
2.58892
1.66762
2.58655
1.8354
1.66818
2.58821
2.5856
1.83646
2.58614
1.83593
1.66834
1.69277
2.40627
1.685
2.36187
1.69212
2.40531
1.68558
1.78606
2.52062
2.47099
1.75606
2.47196
1.75555
1.78664
1.69258
2.36085
2.40319
1.68595
2.40425
1.68541
1.69319
1.57745
2.25147
1.59534
2.25595
1.57668
2.25058
1.59647
1.61708
2.30516
2.27155
1.62398
2.27245
1.62341
1.61785
1.57666
2.25476
2.24865
1.59606
2.24963
1.59495
1.57741
1.69362
2.28214
2.39791
1.59838
2.39885
1.59749
1.69364
4.57678
3.71448
4.57518
4.60671
4.41355
4.60392
3.71392
4.57201
4.57358
4.40973
4.59844
4.60116
4.18379
4.3001
4.1797
4.11379
4.04092
4.10978
4.29602
4.17177
4.17572
4.03703
4.10197
4.10584
3.92811
3.98178
3.92457
3.90068
3.8856
3.89733
3.97812
3.91761
3.92099
3.88244
3.89067
3.89387
4.02958
3.90103
4.02711
5.16372
5.16026
3.89821
4.02232
4.02471
5.15355
5.15686
1.66895
2.58505
1.83694
2.58552
1.66881
2.58436
1.8374
1.66947
2.58451
2.58301
1.83831
2.58375
1.83786
1.66965
1.69345
2.40198
1.68567
2.35752
1.69291
2.4008
1.68614
1.787
2.51631
2.46639
1.75753
2.4676
1.75712
1.78744
1.69315
2.3563
2.39829
1.68625
2.39953
1.68584
1.69364
1.57727
2.24758
1.59449
2.25144
1.57657
2.24652
1.59556
1.61736
2.30107
2.26748
1.62427
2.26856
1.62381
1.61802
1.5764
2.25012
2.24428
1.59502
2.24541
1.59398
1.57706
1.82056
2.8536
1.97964
3.37483
1.8209
2.85214
1.97747
1.69243
2.27784
2.39348
1.5972
2.39457
1.59637
1.69233
1.82011
3.37266
2.84913
1.97677
2.85059
1.97894
1.81976
2.10801
3.61809
3.69563
2.04457
3.69826
2.04764
2.10459
4.57044
3.71227
4.5689
4.59575
4.39864
4.59311
3.71174
4.56588
4.56737
4.39509
4.58796
4.59051
4.16793
4.28401
4.16414
4.09818
4.02585
4.09446
4.28012
4.15683
4.16045
4.0223
4.08728
4.09083
3.91413
3.96756
3.91087
3.88729
3.87322
3.88418
3.96418
3.90448
3.90758
3.87029
3.87805
3.88098
4.02001
3.88987
4.01771
5.1503
5.14715
3.88718
4.01329
4.01549
5.1411
5.14407
1.67026
2.58228
1.83868
2.58103
1.67013
2.58141
1.83903
1.67074
2.57981
2.57974
1.83966
2.58064
1.83936
1.67088
1.69363
2.39692
1.68584
2.35245
1.69322
2.39557
1.68616
1.78733
2.5109
2.46101
1.75848
2.46239
1.75822
1.78761
1.69319
2.35108
2.39282
1.68599
2.39418
1.68572
1.69355
1.57673
2.24307
1.59337
2.24648
1.57613
2.2419
1.59436
1.61717
2.29633
2.26283
1.62408
2.26402
1.62375
1.6177
1.57576
2.24508
2.23946
1.59365
2.24067
1.5927
1.57632
1.8188
2.84755
1.97814
3.36661
1.81924
2.84605
1.97583
1.69079
2.27311
2.38863
1.59571
2.38978
1.59497
1.69059
1.81827
3.36449
2.84301
1.97488
2.84449
1.97718
1.81782
2.09675
3.70151
2.12766
3.69693
2.09979
3.69883
2.12669
2.10548
3.6087
3.68581
2.04264
3.68817
2.04582
2.10196
2.09838
3.69476
3.69413
2.12528
3.69664
2.12624
2.09532
4.56439
3.71016
4.56294
4.58545
4.38487
4.58299
3.70966
4.56011
4.5615
4.38162
4.57822
4.58058
4.15332
4.26884
4.14987
4.08383
4.01222
4.08046
4.26524
4.14327
4.14654
4.00906
4.074
4.07718
3.90132
3.95453
3.89838
3.87495
3.86185
3.87214
3.95149
3.89265
3.89543
3.8592
3.86661
3.86923
4.01117
3.87935
4.00906
5.1382
5.13541
3.87687
4.00504
4.00704
5.1301
5.1327
1.67137
2.57886
1.83988
2.5758
1.6713
2.57787
1.84008
1.67179
2.57444
2.57597
1.8404
2.57698
1.84026
1.67186
1.69327
2.39136
1.68542
2.34694
1.69299
2.38994
1.68561
1.78699
2.50476
2.45517
1.75881
2.45664
1.75872
1.78711
1.69269
2.34551
2.38706
1.68515
2.38847
1.68502
1.69291
1.5758
2.23818
1.59193
2.24127
1.5753
2.23694
1.59283
1.61648
2.29124
2.25788
1.62339
2.25911
1.62318
1.61689
1.57475
2.23984
2.23441
1.59195
2.23567
1.5911
1.57521
1.81669
2.84144
1.97614
3.35871
1.81721
2.83997
1.97373
1.68876
2.26816
2.38369
1.59392
2.38485
1.59325
1.68847
1.81607
3.35671
2.83702
1.97257
2.83845
1.97498
1.81555
2.09378
3.69209
2.12478
3.68857
2.09689
3.68967
2.12373
2.10264
3.60008
3.6771
2.04032
3.67919
2.0436
2.09907
2.09536
3.68662
3.68552
2.1222
3.68778
2.12324
2.09226
2.17668
3.69306
3.71166
2.12006
3.7137
2.12078
2.17718
2.25247
4.96766
3.8495
2.73823
3.85187
2.74041
2.25205
4.55872
3.70818
4.55737
4.5759
4.37233
4.57364
3.7077
4.55474
4.55603
4.36939
4.56927
4.57142
4.14011
4.25501
4.13702
4.0709
4.00012
4.0679
4.25177
4.13113
4.13403
3.99732
4.06216
4.06498
3.88984
3.94284
3.88723
3.86382
3.8516
3.86131
3.94012
3.88216
3.88461
3.84923
3.85638
3.8587
4.00312
3.8697
4.00121
5.12756
5.12511
3.86746
3.9976
3.9994
5.12046
5.12275
1.67219
2.575
1.84047
2.57008
1.67221
2.57391
1.8405
1.67253
2.56864
2.57187
1.84051
2.57295
1.84053
1.67251
1.69236
2.38556
1.68445
2.34123
1.69223
2.38411
1.68449
1.786
2.49812
2.44907
1.75837
2.45058
1.75848
1.78595
1.69166
2.33978
2.3812
1.68377
2.38262
1.68378
1.69175
1.5745
2.23311
1.59016
2.23601
1.5741
2.23185
1.59097
1.61533
2.28596
2.25278
1.62221
2.25402
1.62213
1.61562
1.57336
2.23458
2.22932
1.58993
2.23057
1.58916
1.57372
1.81426
2.83551
1.97376
3.35132
1.81486
2.8341
1.97121
1.68639
2.26311
2.37875
1.59183
2.3799
1.59125
1.68602
1.81358
3.34947
2.83128
1.96985
2.83263
1.9724
1.81298
2.09061
3.68376
2.12167
3.6811
2.09379
3.68157
2.12052
2.09959
3.59228
3.66937
2.03764
3.67125
2.04104
2.09593
2.09216
3.67935
3.67788
2.11884
3.67994
2.12001
2.08898
2.24912
3.84722
2.73555
4.95472
2.24959
3.84501
2.73338
2.17245
3.68582
3.70416
2.11669
3.70594
2.11745
2.1729
2.24675
4.95077
3.84085
2.72872
3.84289
2.73079
2.24633
4.55348
3.70634
4.55226
4.56716
4.36114
4.56513
3.70593
4.54994
4.55107
4.35859
4.56123
4.56314
4.12831
4.24264
4.12558
4.05944
3.98955
4.05682
4.23978
4.1204
4.12294
3.98715
4.05188
4.0543
3.87969
3.93253
3.8774
3.8539
3.84245
3.85173
3.93019
3.87304
3.87517
3.84037
3.84744
3.84947
3.99589
3.86103
3.99419
5.11829
5.1162
3.85905
3.99102
3.9926
5.11245
5.11427
1.67266
2.57084
1.84042
2.56411
1.67278
2.56971
1.84029
1.6729
2.56263
2.56759
1.83989
2.56871
1.84012
1.67272
1.69099
2.37969
1.68298
2.33553
1.69096
2.37827
1.68292
1.78444
2.49138
2.44295
1.75724
2.44445
1.75754
1.78422
1.6902
2.33412
2.37545
1.682
2.37683
1.68212
1.69016
1.57291
2.22802
1.5881
2.23088
1.57256
2.2268
1.58886
1.61385
2.28075
2.24779
1.62073
2.24896
1.62073
1.61407
1.57174
2.22954
2.22444
1.58785
2.22558
1.58709
1.57209
1.8116
2.82985
1.97099
3.34453
1.81226
2.82855
1.9683
1.68382
2.2582
2.37405
1.5897
2.37511
1.58911
1.68343
1.81089
3.34282
2.82602
1.96662
2.82722
1.96945
1.81023
2.08723
3.6764
2.11831
3.67445
2.09052
3.67441
2.11702
2.09632
3.58532
3.66256
2.03445
3.66427
2.03817
2.09236
2.08881
3.67291
3.67114
2.11502
3.67306
2.11653
2.08536
2.24349
3.83893
2.72618
4.93969
2.24392
3.83705
2.72416
2.16819
3.67942
3.69779
2.11317
3.69928
2.11402
2.16861
2.2412
4.93625
3.83529
2.72177
4.54885
3.70479
4.54808
4.55938
4.35204
4.55802
4.56255
3.70585
4.54964
4.57753
4.35408
4.55988
4.11793
4.23234
4.11612
4.04955
3.98115
4.04786
4.13998
4.23429
4.11838
4.07217
3.98383
4.05025
3.871
3.92446
3.86962
3.84551
3.83708
3.84478
3.91073
3.92807
3.87535
3.9044
3.85031
3.85428
3.98985
3.85687
3.99183
5.11143
5.11588
4.08692
3.87192
4.0091
5.2843
5.14756
1.67228
2.56649
1.83964
2.55819
1.67285
2.56542
1.83932
2.57197
1.84193
1.67523
1.67267
2.55826
2.56575
1.83931
1.68928
2.37399
1.68117
2.33027
1.6893
2.37281
1.68113
2.44729
1.75928
1.78589
1.78301
2.48651
2.44019
1.75637
2.38063
1.68473
1.69269
1.68932
2.33071
2.37314
1.68125
1.57195
2.22326
1.58635
2.22756
1.57111
2.22302
1.58779
2.26135
1.62516
1.62136
1.61478
2.27836
2.24797
1.62065
2.24673
1.60397
1.58401
1.57401
2.23289
2.22675
1.59073
1.80982
2.82501
1.96788
3.34118
1.80965
2.82601
1.96574
2.41231
1.60788
1.70055
1.68579
2.26261
2.38027
1.5929
2.88424
1.99368
1.83235
1.81354
3.35487
2.83649
1.97182
1.5683
2.0098
2.40324
1.33595
0.810914
0.851556
0.647967
0.87135
0.810071
0.851735
0.647426
0.875669
0.886657
0.65112
0.720375
1.56893
2.40337
1.33638
2.01147
1.56901
2.40326
1.33603
0.809256
0.851899
0.646887
0.870909
0.808545
0.85205
0.64639
0.886011
0.650598
0.719996
0.874412
0.885489
0.650133
0.719678
0.84562
0.687344
0.706833
0.860694
0.845205
0.687039
0.706539
1.57001
2.40317
1.33657
2.01263
1.57001
2.40299
1.33625
0.807864
0.852188
0.645894
0.870522
0.807287
0.852315
0.64544
0.885006
0.64964
0.719312
0.873466
0.884645
0.649206
0.719012
0.844823
0.686699
0.706228
0.860047
0.844555
0.686425
0.705971
0.84428
0.671282
0.684411
0.831553
0.844027
0.670997
0.684157
1.57126
2.40266
1.33685
2.01333
1.57124
2.40239
1.33654
0.806743
0.852432
0.644986
0.870182
0.806305
0.852539
0.644572
0.884316
0.648746
0.71867
0.872821
0.884102
0.648345
0.718397
0.844308
0.68612
0.705702
0.859676
0.844165
0.685881
0.705488
0.843792
0.670717
0.68394
0.831044
0.843629
0.670477
0.683729
0.852327
0.662998
0.675927
0.845422
0.852261
0.662815
0.675746
1.57248
2.40181
1.33716
2.01362
1.57249
2.40146
1.33684
0.805896
0.852637
0.644158
0.869881
0.805582
0.852726
0.643776
0.883911
0.647915
0.71808
0.872451
0.883819
0.647539
0.717828
0.844029
0.685606
0.705253
0.859534
0.843979
0.685393
0.70507
0.843469
0.670236
0.683546
0.830717
0.843357
0.670028
0.683359
0.852191
0.662673
0.675589
0.845324
0.852158
0.662512
0.675436
0.938876
0.671152
0.723768
0.869089
0.938646
0.670974
0.723503
1.57353
2.40068
1.33744
2.01356
1.57361
2.40026
1.3371
0.80528
0.85281
0.643393
0.869594
0.805053
0.85287
0.643026
0.88373
0.647144
0.717554
0.872287
0.883734
0.64678
0.717331
0.843916
0.685161
0.70489
0.859562
0.843928
0.684975
0.704744
0.843224
0.669829
0.68321
0.830477
0.84311
0.669636
0.683024
0.85209
0.662394
0.67531
0.845191
0.852018
0.662215
0.675144
0.938384
0.670811
0.723256
0.868796
0.938134
0.670619
0.723023
1.57426
2.3993
1.33763
2.0132
1.57446
2.39882
1.33723
0.804812
0.852928
0.642621
0.869263
0.804582
0.852847
0.642208
0.883721
0.646328
0.716988
0.872213
0.883744
0.645885
0.716691
0.843904
0.684685
0.704486
0.859661
0.843906
0.684437
0.704251
0.842912
0.669361
0.682758
0.830158
0.842588
0.66906
0.682368
0.851828
0.661961
0.674874
0.844637
0.851425
0.661536
0.674451
0.937781
0.670334
0.722693
0.868104
0.937261
0.669911
0.722249
1.57404
2.39769
1.33754
2.01247
1.57478
2.39719
1.33676
0.804203
0.852928
0.641784
0.868889
0.804569
0.852924
0.641742
0.883694
0.645531
0.716577
0.872923
0.884717
0.645827
0.71712
0.843989
0.684379
0.704332
0.861385
0.846415
0.685212
0.705532
0.842014
0.668951
0.68215
0.832693
0.844306
0.670308
0.683274
0.661211
1.56867
2.01037
2.40332
1.336
2.40336
1.56859
1.33633
1.56944
2.01191
2.4032
1.33616
2.40331
1.56948
1.33645
1.57059
2.01295
2.40277
1.33643
2.40296
1.57068
1.3367
1.57186
2.01354
2.402
1.33673
2.40228
1.57194
1.337
1.57305
2.01374
2.40094
1.33701
2.40128
1.57309
1.33729
1.57406
2.0136
2.39961
1.33722
2.40001
1.57399
1.33754
1.57472
2.01318
2.39808
1.33716
2.39854
1.57442
1.33764
2.40233
1.33694
1.57602
1.57453
2.01267
2.3977
1.33699
7.8961
15.1008
29.38
7.88738
15.0971
29.4065
7.74593
14.9664
29.1207
7.8804
15.0956
29.4288
7.74011
14.9667
29.1414
7.87484
15.0957
29.448
7.73549
14.9683
29.1599
7.87214
15.0991
29.4655
9.01287
19.7247
34.0634
8.87944
16.9056
31.7563
8.67269
16.5189
31.3204
8.29734
15.8617
30.4027
9.01223
19.7239
34.0641
8.87547
16.9029
31.7673
9.01034
19.7217
34.066
8.86485
16.8969
31.7974
8.66854
16.5158
31.3332
8.29272
15.8587
30.4155
8.65733
16.5091
31.3684
8.28018
15.8521
30.4502
8.21896
15.6833
30.174
8.0326
15.4497
29.8847
8.20713
15.6762
30.2088
8.02288
15.4449
29.9178
7.98169
15.394
29.7941
9.00978
19.7211
34.0666
8.8617
16.8955
31.8066
9.00812
19.7194
34.0682
8.85328
16.8929
31.8323
8.65397
16.5077
31.3794
8.27634
15.8505
30.4606
8.64496
16.505
31.4097
8.26604
15.8474
30.489
8.20349
15.6745
30.2193
8.01981
15.4437
29.9282
8.19367
15.6711
30.2475
8.01167
15.4416
29.9556
7.97888
15.3927
29.8047
7.97133
15.3903
29.8327
9.00763
19.7189
34.0687
8.85081
16.8926
31.8403
9.00618
19.7175
34.07
8.84424
16.8928
31.8626
8.64226
16.5047
31.4192
8.2629
15.8468
30.4975
8.63506
16.5049
31.4455
8.25458
15.8463
30.5208
8.19067
15.6704
30.256
8.00911
15.4413
29.9643
8.18267
15.6695
30.2791
8.00246
15.4413
29.9871
7.96893
15.3898
29.8416
7.96262
15.3895
29.8648
9.00575
19.7171
34.0704
8.84232
16.8931
31.8694
9.00449
19.7159
34.0715
8.83727
16.8951
31.8887
8.6329
16.5054
31.4537
8.25208
15.8465
30.5278
8.62705
16.5076
31.4767
8.24552
15.8478
30.547
8.18025
15.6696
30.286
8.00038
15.4415
29.9944
8.17386
15.6706
30.3049
7.99509
15.4431
30.0134
7.96064
15.3896
29.8723
7.95555
15.3911
29.8916
9.00412
19.7156
34.0718
8.8358
16.896
31.8946
9.003
19.7145
34.0728
8.83194
16.8991
31.9115
8.62526
16.5086
31.4839
8.24354
15.8485
30.5528
8.62036
16.5118
31.5039
8.23841
15.851
30.5689
8.17193
15.6711
30.3106
7.99342
15.4437
30.0196
8.16686
15.6733
30.3262
7.98919
15.4462
30.0356
7.95395
15.3916
29.8978
7.94987
15.3942
29.9141
9.00272
19.7143
34.0731
8.83085
16.9004
31.9167
9.00203
19.7137
34.0736
8.82815
16.9045
31.9307
8.61889
16.513
31.51
8.23692
15.8521
30.5738
8.61518
16.5171
31.5262
8.23343
15.8561
30.5865
8.16537
15.6743
30.3309
7.98792
15.4472
30.0408
8.16184
15.6778
30.3431
7.98508
15.4515
30.0531
7.94866
15.3951
29.9192
7.94613
15.3998
29.9323
9.00184
19.7135
34.0737
8.82747
16.9066
31.9348
9.03046
19.7431
34.126
8.89926
17.0007
32.0764
8.61417
16.5191
31.5309
8.23248
15.8576
30.5902
8.68775
16.6201
31.6803
8.3095
15.9645
30.7454
8.16094
15.6794
30.3469
7.98504
15.4537
30.058
8.25104
15.8027
30.5292
8.19836
15.7252
30.5187
7.94619
15.402
29.938
8.17732
15.6933
30.437
7.84167
15.0827
29.4004
7.89362
15.0993
29.3879
7.83923
15.0817
29.4076
7.83277
15.08
29.4252
7.88537
15.0962
29.413
7.83074
15.0794
29.4309
7.69921
14.8796
28.9478
7.74435
14.9664
29.1262
7.69773
14.8797
28.9538
7.82573
15.0793
29.4459
7.87874
15.0951
29.4342
7.82409
15.079
29.4507
7.69342
14.8798
28.9704
7.73883
14.967
29.1462
7.69232
14.8802
28.9754
7.82023
15.08
29.4639
7.87359
15.0958
29.4524
7.81902
15.0803
29.468
7.68906
14.8813
28.9896
7.73456
14.969
29.1642
7.68834
14.8821
28.9938
7.81736
15.0837
29.4805
7.87992
15.1097
29.485
7.82407
15.0934
29.498
9.01427
19.7265
34.0618
8.88809
16.9123
31.7329
9.01358
19.7256
34.0626
9.64043
18.7971
33.1721
8.88365
16.9087
31.7449
9.23901
17.5868
32.3905
8.67703
16.5224
31.3072
8.49732
16.2458
30.9845
8.30208
15.865
30.3893
8.38793
16.0527
30.7074
9.63879
18.796
33.1758
9.01156
19.7231
34.0648
9.2362
17.5849
32.3982
8.87172
16.9005
31.7777
9.01096
19.7224
34.0654
9.63422
18.7936
33.1858
8.86819
16.8985
31.7878
9.22862
17.5806
32.4195
8.49268
16.2425
30.9973
8.66461
16.5132
31.3454
8.38337
16.0496
30.7208
8.28836
15.8561
30.4277
8.66086
16.511
31.3572
8.48001
16.2348
31.0318
8.28414
15.8539
30.4392
8.37089
16.0423
30.7571
8.13481
15.5658
30.0618
8.21486
15.6806
30.1863
8.07644
15.5049
29.99
8.02927
15.4479
29.896
8.21087
15.6782
30.1979
8.12307
15.5583
30.0946
8.02593
15.4462
29.9075
8.06552
15.4985
30.0232
7.98446
15.3954
29.7836
7.91258
15.3275
29.6715
9.63288
18.793
33.1889
9.00919
19.7205
34.0672
9.22641
17.5796
32.4261
8.85872
16.8944
31.8155
9.00867
19.7199
34.0677
9.62914
18.7918
33.1975
8.85592
16.8935
31.824
9.22046
17.5779
32.4445
8.47612
16.2329
31.0424
8.6508
16.5065
31.3898
8.36704
16.0405
30.7681
8.27274
15.8492
30.4706
8.64778
16.5056
31.4
8.46563
16.2288
31.0708
8.26927
15.8482
30.48
8.35664
16.0369
30.7981
8.11944
15.5564
30.1046
8.20007
15.6731
30.2292
8.06213
15.4969
30.0334
8.01701
15.4428
29.9376
8.19676
15.6719
30.2386
8.10973
15.5524
30.1312
8.0142
15.4421
29.9471
8.05304
15.4937
30.0605
7.91012
15.3256
29.6806
7.97631
15.3917
29.8143
7.9737
15.3908
29.824
7.90364
15.3213
29.7042
7.94664
15.0421
29.5765
9.62806
18.7915
33.2002
9.00711
19.7184
34.0692
9.21874
17.5777
32.4502
8.84848
16.8925
31.848
9.00666
19.7179
34.0696
9.62502
18.7911
33.2077
8.84629
16.8925
31.8554
9.21409
17.5777
32.4663
8.46244
16.2279
31.0796
8.63973
16.5045
31.4282
8.35345
16.0362
30.8071
8.25999
15.8465
30.5057
8.63732
16.5046
31.4371
8.45391
16.2264
31.1033
8.25718
15.8463
30.5134
8.34493
16.0353
30.8314
8.10675
15.5514
30.1394
8.18788
15.6699
30.2641
8.05023
15.493
30.0689
8.00682
15.4411
29.9721
8.18517
15.6696
30.2718
8.09887
15.5499
30.161
8.00451
15.4411
29.9801
8.04278
15.492
30.0912
7.90164
15.3202
29.7114
7.96677
15.3895
29.8495
7.96457
15.3894
29.8577
7.89648
15.3184
29.7304
7.93933
15.0415
29.6044
9.62415
18.7911
33.21
9.0053
19.7167
34.0708
9.21276
17.578
32.4713
8.84053
16.8937
31.8761
9.00491
19.7163
34.0712
9.62169
18.7912
33.2165
8.83885
16.8943
31.8825
9.20916
17.5792
32.4854
8.45133
16.2263
31.1107
8.63085
16.506
31.4616
8.34235
16.0353
30.8387
8.24977
15.8468
30.5345
8.62891
16.5068
31.4693
8.44451
16.2267
31.1306
8.24755
15.8472
30.5409
8.33552
16.0363
30.8586
8.09648
15.5497
30.1678
8.17801
15.6698
30.2926
8.04049
15.492
30.0981
7.99856
15.442
30.0008
8.17585
15.6701
30.2989
8.09024
15.55
30.1855
7.9967
15.4424
30.0075
8.03453
15.4928
30.1163
7.89491
15.3182
29.7363
7.95889
15.39
29.8788
7.95711
15.3904
29.8856
7.89099
15.3185
29.752
9.62099
18.7914
33.2185
9.00371
19.7152
34.0722
9.20813
17.5798
32.4898
8.83442
16.8969
31.9005
9.00337
19.7149
34.0725
9.61898
18.7919
33.2243
8.83313
16.898
31.9061
9.20534
17.5818
32.5023
8.44245
16.2271
31.1369
8.62355
16.5096
31.4908
8.33344
16.0369
30.8646
8.24172
15.8492
30.5584
8.6219
16.5107
31.4976
8.43702
16.2288
31.1539
8.23997
15.8501
30.5638
8.32802
16.0391
30.8812
8.08834
15.5503
30.1911
8.17014
15.6717
30.316
8.03269
15.4932
30.1221
7.99196
15.4445
30.025
8.1684
15.6725
30.3213
8.08341
15.5517
30.206
7.99046
15.4452
30.0307
8.02794
15.495
30.1372
7.88979
15.3189
29.757
7.95254
15.3924
29.9033
7.9511
15.3931
29.9091
7.8868
15.3206
29.7704
7.66697
14.4567
28.6596
9.61846
18.7921
33.226
9.00243
19.714
34.0733
9.20458
17.5827
32.5061
8.82985
16.9016
31.9217
9.00225
19.7139
34.0735
9.61716
18.7932
33.2305
8.82896
16.9032
31.9263
9.20276
17.5856
32.5164
8.43541
16.2296
31.1592
8.61754
16.5142
31.5158
8.32642
16.0401
30.8861
8.23564
15.8533
30.5783
8.6163
16.5158
31.5212
8.43151
16.2328
31.1726
8.23444
15.8547
30.5825
8.32261
16.0438
30.8991
8.08196
15.5525
30.2106
8.16408
15.6753
30.3353
8.02652
15.4958
30.1419
7.98685
15.4485
30.0451
8.16287
15.6766
30.3393
8.0786
15.5554
30.222
7.98583
15.4496
30.0495
8.0233
15.4991
30.1533
7.88596
15.3213
29.7746
7.94765
15.3965
29.9235
7.92823
15.0473
29.6531
7.94672
15.3976
29.928
7.88432
15.3252
29.7848
9.61691
18.7936
33.2319
9.00186
19.7138
34.0748
9.20238
17.587
32.5194
8.82811
16.9091
31.941
9.66116
18.8492
33.3133
9.00633
19.716
34.0834
9.26453
17.6679
32.639
8.83892
16.9242
31.9648
8.43037
16.2344
31.1768
8.61449
16.5218
31.5378
8.32158
16.0454
30.9028
8.23298
15.8603
30.5964
8.50392
16.3357
31.3248
8.62554
16.5374
31.563
8.39544
16.1483
31.0511
8.2446
15.8765
30.6223
8.07795
15.557
30.2258
8.16181
15.6823
30.3538
8.02293
15.501
30.1572
7.9914
15.4635
30.0741
8.19902
15.7268
30.473
8.17585
15.7014
30.3844
8.19295
15.732
30.5154
8.02989
15.5173
30.1501
7.88469
15.3273
29.7891
7.95343
15.4129
29.9557
7.92687
15.0541
29.6707
8.13314
15.6382
30.3234
7.99531
15.4715
30.0386
8.18906
15.3941
30.2541
7.6707
14.4534
28.6422
7.95537
15.0451
29.5432
7.94341
15.0791
29.2408
7.95308
15.0441
29.5521
7.93641
15.0745
29.2665
7.89845
15.1019
29.3736
7.93446
15.0736
29.2733
7.94466
15.0418
29.584
7.92858
15.0711
29.295
7.77446
15.0208
29.2553
7.88926
15.0975
29.401
7.76842
15.019
29.2733
7.92701
15.0708
29.3006
7.93775
15.0417
29.6107
7.92224
15.0699
29.319
7.9336
15.0431
29.6281
7.76667
15.0187
29.2787
7.88188
15.0955
29.424
7.76193
15.0184
29.2941
7.74145
14.9666
29.1365
7.67272
14.452
28.6329
7.921
15.0701
29.3237
7.93236
15.0438
29.6335
7.91711
15.0703
29.3399
7.9291
15.0463
29.6485
7.76054
15.0185
29.2988
7.87593
15.0952
29.4438
7.75674
15.0192
29.3123
7.7365
14.9678
29.1555
7.66527
14.4585
28.6677
7.9162
15.0709
29.3438
7.9137
15.0729
29.3568
7.92634
15.0516
29.6651
7.75569
15.0197
29.3165
7.87176
15.097
29.4602
7.75292
15.0216
29.3281
7.66375
14.4605
28.6759
7.73288
14.9705
29.1727
7.91422
15.0749
29.3613
8.18627
15.4213
29.9556
7.66233
14.4626
28.6834
9.64401
18.7996
33.1644
9.24518
17.5917
32.3741
9.64221
18.7983
33.1684
9.24204
17.5891
32.3825
8.5021
16.2494
30.9712
8.39262
16.0563
30.6935
9.63717
18.7951
33.1793
9.2335
17.5832
32.4056
9.63569
18.7943
33.1826
9.23102
17.5818
32.4126
8.48828
16.2396
31.0093
8.37905
16.0468
30.7334
8.48402
16.237
31.0209
8.37485
16.0444
30.7456
8.13074
15.5629
30.0732
8.07267
15.5024
30.0015
8.12677
15.5604
30.0844
8.06897
15.5003
30.0128
7.91503
15.3295
29.6622
7.95775
15.0463
29.5339
9.63155
18.7925
33.1919
9.22429
17.5789
32.4324
9.63035
18.7921
33.1947
9.22234
17.5783
32.4386
8.47247
16.2313
31.0522
8.36342
16.039
30.7786
8.46894
16.2299
31.0618
8.35991
16.0378
30.7886
8.11606
15.5548
30.1139
8.05898
15.4956
30.0428
8.11277
15.5534
30.1229
8.05589
15.4945
30.0521
7.90788
15.3239
29.6888
7.95085
15.0433
29.5606
7.94088
15.0772
29.2503
7.90565
15.3225
29.6969
7.9487
15.0426
29.5687
7.93875
15.076
29.2578
7.90118
15.1037
29.3649
7.84419
15.0837
29.3941
7.84689
15.0852
29.3861
9.62697
18.7913
33.2028
9.21707
17.5775
32.4557
9.626
18.7912
33.2052
9.21556
17.5776
32.4611
8.45945
16.2272
31.0878
8.35048
16.0357
30.8156
8.45658
16.2267
31.0958
8.3476
16.0354
30.8237
8.104
15.5508
30.1469
8.04764
15.4925
30.0766
8.10132
15.5502
30.1543
8.04509
15.4922
30.0843
7.89984
15.3194
29.718
7.94278
15.0416
29.591
7.93231
15.0725
29.2814
7.89806
15.3188
29.7245
7.941
15.0415
29.5979
7.93055
15.0719
29.2875
7.80788
15.0615
29.3523
7.77232
15.0201
29.2617
7.80553
15.0606
29.3593
7.89151
15.0986
29.3939
7.83473
15.0803
29.4198
7.83698
15.081
29.4134
7.77033
15.0195
29.2675
7.80134
15.0596
29.371
7.80344
15.0602
29.3646
9.62326
18.7911
33.2122
9.21147
17.5783
32.4761
9.62249
18.7912
33.2144
9.2103
17.5787
32.4808
8.44894
16.2263
31.1176
8.33995
16.0355
30.8457
8.44664
16.2264
31.1243
8.33764
16.0358
30.8523
8.0943
15.5497
30.1739
8.03842
15.4922
30.1043
8.09217
15.5498
30.18
8.03637
15.4924
30.1107
7.89354
15.3182
29.7417
7.93628
15.0421
29.6167
7.92523
15.0703
29.3075
7.89217
15.3183
29.7471
7.93489
15.0425
29.6225
7.92385
15.0702
29.3126
7.79943
15.0595
29.3757
7.76498
15.0184
29.2841
7.79759
15.0592
29.3817
7.8837
15.0961
29.4181
7.82723
15.0791
29.4411
7.82904
15.0794
29.4359
7.76343
15.0184
29.2891
7.79427
15.0592
29.3916
7.79589
15.0593
29.386
7.74286
14.9664
29.1314
7.69486
14.8798
28.965
7.69612
14.8796
28.9596
7.6749
14.4505
28.6237
7.64843
14.7641
28.7015
7.64964
14.7634
28.6952
9.62025
18.7915
33.2205
9.20711
17.5803
32.4941
9.61963
18.7917
33.2224
9.20621
17.5811
32.4982
8.44054
16.2275
31.1428
8.33153
16.0375
30.8704
8.43869
16.2281
31.1486
8.32968
16.0382
30.8759
8.08661
15.5507
30.1963
8.03103
15.4937
30.1272
8.08491
15.5511
30.2014
8.02938
15.4943
30.1326
7.88874
15.3193
29.7615
7.9312
15.0445
29.6387
7.91953
15.0699
29.3298
7.8877
15.3198
29.7663
7.93012
15.0453
29.6437
7.91842
15.0702
29.3342
7.79276
15.0595
29.3956
7.75918
15.0186
29.3035
7.79131
15.0595
29.4009
7.87742
15.0954
29.4387
7.82132
15.0794
29.4598
7.82277
15.0794
29.4552
7.75794
15.0189
29.3079
7.78869
15.0601
29.4096
7.78996
15.0599
29.4047
7.64705
14.7646
28.7077
7.66876
14.455
28.6508
7.64603
14.7654
28.7135
7.73763
14.9673
29.1509
7.69011
14.8808
28.985
7.69105
14.8803
28.9803
7.64402
14.7671
28.7245
7.64485
14.766
28.7192
9.61794
18.7924
33.2277
9.20387
17.5835
32.5097
9.61756
18.7929
33.2291
9.2033
17.5847
32.5132
8.43399
16.2305
31.164
8.32503
16.0412
30.8908
8.43266
16.2317
31.1686
8.32373
16.0425
30.8951
8.08073
15.5534
30.2146
8.02534
15.4968
30.1459
8.07955
15.5544
30.2186
8.02419
15.4979
30.1499
7.88528
15.3225
29.7782
7.92742
15.0486
29.6574
7.91511
15.0713
29.349
7.88469
15.3235
29.7817
7.92679
15.0499
29.6615
7.91446
15.0721
29.3522
7.78758
15.0608
29.4132
7.75471
15.0202
29.3203
7.78654
15.0613
29.4175
7.87275
15.0966
29.4562
7.81718
15.0817
29.4754
7.81813
15.0812
29.4717
7.75384
15.0209
29.324
7.78475
15.0626
29.4244
7.78565
15.0621
29.4204
7.6431
14.7681
28.7298
7.64255
14.7694
28.7347
7.73371
14.9697
29.1683
7.68696
14.8837
29.0028
7.68743
14.8826
28.9982
7.661
14.465
28.6914
7.64177
14.7704
28.7397
9.61735
18.7947
33.2346
9.20304
17.5889
32.5242
9.62418
18.8022
33.2474
9.21253
17.6013
32.544
8.43056
16.2365
31.1825
8.32185
16.0479
30.9087
8.4416
16.2519
31.207
8.33296
16.0635
30.9331
8.07975
15.5612
30.2322
8.02694
15.5085
30.1669
8.10042
15.5878
30.2754
8.05733
15.5465
30.2311
7.89298
15.3387
29.8079
7.93559
15.0667
29.6922
7.92264
15.0862
29.3824
7.93876
15.4022
29.8973
7.9845
15.1373
29.7914
7.97245
15.1565
29.4822
)
;

boundaryField
{
    front
    {
        type            cyclic;
    }
    Back
    {
        type            cyclic;
    }
    inlet
    {
        type            fixedValue;
        value           uniform 1.78;
    }
    outlet
    {
        type            inletOutlet;
        inletValue      uniform 1.78;
        value           nonuniform List<scalar> 
240
(
0.201933
0.177644
0.158697
0.14324
0.130209
0.118998
0.10929
0.100967
0.0940514
0.0886603
0.0849498
0.0830586
0.201956
0.177658
0.158707
0.143246
0.130213
0.119001
0.109291
0.100967
0.0940518
0.0886605
0.0849499
0.0830586
0.201982
0.177675
0.158718
0.143254
0.130218
0.119004
0.109293
0.100968
0.0940524
0.0886607
0.0849499
0.0830586
0.202006
0.177691
0.158729
0.143261
0.130223
0.119007
0.109295
0.10097
0.094053
0.0886609
0.08495
0.0830586
0.202024
0.177704
0.158737
0.143266
0.130226
0.119009
0.109297
0.100971
0.0940535
0.0886611
0.0849501
0.0830586
0.202036
0.177712
0.158743
0.143271
0.130229
0.119011
0.109298
0.100971
0.0940538
0.0886613
0.0849501
0.0830586
0.202044
0.177718
0.158747
0.143273
0.130231
0.119012
0.109299
0.100972
0.0940541
0.0886614
0.0849501
0.0830586
0.202049
0.177722
0.15875
0.143275
0.130232
0.119013
0.109299
0.100972
0.0940542
0.0886615
0.0849501
0.0830586
0.202051
0.177723
0.158751
0.143276
0.130233
0.119014
0.1093
0.100972
0.0940543
0.0886615
0.0849501
0.0830586
0.202052
0.177724
0.158752
0.143276
0.130233
0.119014
0.109299
0.100972
0.0940543
0.0886615
0.0849501
0.0830586
0.202051
0.177723
0.158751
0.143276
0.130233
0.119013
0.109299
0.100972
0.0940543
0.0886614
0.0849501
0.0830585
0.202049
0.177722
0.15875
0.143275
0.130232
0.119013
0.109299
0.100972
0.0940541
0.0886614
0.08495
0.0830585
0.202044
0.177718
0.158747
0.143273
0.130231
0.119012
0.109298
0.100971
0.0940539
0.0886612
0.08495
0.0830585
0.202037
0.177712
0.158743
0.14327
0.130229
0.119011
0.109298
0.100971
0.0940536
0.0886611
0.0849499
0.0830584
0.202025
0.177704
0.158737
0.143266
0.130226
0.119009
0.109296
0.10097
0.0940532
0.0886609
0.0849499
0.0830584
0.202007
0.177691
0.158729
0.143261
0.130222
0.119006
0.109295
0.100969
0.0940527
0.0886607
0.0849498
0.0830584
0.201983
0.177676
0.158718
0.143254
0.130218
0.119003
0.109293
0.100968
0.0940521
0.0886604
0.0849497
0.0830584
0.201956
0.177658
0.158707
0.143246
0.130213
0.119
0.109291
0.100967
0.0940516
0.0886602
0.0849497
0.0830584
0.201934
0.177644
0.158697
0.14324
0.130209
0.118998
0.10929
0.100966
0.0940511
0.08866
0.0849496
0.0830584
0.201924
0.177638
0.158694
0.143237
0.130207
0.118997
0.109289
0.100966
0.0940509
0.0886599
0.0849496
0.0830584
)
;
    }
    upperPatch
    {
        type            slip;
    }
    ground
    {
        beta1           0.075;
        blended         0;
        type            omegaWallFunction;
        value           nonuniform List<scalar> 
572
(
29.38
29.4065
29.1207
29.4288
29.1414
29.448
29.1599
29.4655
34.0634
31.7563
31.3204
30.4027
34.0641
31.7673
34.066
31.7974
31.3332
30.4155
31.3684
30.4502
30.174
29.8847
30.2088
29.9178
29.7941
34.0666
31.8066
34.0682
31.8323
31.3794
30.4606
31.4097
30.489
30.2193
29.9282
30.2475
29.9556
29.8047
29.8327
34.0687
31.8403
34.07
31.8626
31.4192
30.4975
31.4455
30.5208
30.256
29.9643
30.2791
29.9871
29.8416
29.8648
34.0704
31.8694
34.0715
31.8887
31.4537
30.5278
31.4767
30.547
30.286
29.9944
30.3049
30.0134
29.8723
29.8916
34.0718
31.8946
34.0728
31.9115
31.4839
30.5528
31.5039
30.5689
30.3106
30.0196
30.3262
30.0356
29.8978
29.9141
34.0731
31.9167
34.0736
31.9307
31.51
30.5738
31.5262
30.5865
30.3309
30.0408
30.3431
30.0531
29.9192
29.9323
34.0737
31.9348
34.126
32.0764
31.5309
30.5902
31.6803
30.7454
30.3469
30.058
30.5292
30.5187
29.938
30.437
29.4004
29.3879
29.4076
29.4252
29.413
29.4309
28.9478
29.1262
28.9538
29.4459
29.4342
29.4507
28.9704
29.1462
28.9754
29.4639
29.4524
29.468
28.9896
29.1642
28.9938
29.4805
29.485
29.498
34.0618
31.7329
34.0626
33.1721
31.7449
32.3905
31.3072
30.9845
30.3893
30.7074
33.1758
34.0648
32.3982
31.7777
34.0654
33.1858
31.7878
32.4195
30.9973
31.3454
30.7208
30.4277
31.3572
31.0318
30.4392
30.7571
30.0618
30.1863
29.99
29.896
30.1979
30.0946
29.9075
30.0232
29.7836
29.6715
33.1889
34.0672
32.4261
31.8155
34.0677
33.1975
31.824
32.4445
31.0424
31.3898
30.7681
30.4706
31.4
31.0708
30.48
30.7981
30.1046
30.2292
30.0334
29.9376
30.2386
30.1312
29.9471
30.0605
29.6806
29.8143
29.824
29.7042
29.5765
33.2002
34.0692
32.4502
31.848
34.0696
33.2077
31.8554
32.4663
31.0796
31.4282
30.8071
30.5057
31.4371
31.1033
30.5134
30.8314
30.1394
30.2641
30.0689
29.9721
30.2718
30.161
29.9801
30.0912
29.7114
29.8495
29.8577
29.7304
29.6044
33.21
34.0708
32.4713
31.8761
34.0712
33.2165
31.8825
32.4854
31.1107
31.4616
30.8387
30.5345
31.4693
31.1306
30.5409
30.8586
30.1678
30.2926
30.0981
30.0008
30.2989
30.1855
30.0075
30.1163
29.7363
29.8788
29.8856
29.752
33.2185
34.0722
32.4898
31.9005
34.0725
33.2243
31.9061
32.5023
31.1369
31.4908
30.8646
30.5584
31.4976
31.1539
30.5638
30.8812
30.1911
30.316
30.1221
30.025
30.3213
30.206
30.0307
30.1372
29.757
29.9033
29.9091
29.7704
28.6596
33.226
34.0733
32.5061
31.9217
34.0735
33.2305
31.9263
32.5164
31.1592
31.5158
30.8861
30.5783
31.5212
31.1726
30.5825
30.8991
30.2106
30.3353
30.1419
30.0451
30.3393
30.222
30.0495
30.1533
29.7746
29.9235
29.6531
29.928
29.7848
33.2319
34.0748
32.5194
31.941
33.3133
34.0834
32.639
31.9648
31.1768
31.5378
30.9028
30.5964
31.3248
31.563
31.0511
30.6223
30.2258
30.3538
30.1572
30.0741
30.473
30.3844
30.5154
30.1501
29.7891
29.9557
29.6707
30.3234
30.0386
30.2541
28.6422
29.5432
29.2408
29.5521
29.2665
29.3736
29.2733
29.584
29.295
29.2553
29.401
29.2733
29.3006
29.6107
29.319
29.6281
29.2787
29.424
29.2941
29.1365
28.6329
29.3237
29.6335
29.3399
29.6485
29.2988
29.4438
29.3123
29.1555
28.6677
29.3438
29.3568
29.6651
29.3165
29.4602
29.3281
28.6759
29.1727
29.3613
29.9556
28.6834
33.1644
32.3741
33.1684
32.3825
30.9712
30.6935
33.1793
32.4056
33.1826
32.4126
31.0093
30.7334
31.0209
30.7456
30.0732
30.0015
30.0844
30.0128
29.6622
29.5339
33.1919
32.4324
33.1947
32.4386
31.0522
30.7786
31.0618
30.7886
30.1139
30.0428
30.1229
30.0521
29.6888
29.5606
29.2503
29.6969
29.5687
29.2578
29.3649
29.3941
29.3861
33.2028
32.4557
33.2052
32.4611
31.0878
30.8156
31.0958
30.8237
30.1469
30.0766
30.1543
30.0843
29.718
29.591
29.2814
29.7245
29.5979
29.2875
29.3523
29.2617
29.3593
29.3939
29.4198
29.4134
29.2675
29.371
29.3646
33.2122
32.4761
33.2144
32.4808
31.1176
30.8457
31.1243
30.8523
30.1739
30.1043
30.18
30.1107
29.7417
29.6167
29.3075
29.7471
29.6225
29.3126
29.3757
29.2841
29.3817
29.4181
29.4411
29.4359
29.2891
29.3916
29.386
29.1314
28.965
28.9596
28.6237
28.7015
28.6952
33.2205
32.4941
33.2224
32.4982
31.1428
30.8704
31.1486
30.8759
30.1963
30.1272
30.2014
30.1326
29.7615
29.6387
29.3298
29.7663
29.6437
29.3342
29.3956
29.3035
29.4009
29.4387
29.4598
29.4552
29.3079
29.4096
29.4047
28.7077
28.6508
28.7135
29.1509
28.985
28.9803
28.7245
28.7192
33.2277
32.5097
33.2291
32.5132
31.164
30.8908
31.1686
30.8951
30.2146
30.1459
30.2186
30.1499
29.7782
29.6574
29.349
29.7817
29.6615
29.3522
29.4132
29.3203
29.4175
29.4562
29.4754
29.4717
29.324
29.4244
29.4204
28.7298
28.7347
29.1683
29.0028
28.9982
28.6914
28.7397
33.2346
32.5242
33.2474
32.544
31.1825
30.9087
31.207
30.9331
30.2322
30.1669
30.2754
30.2311
29.8079
29.6922
29.3824
29.8973
29.7914
29.4822
)
;
    }
    procBoundary0to1
    {
        type            processor;
        value           nonuniform List<scalar> 
310
(
0.653298
0.369972
0.339816
0.353987
0.36157
0.366199
0.392564
0.488722
0.465489
0.465489
0.539037
0.653302
0.369656
0.339453
0.353683
0.361322
0.36548
0.391307
0.487578
0.464882
0.464882
0.537771
0.653295
0.369544
0.33944
0.353729
0.361377
0.365532
0.391537
0.487757
0.464914
0.464914
0.537564
0.65329
0.369429
0.339409
0.353749
0.361399
0.365545
0.39167
0.487797
0.464856
0.464856
0.537254
0.653289
0.369304
0.339344
0.35373
0.361384
0.365539
0.391736
0.487771
0.464743
0.464743
0.536854
0.653289
0.369172
0.339257
0.353686
0.521171
0.62565
0.52959
0.472185
0.472185
3.67668
0.850691
0.845112
0.867484
0.654991
0.53762
0.553982
0.521171
0.544773
0.521171
0.521171
0.52959
0.648285
0.427723
0.427925
0.436219
0.43075
0.474515
0.433067
0.474515
0.653165
0.371485
0.343405
0.357585
0.364646
0.368835
0.484713
0.395957
0.484713
0.462072
0.462072
2.02573
2.52824
2.32795
2.39296
0.871338
0.886401
0.876109
0.855205
0.653165
0.371485
0.343405
0.357585
0.364646
0.368835
0.395957
0.496119
0.473296
0.473296
0.549072
3.75084
4.46646
4.35166
4.10693
4.0642
4.1264
4.16824
2.5982
1.03147
1.17474
2.37433
1.25717
1.21396
2.34933
1.1795
1.16164
3.62191
1.18075
1.24515
3.67003
1.24693
1.41548
4.9332
1.41548
1.27755
1.41548
1.41548
1.41548
3.66936
1.24157
1.24693
1.24157
2.48177
1.77393
1.79985
2.3118
1.64207
1.64308
2.52
1.65269
1.74654
4.6216
4.65681
4.23759
4.17066
4.0462
4.08227
4.33168
5.70548
2.60269
1.85578
1.68937
2.41588
1.69952
1.70733
2.31714
1.64388
1.61476
3.04037
2.06378
1.89255
1.06756
0.777439
2.08312
2.09737
3.67011
3.59891
2.08685
3.67058
3.67649
2.04051
3.69691
2.11221
2.16627
3.67011
2.11443
2.08685
3.8337
2.24087
2.24087
3.8337
2.72006
2.06313
3.59891
2.04051
0.850691
0.674121
0.937525
0.669541
0.722316
0.815325
0.853157
0.646382
0.897072
0.653559
0.723066
0.865391
0.692999
0.713941
0.845112
0.86851
0.681005
0.662066
0.694359
0.674121
0.662066
2.42487
1.34148
1.5849
7.73265
14.9717
29.1779
9.14372
19.8239
34.3515
9.1461
17.3022
32.6181
8.9454
16.9363
32.246
8.57647
16.2914
31.3317
8.54499
16.1678
31.1858
8.74921
16.4991
31.7028
8.75129
16.5059
31.6891
9.82238
19.0194
33.639
9.4801
17.9217
33.1047
8.76426
16.6539
31.8926
8.65629
16.4677
31.62
8.56089
16.1752
31.2988
8.65568
16.3139
31.5967
8.73423
16.4867
31.6448
8.8191
16.2999
31.7155
7.78458
15.0642
29.4289
7.92666
15.1756
29.5789
7.78923
7.86527
15.0714
15.1511
29.4425
29.5812
7.68771
14.8862
29.0101
8.86123
16.3823
31.4733
7.75247
15.0226
29.3326
7.66061
14.4681
28.7
8.13167
15.4295
30.0342
7.78458
15.0642
29.4289
7.64165
14.7722
28.7458
7.64165
14.7722
28.7458
7.92666
15.1756
29.5789
)
;
    }
    procBoundary0to2
    {
        type            processor;
        value           nonuniform List<scalar> 
467
(
0.361346
0.365514
0.391762
0.487703
0.464603
0.464603
0.536401
0.653292
0.369039
0.339157
0.35363
0.361297
0.365464
0.391757
0.487592
0.464444
0.464444
0.535912
0.653296
0.368907
0.339049
0.353565
0.361243
0.365409
0.391724
0.48743
0.464263
0.464263
0.535403
0.653302
0.368778
0.33894
0.353497
0.361187
0.365366
0.391662
0.487218
0.464062
0.464062
0.534888
0.65331
0.368652
0.338829
0.353429
0.361129
0.365304
0.391577
0.486956
0.463849
0.463849
0.534386
0.651449
0.52607
0.648083
0.42095
0.653318
0.653318
0.36853
0.36853
0.338718
0.338718
0.353358
0.353358
0.36107
0.36107
0.365239
0.365239
0.391465
0.391465
0.486658
0.463629
0.463629
2.00941
0.871848
0.876388
0.876388
0.542869
0.651608
0.720697
0.542869
0.420019
0.420019
0.420019
0.429896
0.425085
0.426936
0.476854
2.30769
2.28406
0.861648
0.832783
0.535946
0.535946
0.429791
0.429791
0.429791
0.424968
0.42674
0.476073
3.62301
0.832312
0.845757
0.522259
0.522259
0.424849
0.424849
0.424849
0.426536
0.426536
0.475295
3.70558
0.845614
0.869502
0.529815
0.529815
0.529815
0.474529
0.474529
3.69905
0.86935
1.06876
0.628192
0.473774
0.473774
1.06844
0.626916
0.473003
0.473003
1.06796
1.0271
1.15014
3.71959
4.44929
4.00454
4.00454
3.90546
2.59124
1.33635
1.56855
1.22766
1.83291
1.6669
1.22766
1.18702
2.30769
1.14863
2.25799
1.14863
1.11661
3.91529
1.12964
1.12964
3.37896
1.19246
0.832312
1.19246
1.23926
1.23926
3.70146
1.24855
0.845614
1.24855
1.2809
3.69905
1.28072
1.28072
1.42162
1.42162
1.42162
1.42822
1.4283
1.96194
1.9632
1.42744
1.96021
1.42724
1.95886
1.4262
1.42643
1.95576
1.95711
1.42526
1.95394
1.42488
1.95251
1.78452
2.52396
2.52396
2.47572
1.75334
1.75334
2.27476
1.62329
1.61729
1.69412
1.59795
2.28324
2.28324
2.39985
1.59885
1.59885
2.10572
2.04836
3.62061
3.62061
3.70092
2.04529
2.04529
2.1254
3.70334
2.12474
2.25486
3.72028
3.8569
2.12325
2.1813
2.2553
3.85434
0.779541
1.06862
0.779078
3.3086
3.30469
0.778698
1.06826
0.778343
3.29351
3.28995
0.777947
4.58959
4.6295
4.33309
4.33309
4.21324
4.07406
4.14282
4.00837
3.94678
3.91849
1.6669
2.58805
1.83291
1.69173
2.36517
2.40879
1.68464
2.30833
1.62329
1.62265
2.25234
1.59688
1.57746
3.91244
3.91244
4.03704
5.17444
2.85512
2.85652
1.82158
2.85512
2.85652
1.82132
2.85512
1.97813
1.82132
2.10111
3.70384
3.70661
2.09815
3.70384
2.1281
2.09815
3.70117
2.12325
2.12391
2.25486
4.97227
3.85434
2.74312
3.3126
3.31669
3.29714
3.30087
3.28645
0.811858
0.851362
0.64855
1.56855
2.4033
1.33635
0.651608
0.887345
0.651608
0.720697
0.861648
0.687709
0.846155
0.687709
0.707177
0.671937
0.832312
0.671608
0.844617
0.671608
0.684673
0.663401
0.845614
0.663173
0.852457
0.663173
0.676125
0.671566
0.86935
0.671348
0.939168
0.671348
0.724099
7.90673
15.1075
29.3484
7.75334
14.9679
29.0966
7.74762
14.9666
29.115
9.01503
19.7275
34.0609
8.89275
16.9163
31.7203
8.2233
15.6864
30.1611
8.2233
15.6864
30.1611
8.0362
15.452
29.8722
7.99044
15.3992
29.7606
7.90375
7.90375
15.1053
15.1053
29.3578
29.3578
7.84971
15.0865
29.3792
7.75132
14.9673
29.103
7.70107
7.65264
14.8798
14.7625
28.9413
28.6814
7.65121
14.763
28.6884
9.64597
18.8012
33.1603
9.24857
17.5948
32.3653
8.68162
16.5265
31.2933
8.68162
16.5265
31.2933
8.30711
15.8689
30.375
8.22774
15.6899
30.1475
8.13913
15.569
30.0494
8.08045
15.5077
29.9775
7.98747
15.3973
29.7721
7.98747
15.3973
29.7721
7.61903
14.4797
28.3732
7.62441
14.4791
28.3502
7.61426
14.4811
28.3948
7.94573
7.94573
15.0808
15.0808
29.2326
29.2326
7.77669
15.0218
29.249
7.74762
14.9666
29.115
7.62736
14.4791
28.338
7.6166
14.4802
28.384
7.67717
14.4493
28.6139
7.62169
14.4793
28.3617
7.61216
14.482
28.4048
8.50713
16.2536
30.957
8.39754
16.0602
30.6786
7.91771
15.3318
29.6519
7.96017
15.0478
29.5242
7.94845
15.0831
29.2222
7.8102
15.0622
29.3466
7.8128
15.0634
29.339
7.8102
15.0622
29.3466
7.74942
14.9669
29.1092
7.65121
14.763
28.6884
7.63036
14.4792
28.3257
7.61015
14.4836
28.4152
)
;
    }
    procBoundary0to3
    {
        type            processor;
        value           nonuniform List<scalar> 
87
(
0.555698
0.523388
0.466165
0.554913
0.522331
0.465072
0.554176
0.521338
0.464026
0.390137
0.553506
0.520424
0.463032
0.389929
0.533912
0.552908
0.519597
0.462092
0.389689
0.486331
0.486331
0.463407
0.463407
0.533479
0.552393
0.518866
0.461213
0.389425
0.485989
0.485989
0.463188
0.463188
0.533091
0.551962
0.518232
0.460403
0.389144
0.48564
0.48564
0.462973
0.462973
0.532753
0.551607
0.517693
0.459664
0.388854
0.485293
0.485293
0.462766
0.462766
0.532464
0.551326
0.517241
0.45899
0.388552
0.484935
0.484935
0.462548
0.462548
0.532205
0.5511
0.516868
0.458387
0.388246
0.484554
0.484554
0.462307
0.462307
0.531967
0.550922
0.516508
0.457754
0.387886
0.483991
0.483991
0.461922
0.461922
0.531636
0.550715
0.516343
0.457265
0.387587
0.532258
0.552837
0.529821
0.464614
0.391234
)
;
    }
    procBoundary0to4
    {
        type            processor;
        value           nonuniform List<scalar> 
76
(
0.561661
0.535199
0.478705
0.392046
0.335818
0.299084
0.273182
0.255757
0.242654
0.234947
0.559234
0.52959
0.471727
0.389248
0.335743
0.299105
0.273239
0.255806
0.242696
0.234983
0.558701
0.528123
0.470709
0.389769
0.33582
0.299173
0.273303
0.255861
0.242743
0.235025
0.558063
0.526857
0.469585
0.390138
0.335918
0.299228
0.273352
0.255906
0.242783
0.23506
0.557311
0.525656
0.468439
0.390343
0.335998
0.299264
0.273385
0.255936
0.24281
0.235086
0.556507
0.5245
0.467293
0.39042
0.33606
0.299287
0.273405
0.255955
0.242827
0.235102
0.390397
0.336107
0.299302
0.273416
0.255966
0.242838
0.235112
0.390297
0.336143
0.299312
0.273422
0.570416
0.531354
0.471082
0.391108
0.335833
)
;
    }
    procBoundary0to5
    {
        type            processor;
        value           nonuniform List<scalar> 
74
(
0.255972
0.242845
0.235118
0.336164
0.299318
0.273425
0.255975
0.242848
0.235122
0.336172
0.299322
0.273425
0.255976
0.242849
0.235123
0.336168
0.299324
0.273424
0.255974
0.242848
0.235122
0.33615
0.299323
0.27342
0.255971
0.242845
0.235119
0.336118
0.299317
0.273414
0.255965
0.242839
0.235113
0.336073
0.299303
0.273402
0.255954
0.242829
0.235103
0.33601
0.29928
0.27338
0.255935
0.242812
0.235087
0.335925
0.299241
0.273348
0.255905
0.242785
0.235061
0.335804
0.299179
0.273299
0.255861
0.242745
0.235026
0.33571
0.29911
0.273236
0.255807
0.242698
0.234985
0.33582
0.299092
0.273182
0.255758
0.242656
0.234948
0.299065
0.273157
0.255735
0.242636
0.234932
)
;
    }
}


// ************************************************************************* //
