/*--------------------------------*- C++ -*----------------------------------*\
  =========                 |
  \\      /  F ield         | OpenFOAM: The Open Source CFD Toolbox
   \\    /   O peration     | Website:  https://openfoam.org
    \\  /    A nd           | Version:  10
     \\/     M anipulation  |
\*---------------------------------------------------------------------------*/
FoamFile
{
    format      ascii;
    class       faceSet;
    location    "constant/polyMesh/sets";
    object      layerFaces;
}
// * * * * * * * * * * * * * * * * * * * * * * * * * * * * * * * * * * * * * //


2489
(
20482 
24579 
24582 
16391 
20489 
24587 
20492 
16396 
24589 
24592 
24593 
20497 
24594 
20499 
24596 
16405 
20502 
24599 
24601 
20506 
16410 
24604 
24605 
24606 
24607 
24608 
20513 
24610 
16419 
24613 
20517 
24615 
16424 
24618 
24619 
24620 
20524 
24621 
24622 
20527 
24624 
16433 
24627 
24628 
20532 
24629 
24631 
20535 
16439 
24634 
24636 
20540 
24639 
20543 
24642 
16450 
20548 
16454 
24647 
24648 
20552 
24649 
24651 
16461 
24654 
20559 
24656 
16466 
24659 
20563 
24661 
24664 
24665 
24666 
20570 
24667 
16475 
24668 
20573 
24670 
16480 
24673 
24674 
20578 
24675 
24677 
20582 
24680 
16489 
24683 
16495 
24688 
20593 
24691 
20599 
24696 
24697 
24698 
16506 
20603 
24700 
16510 
24703 
24705 
20610 
24708 
20613 
16517 
24710 
24713 
20618 
16522 
24715 
20620 
24718 
20623 
24720 
20626 
24723 
16531 
24724 
24725 
24726 
24727 
20631 
24729 
20633 
16537 
24732 
20636 
24733 
24734 
20639 
24736 
24739 
20644 
16548 
24742 
20646 
20649 
16553 
24747 
20652 
24750 
20657 
16562 
24755 
20659 
24756 
24757 
20662 
16567 
24760 
20664 
20667 
24765 
20670 
24768 
20675 
24773 
20677 
24774 
16582 
24775 
20680 
24777 
24780 
20684 
24782 
24785 
16593 
24787 
20691 
20693 
16597 
24790 
24792 
20696 
20698 
24795 
16604 
20701 
24798 
16606 
20703 
16609 
20706 
24803 
24805 
20709 
16613 
24808 
20714 
24811 
20716 
16620 
20719 
24816 
16625 
24819 
20723 
24824 
24826 
20730 
16634 
20732 
24829 
16637 
24831 
20735 
20737 
24834 
16642 
24836 
20740 
20742 
16646 
24839 
24841 
20745 
24844 
20748 
24845 
16653 
24846 
24847 
16655 
24848 
20753 
24850 
16658 
20755 
24853 
24854 
20758 
24855 
16663 
24857 
20762 
24860 
24862 
16672 
24865 
20769 
20771 
16675 
24868 
20774 
20776 
16680 
24873 
20779 
24876 
16684 
20781 
20784 
24881 
24882 
24883 
20787 
16691 
24886 
16695 
20792 
20794 
24891 
24893 
20797 
16702 
24896 
16704 
20801 
24898 
16707 
24901 
24903 
16711 
20808 
24906 
20810 
24908 
20813 
16718 
24911 
20815 
24914 
20818 
16723 
20820 
24919 
20823 
24922 
20826 
16732 
24927 
20831 
16735 
24929 
20833 
24932 
20836 
16740 
24934 
20840 
16744 
24937 
24939 
24942 
20847 
16751 
24944 
20849 
16753 
24947 
20852 
16756 
24949 
20854 
24952 
20857 
16761 
24954 
20859 
24957 
20862 
24959 
20865 
24962 
16770 
24964 
16773 
20870 
24967 
20872 
24970 
16778 
20875 
16782 
24975 
20879 
24977 
24980 
16789 
24982 
20886 
20888 
24985 
16793 
24987 
20891 
20893 
24990 
24992 
20896 
16800 
20898 
16802 
24995 
24996 
24997 
20901 
16805 
24998 
24999 
20904 
25001 
16809 
25004 
25005 
20909 
25006 
20911 
25008 
16816 
20914 
25011 
25013 
16821 
20918 
25016 
25018 
25021 
20925 
25022 
16830 
25023 
20927 
25024 
25025 
16833 
20930 
25028 
20933 
16838 
25033 
20937 
16842 
25036 
20944 
25041 
16849 
25043 
16851 
20948 
25046 
16854 
25048 
25051 
20955 
16859 
25053 
20958 
25056 
25058 
20963 
16868 
25061 
20966 
25063 
16871 
25066 
20971 
25068 
16876 
25071 
20975 
16880 
25073 
25076 
20982 
25079 
16887 
20985 
16891 
25084 
25086 
20990 
25089 
20993 
16898 
25091 
16900 
25094 
20998 
16903 
25096 
21000 
25099 
21003 
16907 
25101 
21007 
25104 
25105 
25106 
16914 
25107 
25108 
25110 
21014 
16919 
25113 
21017 
25114 
25115 
25117 
21022 
25120 
16928 
21025 
25123 
16931 
21030 
25128 
16936 
21033 
25131 
16940 
21038 
25136 
21041 
25138 
16947 
25141 
16949 
21046 
25143 
16952 
25146 
21050 
25148 
16957 
25151 
25153 
21057 
25156 
21061 
25158 
16966 
25161 
16969 
25164 
21068 
16974 
21071 
25169 
16978 
25171 
21076 
25174 
21079 
25176 
16985 
25179 
21084 
16989 
25182 
21086 
21089 
25187 
16996 
25189 
21093 
16998 
25192 
17001 
25194 
21100 
25197 
17005 
25199 
21103 
25202 
25204 
21108 
17012 
25207 
21111 
25208 
25209 
17017 
25210 
25211 
21116 
25213 
21118 
25216 
25217 
21121 
25218 
17026 
25220 
21125 
17029 
25223 
25226 
17034 
21132 
17038 
25231 
21136 
25234 
17045 
25239 
21143 
17047 
25241 
17050 
21147 
25244 
25246 
17055 
25249 
21154 
25251 
21156 
25254 
21159 
25256 
17064 
21162 
25259 
17067 
25262 
21167 
17072 
25267 
21171 
17076 
25269 
25272 
21178 
25275 
17083 
21181 
17087 
25280 
25282 
21186 
25285 
21189 
17094 
25288 
17096 
21194 
17099 
25293 
21197 
25295 
17103 
25298 
21202 
25300 
21204 
17110 
25303 
21207 
25305 
17115 
25308 
21212 
25310 
25313 
25314 
25315 
25316 
17124 
25317 
21221 
25319 
17127 
21225 
25322 
25323 
25324 
17132 
25326 
21232 
17136 
25329 
25331 
21235 
25334 
17143 
25336 
21240 
17145 
21242 
25339 
17148 
25341 
21245 
25344 
21248 
17153 
25346 
25349 
21253 
25351 
21257 
25354 
17162 
25356 
17165 
25359 
21264 
25362 
17170 
21268 
17174 
25367 
25369 
21275 
25372 
17181 
25374 
21278 
25377 
17185 
25379 
21283 
21285 
25382 
25384 
21288 
17192 
17194 
25387 
25388 
25389 
21293 
17197 
25390 
25391 
25393 
17201 
25396 
25397 
25398 
21302 
25400 
17208 
21306 
25403 
25405 
17213 
25408 
21313 
25410 
21316 
25413 
17222 
25415 
21321 
17225 
25418 
21324 
25421 
17230 
21329 
25426 
17234 
25428 
21333 
25431 
17241 
25434 
17243 
21340 
17246 
25439 
21343 
25442 
21348 
25447 
21351 
25449 
17259 
25452 
21356 
25454 
21358 
25457 
21361 
25459 
17268 
21365 
25462 
25464 
25467 
25468 
21372 
25469 
17277 
25470 
25471 
21376 
25473 
17283 
25476 
25477 
25478 
21383 
17287 
25480 
25483 
21387 
25486 
17294 
21394 
25491 
17299 
25493 
21397 
25496 
25498 
21402 
21404 
17308 
25501 
25503 
21407 
17312 
25506 
21411 
25508 
25511 
17319 
25514 
21418 
17324 
21421 
25519 
25521 
21426 
25524 
21429 
17333 
25526 
25529 
17337 
21434 
25531 
21436 
25534 
21439 
25536 
17344 
25539 
21443 
25541 
17350 
25544 
25546 
21450 
25549 
21454 
25551 
17361 
25554 
25555 
25556 
25557 
21461 
25558 
17366 
25560 
21465 
25563 
25564 
25565 
25567 
17375 
21472 
25570 
21474 
25572 
21477 
17381 
25575 
21480 
25578 
21485 
25583 
17392 
25585 
21489 
25588 
17397 
25590 
21496 
25593 
25595 
21499 
25598 
17406 
21504 
25601 
21507 
17412 
25606 
25608 
21512 
25611 
21515 
25613 
17423 
25616 
21520 
25618 
21522 
17428 
25621 
21525 
25623 
25626 
21530 
25627 
25628 
17437 
25630 
25633 
25634 
25635 
21539 
17443 
25636 
25637 
25638 
21543 
21550 
17454 
21553 
17459 
21558 
21560 
21563 
17468 
21566 
17474 
21571 
21575 
17485 
21582 
21586 
17490 
21593 
17499 
21596 
21601 
17505 
21603 
21606 
21611 
17516 
17521 
21620 
21624 
17530 
21631 
17536 
21634 
21639 
21642 
17547 
21647 
17552 
21651 
17561 
21658 
21661 
17567 
21666 
21669 
21674 
17578 
21676 
21679 
17583 
21683 
17592 
21690 
21694 
17598 
21701 
21705 
17609 
17614 
21712 
21715 
17623 
21720 
21722 
21725 
17629 
21729 
21736 
17640 
21739 
17645 
21744 
21747 
17654 
21752 
21754 
17660 
21757 
21761 
17671 
21768 
21772 
17676 
21779 
17685 
21783 
21790 
21792 
21795 
21798 
17703 
21803 
17708 
21807 
17717 
21814 
21817 
17721 
21822 
17728 
21825 
17732 
21830 
21833 
17739 
17741 
21838 
21840 
17744 
21843 
17748 
21848 
17755 
17760 
21857 
21861 
17769 
21868 
17773 
21871 
21876 
17780 
21878 
17784 
21881 
21884 
17791 
21889 
17793 
17796 
21893 
17801 
21900 
21904 
17810 
17813 
21911 
21914 
17818 
17822 
21919 
21921 
21924 
17829 
17831 
21929 
17834 
17838 
21938 
21941 
17845 
21946 
17850 
21949 
21954 
17859 
21957 
17862 
21962 
17867 
21966 
17871 
21973 
17878 
21975 
17880 
21978 
17883 
21981 
17888 
21986 
21989 
17897 
21995 
17901 
21998 
22003 
22004 
17908 
22005 
22006 
22007 
17912 
22010 
22015 
17919 
22016 
22017 
17921 
22020 
17924 
17928 
22025 
22026 
22027 
22030 
17935 
22035 
22036 
17940 
22037 
22038 
22039 
22042 
17949 
22047 
22048 
22049 
17953 
22052 
17960 
22057 
22058 
22059 
17964 
22062 
22067 
17971 
22068 
22069 
17973 
22070 
22071 
17976 
22074 
17981 
22079 
22080 
22081 
22084 
17990 
22089 
17993 
22090 
22091 
22094 
17998 
18002 
22099 
22100 
22101 
22102 
22103 
18009 
22106 
18011 
18014 
22111 
22112 
22113 
18018 
22116 
22121 
18025 
22122 
22123 
22126 
18030 
22131 
22132 
22133 
22134 
22135 
18039 
22138 
18042 
22143 
18047 
22144 
22145 
18051 
22148 
22153 
22154 
18058 
22155 
18060 
22158 
18063 
22163 
22164 
18068 
22165 
22166 
22167 
22170 
18077 
22175 
22176 
22177 
18081 
22180 
18088 
22185 
22186 
22187 
18092 
22190 
22195 
18099 
22196 
22197 
18101 
22198 
22199 
18104 
22202 
18108 
22207 
22208 
22209 
18115 
22212 
18120 
22217 
22218 
22222 
18129 
22229 
18133 
22232 
18140 
22237 
22240 
18144 
22245 
18151 
22248 
18153 
18156 
22253 
22257 
18161 
22264 
18170 
22267 
18173 
22272 
18178 
22275 
18182 
22280 
22283 
18189 
18191 
22288 
18194 
22292 
18198 
22299 
18205 
22302 
18210 
22307 
22310 
22315 
18219 
22318 
18222 
22323 
18227 
22326 
18231 
22331 
22334 
18238 
18240 
22339 
18243 
22342 
18248 
22347 
22351 
18257 
18261 
22358 
22361 
18268 
22366 
18272 
22370 
18279 
22377 
18281 
22380 
18284 
18288 
22385 
22388 
18295 
22393 
18300 
22397 
22404 
18309 
22407 
18313 
22412 
22415 
18320 
22420 
18324 
22423 
18331 
22428 
18333 
22431 
18336 
18338 
22436 
18341 
22440 
18346 
22447 
22450 
18355 
22455 
18359 
22458 
18366 
22463 
18371 
22468 
18380 
22477 
22480 
18384 
22485 
18391 
22488 
18395 
22493 
22497 
18402 
18405 
22504 
18410 
22507 
18414 
22512 
22515 
18421 
22520 
18426 
22523 
22528 
22530 
18435 
22533 
18439 
22538 
18446 
22547 
18451 
22550 
22555 
18460 
22558 
18464 
22563 
22566 
22571 
18475 
22576 
18480 
22585 
18489 
18492 
22589 
18497 
22596 
18502 
22599 
22604 
22607 
18511 
18515 
22612 
22616 
18522 
22623 
18527 
22626 
22631 
18536 
22634 
18541 
22639 
22642 
18550 
22647 
22649 
18553 
22652 
18558 
22655 
18561 
22660 
22662 
18566 
22665 
18570 
22670 
18577 
18581 
22679 
22681 
22684 
18588 
22687 
18592 
22692 
22695 
18599 
22700 
18604 
22702 
22705 
18613 
22710 
18618 
22719 
22723 
18627 
18632 
22730 
22733 
18641 
22738 
22741 
18646 
22746 
22750 
18655 
18659 
22757 
22760 
18666 
22765 
18670 
22767 
22770 
22772 
18677 
22775 
18681 
22780 
18688 
22789 
18693 
22791 
22794 
22797 
18702 
22802 
18707 
22805 
22810 
22812 
18716 
22815 
18721 
22820 
18730 
22829 
18735 
22832 
22837 
22840 
18744 
18748 
22845 
22849 
18755 
18759 
22856 
22859 
18766 
22864 
18770 
22867 
22872 
18777 
22874 
22877 
18782 
22881 
18791 
22888 
22891 
18796 
22896 
22900 
18805 
18810 
22907 
22909 
22912 
18819 
22917 
18824 
22926 
22929 
18833 
18837 
22934 
22937 
18844 
22942 
18848 
22946 
18855 
22953 
18859 
22956 
22961 
18866 
22964 
18871 
22969 
22970 
22971 
22975 
18880 
18885 
22982 
22985 
22990 
18894 
22993 
18898 
22998 
18905 
23003 
18910 
23012 
18919 
23016 
18922 
23023 
18927 
23026 
18930 
23031 
18935 
23034 
18938 
23039 
18943 
23043 
18948 
23050 
23053 
18957 
18961 
23058 
23061 
18968 
23066 
23068 
18972 
23071 
23075 
18979 
18983 
23082 
23085 
18990 
18993 
23090 
23093 
18998 
23098 
19003 
23100 
23103 
23108 
19012 
19016 
23117 
19023 
23120 
19027 
23125 
23128 
19034 
23133 
19037 
23137 
19042 
19047 
23144 
23147 
23152 
19056 
23154 
19059 
23157 
19064 
23161 
19068 
23168 
23170 
19075 
23173 
19079 
23176 
23181 
19086 
23184 
19089 
23189 
19094 
23194 
19099 
23203 
19108 
23207 
19112 
23214 
19119 
23217 
19123 
23222 
23225 
19130 
19133 
23230 
23234 
19138 
19143 
23241 
23244 
19152 
23249 
23252 
19156 
23257 
19163 
23260 
19167 
23265 
23268 
19174 
23273 
19177 
23277 
19182 
19187 
23284 
23287 
23292 
19196 
23295 
19200 
23300 
23303 
19207 
19211 
23308 
23311 
19218 
23316 
19221 
23319 
19226 
23324 
23325 
19231 
23328 
23332 
23334 
19240 
23337 
23339 
19244 
23342 
23344 
23347 
19251 
23349 
19255 
23352 
23354 
23357 
19262 
23359 
19265 
23362 
23364 
19270 
23367 
23369 
19275 
23372 
23374 
23377 
23379 
19284 
23382 
23384 
19288 
23387 
23389 
19295 
23392 
23394 
19298 
23397 
23399 
19303 
23402 
19306 
23404 
23407 
19311 
23409 
23412 
19316 
23415 
23420 
23421 
19325 
23422 
23423 
23424 
19328 
23426 
23429 
19333 
23431 
19336 
23434 
23437 
19341 
19345 
23442 
23445 
19352 
23450 
19355 
23453 
19360 
23458 
23459 
23460 
19364 
23462 
23465 
23467 
19371 
23470 
19375 
23473 
23478 
19382 
23480 
19385 
23483 
23486 
19390 
19394 
23491 
23493 
23496 
19401 
23498 
23501 
19405 
23503 
23506 
19412 
23509 
19415 
23514 
19420 
23517 
19424 
23522 
23523 
23524 
23526 
19431 
23529 
23531 
19435 
23534 
23536 
19442 
23539 
23542 
19446 
23547 
19453 
23550 
19456 
23555 
23556 
23557 
19461 
23560 
19465 
23565 
23567 
19472 
23570 
23572 
19476 
23575 
23576 
23577 
23579 
19483 
23582 
19486 
23584 
23587 
19491 
23590 
19495 
23595 
23598 
19502 
23603 
19507 
23606 
23611 
23612 
19516 
23613 
23615 
19519 
23618 
23620 
19524 
23623 
19528 
23626 
23631 
19535 
23633 
19539 
23636 
23639 
19546 
23644 
23646 
19550 
23649 
23650 
23651 
23653 
19557 
23656 
19560 
23658 
23661 
19565 
23664 
19568 
23669 
19573 
23671 
19577 
23674 
23675 
23676 
23678 
19584 
23681 
23682 
23683 
19588 
23685 
23688 
23690 
19595 
23693 
19599 
23696 
23701 
19606 
23704 
19609 
23709 
23710 
19614 
23711 
19617 
23714 
19622 
23719 
23720 
23721 
23722 
19626 
23723 
23725 
23728 
19633 
23730 
23733 
19637 
23735 
23738 
23740 
19644 
23743 
23744 
19648 
23745 
23747 
23750 
19655 
23752 
23755 
19659 
23757 
23760 
23762 
19666 
23765 
19669 
23767 
23770 
19674 
23772 
19677 
23775 
23777 
19682 
23780 
23781 
23782 
19686 
23785 
23789 
19693 
23790 
23791 
19696 
23793 
23796 
19701 
23799 
19705 
23804 
23807 
19712 
23812 
19716 
23815 
19723 
23820 
23822 
19727 
23825 
23828 
19734 
23833 
19737 
23836 
19742 
23841 
19746 
23844 
23849 
19753 
23852 
19757 
23857 
23859 
19764 
23862 
19767 
23865 
19772 
23870 
23872 
19776 
23875 
23878 
19783 
23883 
19787 
23886 
19794 
23891 
23893 
19797 
23896 
19802 
23899 
15708 
19805 
23904 
15713 
19810 
23907 
19814 
23912 
15722 
23915 
19821 
15727 
23920 
19825 
23922 
23925 
23928 
19832 
15736 
19835 
15739 
23933 
23936 
19840 
15744 
19844 
23941 
15749 
23944 
19851 
23949 
15758 
19855 
23952 
15763 
23957 
19862 
23959 
19865 
23962 
15772 
23965 
19870 
19873 
15777 
23970 
23972 
19878 
23975 
23978 
19882 
15786 
23983 
15791 
19889 
23986 
19892 
23991 
15800 
23993 
19897 
23996 
15804 
19901 
23999 
15811 
24004 
19908 
24007 
19912 
15816 
24012 
24015 
19919 
15825 
19923 
24020 
15829 
24022 
24025 
19930 
24028 
15836 
19933 
24033 
15841 
19938 
24036 
19942 
24041 
15850 
24044 
19949 
15853 
24049 
19953 
15858 
24052 
15863 
19960 
24057 
24059 
19964 
24062 
15872 
24065 
19971 
15877 
24070 
19975 
24072 
24075 
24078 
19982 
15886 
24083 
19987 
15891 
24086 
24091 
19996 
15900 
24093 
19999 
24096 
15904 
24099 
20004 
15911 
24104 
20008 
24107 
15916 
20015 
24112 
24115 
20020 
15925 
24120 
24122 
15931 
24125 
20029 
24128 
20033 
24133 
15942 
24136 
20040 
15947 
24141 
20045 
24145 
15956 
20054 
24152 
15961 
20058 
24155 
24160 
20065 
24162 
15970 
24165 
20070 
24168 
15976 
24173 
24175 
20079 
24178 
24179 
20083 
15987 
24180 
24181 
24182 
24183 
24184 
15992 
24185 
24186 
20090 
24188 
24191 
20095 
24192 
24193 
16001 
24194 
24195 
24196 
24197 
24198 
16006 
24199 
24200 
20104 
24201 
24203 
20107 
24206 
24207 
16015 
24208 
20112 
24210 
20116 
16020 
24213 
24214 
24215 
24216 
24217 
24219 
20123 
16029 
24222 
24223 
24224 
20128 
24225 
24226 
16035 
24228 
24231 
24232 
24233 
20137 
24234 
24235 
24237 
20141 
16046 
24240 
24241 
24242 
16050 
24243 
24244 
20148 
24245 
24246 
24247 
24248 
20152 
16057 
24250 
24253 
24254 
16062 
24255 
20159 
24256 
24257 
24258 
24259 
24260 
20164 
24261 
24262 
24263 
16071 
24265 
24268 
16076 
24269 
20173 
24270 
24272 
20176 
24275 
24276 
24277 
20181 
16085 
24278 
24279 
24281 
20185 
16091 
24284 
24285 
24286 
24287 
24288 
20192 
24290 
24293 
20197 
24294 
16102 
24295 
24296 
24297 
16106 
24299 
24302 
20206 
24303 
24304 
24305 
16113 
24306 
20210 
24307 
24308 
24309 
24310 
16118 
24312 
20217 
24315 
24316 
24317 
20221 
24318 
24319 
16127 
24320 
24321 
24322 
24323 
24324 
20228 
24325 
16133 
24327 
20233 
24330 
24331 
24332 
24334 
16144 
24337 
24338 
20242 
24339 
24340 
24341 
20245 
16149 
24343 
24346 
20250 
24347 
24348 
24349 
24350 
20254 
16158 
24352 
24355 
16163 
24356 
24357 
20261 
24358 
24359 
24361 
20265 
24364 
16172 
24365 
24366 
24367 
24368 
20272 
24369 
24370 
16178 
24371 
24372 
24374 
20280 
24377 
24378 
24379 
24380 
20284 
24381 
16189 
24382 
24383 
24386 
16194 
24387 
20291 
24388 
24389 
24390 
24391 
20295 
24393 
16203 
24396 
24398 
20302 
16208 
24401 
20306 
24404 
24409 
20313 
16217 
24411 
20316 
24414 
16222 
24417 
20321 
20324 
24422 
16231 
24424 
20329 
24427 
20332 
16237 
24430 
20337 
24435 
24438 
20342 
16248 
24443 
16252 
24446 
20351 
24451 
20355 
16259 
24454 
16264 
20362 
24459 
20365 
24462 
16273 
20370 
24467 
20373 
24470 
16278 
20378 
24475 
24478 
20382 
16287 
24483 
20389 
16293 
24486 
20392 
24491 
20397 
24494 
20400 
16304 
24499 
16308 
20405 
24502 
20408 
24507 
16315 
20413 
24510 
20416 
16320 
24515 
20421 
24518 
20424 
16329 
24523 
20429 
24526 
16335 
20432 
24531 
20437 
24534 
20440 
16346 
24539 
20445 
24542 
16351 
20450 
24547 
24550 
16360 
24555 
20459 
16365 
24558 
20463 
24563 
24566 
20470 
16374 
20473 
24571 
16380 
24574 
20478 
)

// ************************************************************************* //
