/*--------------------------------*- C++ -*----------------------------------*\
  =========                 |
  \\      /  F ield         | OpenFOAM: The Open Source CFD Toolbox
   \\    /   O peration     | Website:  https://openfoam.org
    \\  /    A nd           | Version:  10
     \\/     M anipulation  |
\*---------------------------------------------------------------------------*/
FoamFile
{
    format      ascii;
    class       volScalarField;
    location    "0";
    object      thickness;
}
// * * * * * * * * * * * * * * * * * * * * * * * * * * * * * * * * * * * * * //

dimensions      [0 0 0 0 0 0 0];

internalField   uniform 0;

boundaryField
{
    front
    {
        type            cyclic;
    }
    Back
    {
        type            cyclic;
    }
    inlet
    {
        type            fixedValue;
        value           uniform 0;
    }
    outlet
    {
        type            fixedValue;
        value           uniform 0;
    }
    upperPatch
    {
        type            fixedValue;
        value           uniform 0;
    }
    ground
    {
        type            fixedValue;
        value           nonuniform List<scalar> 
7462
(
0
0
0
0
0
0
0
0
0
0
0
0
0
0
0
0
0
0
0
0
0
0
0
0
0.493168
1.06074
1.06243
0.353686
0.501913
1.03916
1.03714
1.06227
1.06243
0.883706
1.04024
1.06242
1.06242
1.06243
1.06243
1.03373
1.06242
1.06243
1.06243
1.06243
1.06243
1.03415
1.06243
1.06243
1.06243
1.06243
1.06243
1.03415
1.06243
1.06243
1.06243
1.06243
1.06243
1.03415
1.06243
1.06243
1.06243
1.06243
1.06243
1.03415
1.06243
1.06243
1.06243
1.06243
1.06243
1.03415
1.06243
1.06243
1.06243
1.06243
1.06243
1.03415
1.06243
1.06243
1.06243
1.06243
1.06243
1.03415
1.06243
1.06243
1.06243
1.06243
1.06243
1.03415
1.06243
1.06243
1.06243
1.06243
1.06243
1.03415
1.06243
1.06243
1.06243
1.06243
1.06243
1.03415
1.06243
1.06243
1.06243
1.06243
1.06243
1.03415
1.06243
1.06243
1.06243
1.06243
1.06243
1.03415
1.06243
1.06243
1.06243
1.06243
1.06243
1.03415
1.06243
1.06243
1.06243
1.06243
1.06243
1.03415
1.06243
1.06243
1.06243
1.06243
1.06243
1.03415
1.06243
1.06234
1.06238
1.06243
1.06243
1.03137
1.06238
0.982872
1.01051
1.06189
1.06243
0.693946
1.00214
0.976457
0.794598
0.668691
0.521629
0.867655
1.03327
0.985175
0.982053
0.981214
0.522279
0.981345
0.987846
0.528854
0.531193
0.991158
0.531118
0.516903
0.472183
0.619653
0.606411
0.092158
0.103699
0.59958
0.493097
0.622851
0.621745
0.611523
0.520996
0.36313
0.277214
0.537258
0.667426
0.522411
0.494101
0.56534
0.200162
0.379495
0.373334
0.367763
0.329708
0.304683
0.616374
0.260085
0.632155
0.614946
0.637098
0.638545
0.63851
0.638549
0.638549
0.638549
0.638549
0.638549
0.638549
0.638549
0.638549
0.638549
0.638549
0.638549
0.638549
0.638549
0.638549
0.638549
0.638549
0.638549
0.638549
0.638549
0.638549
0.638549
0.638549
0.638549
0.638549
0.638549
0.638549
0.638549
0.638549
0.638549
0.638549
0.638549
0.638549
0.638549
0.638549
0.638549
0.638549
0.638549
0.638549
0.638549
0.638549
0.638549
0.638549
0.638549
0.638549
0.638549
0.638549
0.638549
0.638549
0.638549
0.638549
0.638545
0.637098
0.638282
0.632155
0.260099
0.546827
0.304681
0.46785
0.521366
0.518183
0.490833
1.05386
1.03813
0.907833
0.537442
1.03669
1.03481
0.530498
0.5269
1.03096
0.998421
0.525162
0.522157
0.994459
0.528809
0.531193
0.531118
0.484102
0.138028
0.339622
0.146566
0.319924
0.528843
0.443082
0.365482
0.299732
0.102007
0.530693
0.373765
0.233986
0.461307
0.531213
0.531213
0.531213
0.531213
0.531213
0.531213
0.531213
0.531213
0.531213
0.531213
0.531213
0.531213
0.531213
0.531213
0.531213
0.531213
0.531213
0.531213
0.531213
0.531213
0.531213
0.531213
0.531213
0.531213
0.531213
0.531213
0.531213
0.531213
0.531213
0.531213
0.531213
0.531213
0.531213
0.531213
0.531213
0.531213
0.531213
0.531213
0.531213
0.531213
0.531213
0.531213
0.531213
0.531213
0.531213
0.531213
0.531213
0.531213
0.531213
0.531213
0.531213
0.531213
0.531213
0.531213
0.531213
0.531213
0.531213
0.531213
0.531213
0.531213
0.531213
0.531213
0.531213
0.531213
0.531213
0.531213
0.531213
0.531213
0.531213
0.531213
0.531213
0.531213
0.531213
0.531213
0.531213
0.531213
0.531213
0.531213
0.531213
0.531213
0.531213
0.531213
0.531213
0.531213
0.373765
0.233987
0.461307
0.299733
0.102007
0.275068
0.443082
0.365482
0.385512
0.635236
0.910743
0.623985
0.621289
0.620619
0.620829
0.631835
0.531186
0.639362
0.531209
0.526119
0.328719
0.183741
0.409183
0.311065
0.528848
0.526944
0.530076
0.346336
0.46109
0.523415
0.517818
0.53091
0.530392
0.531069
0.527735
0.528067
0.225885
0.519031
0.598323
0.599293
0.599477
0.599477
0.599477
0.599477
0.599477
0.599477
0.599477
0.599477
0.599477
0.599477
0.599477
0.599477
0.599477
0.599477
0.599477
0.599477
0.599477
0.599477
0.599477
0.599477
0.599477
0.599477
0.599477
0.599477
0.599477
0.599477
0.599477
0.599477
0.599477
0.599477
0.599293
0.598323
0.519031
0.493399
0.762692
0.685984
0.493741
0.30012
0.574812
0.282326
0.305224
0.296716
0.0545748
0.342287
0.294272
0.318216
0.600722
0.524339
0.608327
0.346336
0.522453
0.624191
0.522096
0.646244
0.637031
0.52377
0.722978
0.516737
0.521637
0.368607
0.409999
0.141449
0.521527
0.529539
0.530337
0.530246
0.301879
0.130059
0.284991
0.0931062
0.273075
0.0867174
0.269526
0.529356
0.526498
0.52429
0.530558
0.530794
0.531146
0.531213
0.531213
0.531213
0.531213
0.531213
0.531213
0.531213
0.531213
0.531213
0.531213
0.531213
0.531213
0.531213
0.531213
0.531213
0.531213
0.531213
0.531213
0.531213
0.531213
0.531213
0.531213
0.531213
0.531213
0.531213
0.531213
0.531213
0.531213
0.531213
0.531213
0.531213
0.531213
0.531213
0.531213
0.531213
0.531213
0.531213
0.531213
0.531213
0.531213
0.531213
0.531213
0.531213
0.531213
0.531213
0.531213
0.531213
0.531213
0.531213
0.531213
0.531213
0.531213
0.531213
0.531213
0.531213
0.531213
0.531213
0.531213
0.531213
0.531213
0.531213
0.531213
0.531213
0.531213
0.531213
0.531213
0.531213
0.531213
0.531213
0.531213
0.531213
0.531213
0.530558
0.530794
0.526498
0.52429
0.273075
0.0867177
0.284991
0.0931065
0.317787
0.301879
0.130057
0.353701
0.523657
0.528014
0.530558
0.530276
0.53121
0.53085
0.758856
0.982842
0.58396
0.832987
0.528417
0.824287
0.527017
0.817055
0.509145
0.805409
0.492181
0.641236
0.531186
0.641996
0.531209
0.526365
0.518333
0.499398
0.522501
0.47051
0.531065
0.531201
0.531212
0.531212
0.530051
0.529834
0.509118
0.497257
0.693945
1.05416
1.04048
1.06214
1.06233
0.984919
1.01432
0.292833
0.265473
0.278944
1.04917
1.06054
1.06216
1.06241
1.06216
1.06242
1.06193
1.0623
1.06216
1.06242
1.06216
1.06242
1.06234
1.06216
1.06216
1.06235
1.06243
1.06243
1.06243
1.06243
1.06243
1.06243
0.292831
1.03946
1.03919
1.06233
1.06233
1.03923
1.04121
1.06233
1.06234
1.04216
1.06235
0.917174
1.061
1.06243
1.06243
1.06243
1.06243
1.06243
1.06243
1.06224
1.06242
1.06242
1.06242
1.06243
1.06242
1.06242
1.06243
1.06243
1.06242
1.06243
1.06225
1.06243
1.06243
1.06243
1.06243
1.06243
1.06243
1.06243
1.06243
1.06242
1.06243
1.06242
1.06243
1.06243
1.06243
1.06243
1.06243
1.06243
1.06243
1.06243
1.06243
1.06243
1.06243
1.06243
1.06243
1.06243
1.06243
0.884232
1.06216
1.06242
1.06216
1.06242
1.06242
1.06243
1.06242
1.06243
1.06243
1.06243
1.06243
1.06243
1.06243
1.06243
1.06243
1.06243
1.06243
1.06243
1.06243
1.06243
1.06243
1.06243
0.884233
0.884233
1.06216
1.06242
1.06216
1.06242
1.06242
1.06243
1.06242
1.06243
1.06243
1.06243
1.06243
1.06243
1.06243
1.06243
1.06243
1.06243
1.06243
1.06243
1.06243
1.06243
1.06243
1.06243
1.06243
0.884233
1.06216
1.06242
1.06216
1.06242
1.06242
1.06243
1.06242
1.06243
1.06243
1.06243
1.06243
1.06243
1.06243
1.06243
1.06243
1.06243
1.06243
1.06243
1.06243
1.06243
1.06243
1.06243
1.06243
0.884233
1.06216
1.06242
1.06216
1.06242
1.06242
1.06243
1.06242
1.06243
1.06243
1.06243
1.06243
1.06243
1.06243
1.06243
1.06243
1.06243
1.06243
1.06243
1.06243
1.06243
1.06243
1.06243
1.06216
1.06242
1.06216
1.06242
1.06242
1.06243
1.06242
1.06243
1.06243
1.06243
1.06243
1.06243
1.06243
1.06243
1.06243
1.06243
1.06243
1.06243
1.06243
1.06243
1.06243
1.06243
0.884233
1.06216
1.06242
1.06216
1.06242
1.06242
1.06243
1.06242
1.06243
1.06243
1.06243
1.06243
1.06243
1.06243
1.06243
1.06243
1.06243
1.06243
1.06243
1.06243
1.06243
1.06243
1.06243
1.06243
1.06216
1.06242
1.06216
1.06242
1.06242
1.06243
1.06242
1.06243
1.06243
1.06243
1.06243
1.06243
1.06243
1.06243
1.06243
1.06243
1.06243
1.06243
1.06243
1.06243
1.06243
1.06243
1.06243
0.884233
1.06216
1.06242
1.06216
1.06242
1.06242
1.06243
1.06242
1.06243
1.06243
1.06243
1.06243
1.06243
1.06243
1.06243
1.06243
1.06243
1.06243
1.06243
1.06243
1.06243
1.06243
1.06243
0.884233
1.06216
1.06242
1.06216
1.06242
1.06242
1.06243
1.06242
1.06243
1.06243
1.06243
1.06243
1.06243
1.06243
1.06243
1.06243
1.06243
1.06243
1.06243
1.06243
1.06243
1.06243
1.06243
0.884233
0.884233
1.06216
1.06242
1.06216
1.06242
1.06242
1.06243
1.06242
1.06243
1.06243
1.06243
1.06243
1.06243
1.06243
1.06243
1.06243
1.06243
1.06243
1.06243
1.06243
1.06243
1.06243
1.06243
1.06243
0.884233
1.06216
1.06242
1.06216
1.06242
1.06242
1.06243
1.06242
1.06243
1.06243
1.06243
1.06243
1.06243
1.06243
1.06243
1.06243
1.06243
1.06243
1.06243
1.06243
1.06243
1.06243
1.06243
1.06243
0.884233
1.06216
1.06242
1.06216
1.06242
1.06242
1.06243
1.06242
1.06243
1.06243
1.06243
1.06243
1.06243
1.06243
1.06243
1.06243
1.06243
1.06243
1.06243
1.06243
1.06243
1.06243
1.06243
1.06216
1.06242
1.06216
1.06242
1.06242
1.06243
1.06242
1.06243
1.06243
1.06243
1.06243
1.06243
1.06243
1.06243
1.06243
1.06243
1.06243
1.06243
1.06243
1.06243
1.06243
1.06243
0.884233
1.06216
1.06242
1.06216
1.06242
1.06242
1.06243
1.06242
1.06243
1.06243
1.06243
1.06243
1.06242
1.06243
1.06242
1.06243
1.06225
1.06243
1.06243
1.06243
1.06243
1.06243
1.06243
1.06241
1.06216
1.06241
1.06048
1.0572
1.06242
1.06242
1.05689
1.05642
1.06241
1.06236
1.05526
1.04481
1.06235
1.04327
0.96896
1.061
0.917045
1.06243
1.06243
1.06243
1.06243
1.06243
1.06243
0.83466
0.991006
0.849517
0.866662
0.979648
0.919526
0.861727
0.252095
1.06243
1.06243
1.06243
1.06243
1.06243
1.06243
0.276425
0.695716
0.723678
0.261751
0.436862
1.00687
0.891414
0.905958
0.895031
0.287809
0.843539
0.956831
0.813753
0.477995
0.907782
0.734265
0.251269
0.243034
0.654622
0.242258
0.249343
0.280509
0.728329
0.3026
0.959545
0.989328
0.990884
0.856005
0.828459
0.855771
0.994698
0.850225
0.981324
0.848798
0.981206
0.849039
0.981938
0.866039
0.983824
0.877359
0.989607
0.959664
0.963659
0.964438
0.964438
0.964438
0.964438
0.964438
0.964438
0.964438
0.964438
0.964438
0.964438
0.964438
0.964438
0.963659
0.959664
0.725789
0.918451
0.483929
0.753678
0.243614
0.654759
0.242288
0.248226
0.300579
0.990487
0.992159
0.404834
0.881832
1.04845
1.0323
1.04195
0.976856
1.03627
0.972334
1.03596
0.967486
1.02197
0.958856
1.00847
0.885551
0.990379
0.883055
0.98347
0.509124
0.490682
0.458947
0.497282
0.531213
0.531213
0.531213
0.531213
0.531213
0.531213
0.531213
0.531213
0.531213
0.531213
0.531213
0.531213
0.531213
0.531213
0.531213
0.531213
0.531213
0.531213
0.531213
0.531213
0.531213
0.531213
0.531213
0.531213
0.531213
0.531213
0.531213
0.531213
0.531213
0.531213
0.521408
0.490674
0.458917
1.0435
1.0577
1.06166
1.06232
1.03419
0.035181
0.101206
0.358951
0.229257
1.06239
1.06242
1.06242
1.0624
1.06235
1.06216
1.0624
1.06242
1.06216
1.06235
1.06242
1.0624
1.06183
1.06225
1.06081
1.06226
1.06243
1.06243
1.06243
1.03938
1.05752
1.05752
1.02904
1.05689
1.05459
1.0221
1.06183
0.939607
0.958966
1.03888
1.03111
1.06241
1.0624
1.06242
1.06243
1.06243
1.06243
0.982356
1.03924
1.05779
1.05746
1.0549
1.06242
1.06243
1.06243
1.06241
1.06243
1.06243
1.06241
1.06183
1.06242
1.06233
1.06238
1.06242
1.06243
1.06243
1.06243
1.06243
1.06243
1.06243
1.06242
1.06242
1.06243
1.06243
1.0617
1.06243
1.06243
1.06243
1.06243
1.06243
1.06243
1.06243
1.06183
1.06243
1.06243
1.06243
1.06243
1.06243
1.06243
1.06243
1.06243
1.06243
1.06243
1.03415
1.06243
1.06243
1.06243
1.0617
1.06243
1.06243
1.06243
1.06243
1.06243
1.06243
1.06243
1.06183
1.06243
1.06243
1.06243
1.06243
1.06243
1.06243
1.06243
1.06243
1.06243
1.06243
1.06243
1.06243
1.06243
1.06243
1.0617
1.06243
1.06243
1.06243
1.06243
1.06243
1.06243
1.06243
1.06183
1.06243
1.06243
1.06243
1.06243
1.06243
1.06243
1.06243
1.06243
1.06243
1.06243
1.03415
1.06243
1.06243
1.06243
1.0617
1.06243
1.06243
1.06243
1.06243
1.06243
1.06243
1.06243
1.06183
1.06243
1.06243
1.06243
1.06243
1.06243
1.06243
1.06243
1.06243
1.06243
1.06243
1.06243
1.06243
1.06243
1.0617
1.06243
1.06243
1.06243
1.06243
1.06243
1.06243
1.06243
1.06183
1.06243
1.06243
1.06243
1.06243
1.06243
1.06243
1.06243
1.06243
1.06243
1.06243
1.03415
1.06243
1.06243
1.06243
1.0617
1.06243
1.06243
1.06243
1.06243
1.06243
1.06243
1.06243
1.06183
1.06243
1.06243
1.06243
1.06243
1.06243
1.06243
1.06243
1.06243
1.06243
1.06243
1.06243
1.06243
1.06243
1.0617
1.06243
1.06243
1.06243
1.06243
1.06243
1.06243
1.06243
1.06183
1.06243
1.06243
1.06243
1.06243
1.06243
1.06243
1.06243
1.06243
1.06243
1.06243
1.03415
1.06243
1.06243
1.06243
1.0617
1.06243
1.06243
1.06243
1.06243
1.06243
1.06243
1.06243
1.06183
1.06243
1.06243
1.06243
1.06243
1.06243
1.06243
1.06243
1.06243
1.06243
1.06243
1.06243
1.06243
1.06243
1.06243
1.0617
1.06243
1.06243
1.06243
1.06243
1.06243
1.06243
1.06243
1.06183
1.06243
1.06243
1.06243
1.06243
1.06243
1.06243
1.06243
1.06243
1.06243
1.06243
1.03415
1.06243
1.06243
1.06243
1.0617
1.06243
1.06243
1.06243
1.06243
1.06243
1.06243
1.06243
1.06183
1.06243
1.06243
1.06243
1.06243
1.06243
1.06243
1.06243
1.06243
1.06243
1.06243
1.06243
1.06243
1.06243
1.06243
1.0617
1.06243
1.06243
1.06243
1.06243
1.06243
1.06243
1.06243
1.06183
1.06243
1.06243
1.06243
1.06243
1.06243
1.06243
1.06243
1.06243
1.06243
1.06243
1.03415
1.06243
1.06243
1.06243
1.0617
1.06243
1.06243
1.06243
1.06243
1.06243
1.06243
1.06243
1.06183
1.06243
1.06243
1.06243
1.06243
1.06243
1.06243
1.06243
1.06243
1.06243
1.06243
1.06243
1.06243
1.06243
1.0617
1.06243
1.06243
1.06243
1.06243
1.06243
1.06243
1.06243
1.06183
1.06243
1.06243
1.06243
1.06243
1.06243
1.06243
1.06243
1.06243
1.06243
1.06243
1.03415
1.06243
1.06243
1.06243
1.0617
1.06243
1.06243
1.06243
1.06243
1.06243
1.06243
1.06243
1.06183
1.06243
1.06243
1.06243
1.06243
1.06243
1.06243
1.06243
1.06243
1.06243
1.06243
1.06243
1.06243
1.06243
1.0617
1.06243
1.06243
1.06243
1.06243
1.06243
1.06243
1.06243
1.06183
1.06243
1.06243
1.06243
1.06243
1.06243
1.06243
1.06243
1.06243
1.06243
1.06243
1.03415
1.06243
1.06243
1.06243
1.0617
1.06235
1.06169
1.06178
1.0623
1.06201
1.06139
1.05392
1.06183
1.05852
1.06155
1.06195
1.05642
1.06243
1.06242
1.06243
1.06243
1.06243
1.06243
1.06233
1.06238
1.06197
1.06202
1.06056
1.06183
1.06127
1.06238
1.06231
1.06243
1.06243
1.06243
1.06243
1.06243
1.06243
1.06243
1.06243
1.06243
1.06243
1.06243
1.06243
1.06243
1.06243
1.06243
1.06243
1.06097
1.06183
1.06097
0.768125
0.757616
0.818727
1.03922
1.05748
1.03919
1.05743
1.06163
1.06233
1.06163
1.06233
1.03942
1.05744
1.04002
1.05789
1.06163
1.06233
1.0617
1.06234
1.04152
1.05812
1.03961
1.06175
1.06234
1.01767
0.906656
1.01686
1.05389
1.05255
1.02154
1.05366
1.06243
1.06243
1.06243
1.06243
1.06243
1.06243
1.06243
1.06243
1.06243
1.06243
1.06243
1.06243
1.06243
1.06243
1.06097
1.06183
1.06097
1.05851
1.06155
1.0564
1.06195
1.05945
1.0609
0.996648
1.0443
1.04433
1.0412
1.06233
1.06239
1.06238
1.04297
1.06029
1.05379
1.06242
1.06242
1.06242
1.06243
1.06242
1.06243
1.06243
1.06243
1.06242
1.06243
1.06242
1.06243
1.06243
1.06243
1.06243
1.06243
1.06242
1.06243
1.06242
1.06243
1.06243
1.06243
1.06241
1.06221
1.06241
1.06243
1.06242
1.06241
1.06243
1.06243
1.06243
1.06243
1.06243
1.06243
1.06243
1.06243
1.06243
1.06243
1.06243
1.06243
1.06243
1.06243
1.06243
1.06243
1.06097
1.06183
1.06097
1.06243
1.06243
1.06243
1.06242
1.06242
1.06242
1.06243
1.06243
1.05803
1.0617
1.05805
1.06242
1.06243
1.06243
1.06243
1.06242
1.06243
1.06243
1.06243
1.06243
1.06243
1.06243
1.06243
1.06243
1.06243
1.06243
1.06243
1.06243
1.06243
1.06243
1.06243
1.06243
1.06243
1.06243
1.06243
1.06243
1.06243
1.06243
1.06243
1.06243
1.06243
1.06243
1.06243
1.06243
1.06243
1.06243
1.06243
1.06243
1.06243
1.06243
1.06243
1.06243
1.06243
1.06243
1.06243
1.06243
1.06097
1.06183
1.06097
1.06243
1.06243
1.06243
1.06243
1.06228
1.05667
1.06243
1.06243
1.06243
1.06243
1.05805
1.0617
1.05805
1.06235
1.06216
1.0624
1.06242
1.06216
1.06235
1.06242
1.0624
1.06243
1.06242
1.06243
1.06243
1.06242
1.06243
1.06243
1.06243
1.06243
1.06243
1.06243
1.06243
1.06243
1.06243
1.06243
1.06243
1.06243
1.06243
1.06243
1.06243
1.06243
1.06243
1.06243
1.06243
1.06243
1.06243
1.06243
1.06243
1.06243
1.06243
1.06243
1.06243
1.06243
1.06243
1.06243
1.06243
1.06243
1.06243
1.06243
1.06243
1.06243
1.06243
1.06243
1.06097
1.06183
1.06097
1.06243
1.06243
1.06243
1.06243
1.06243
1.06243
1.06243
1.06243
1.05805
1.0617
1.05805
1.06235
1.06216
1.0624
1.06242
1.06216
1.06235
1.06242
1.0624
1.06243
1.06242
1.06243
1.06243
1.06242
1.06243
1.06243
1.06243
1.06243
1.06243
1.06243
1.06243
1.06243
1.06243
1.06243
1.06243
1.06243
1.06243
1.06243
1.06243
1.06243
1.06243
1.06243
1.06243
1.06243
1.06243
1.06243
1.06243
1.06243
1.06243
1.06243
1.06243
1.06243
1.06243
1.06243
1.06243
1.06243
1.06243
1.06243
1.06243
1.06243
1.06243
1.06097
1.06183
1.06097
1.06243
1.06243
1.06243
1.06243
1.06228
1.05667
1.05667
1.06243
1.06243
1.06243
1.06243
1.06243
1.06243
1.06243
1.05805
1.0617
1.05805
1.06235
1.06216
1.0624
1.06242
1.06216
1.06235
1.06242
1.0624
1.06243
1.06242
1.06243
1.06243
1.06242
1.06243
1.06243
1.06243
1.06243
1.06243
1.06243
1.06243
1.06243
1.06243
1.06243
1.06243
1.06243
1.06243
1.06243
1.06243
1.06243
1.06243
1.06243
1.06243
1.06243
1.06243
1.06243
1.06243
1.06243
1.06243
1.06243
1.06243
1.06243
1.06243
1.06243
1.06243
1.06243
1.06243
1.06243
1.06243
1.06243
1.06243
1.06097
1.06183
1.06097
1.06243
1.06243
1.06243
1.06243
1.06243
1.06243
1.06228
1.05667
1.06243
1.06243
1.06243
1.06243
1.06243
1.06243
1.05805
1.0617
1.05805
1.06235
1.06216
1.0624
1.06242
1.06216
1.06235
1.06242
1.0624
1.06243
1.06242
1.06243
1.06243
1.06242
1.06243
1.06243
1.06243
1.06243
1.06243
1.06243
1.06243
1.06243
1.06243
1.06243
1.06243
1.06243
1.06243
1.06243
1.06243
1.06243
1.06243
1.06243
1.06243
1.06243
1.06243
1.06243
1.06243
1.06243
1.06243
1.06243
1.06243
1.06243
1.06243
1.06243
1.06243
1.06243
1.06243
1.06243
1.06243
1.06097
1.06183
1.06097
1.06243
1.06243
1.06243
1.05667
1.06228
1.05667
1.06243
1.06243
1.06243
1.06243
1.06243
1.06243
1.05805
1.0617
1.05805
1.06235
1.06216
1.0624
1.06242
1.06216
1.06235
1.06242
1.0624
1.06243
1.06242
1.06243
1.06243
1.06242
1.06243
1.06243
1.06243
1.06243
1.06243
1.06243
1.06243
1.06243
1.06243
1.06243
1.06243
1.06243
1.06243
1.06243
1.06243
1.06243
1.06243
1.06243
1.06243
1.06243
1.06243
1.06243
1.06243
1.06243
1.06243
1.06243
1.06243
1.06243
1.06243
1.06243
1.06243
1.06243
1.06243
1.06243
1.06243
1.06243
1.06243
1.06243
1.06097
1.06183
1.06097
1.06243
1.06243
1.06243
1.06228
1.05667
1.06228
1.06243
1.06243
1.06243
1.06243
1.06243
1.06243
1.06243
1.05805
1.0617
1.05805
1.06235
1.06216
1.0624
1.06242
1.06216
1.06235
1.06242
1.0624
1.06243
1.06242
1.06243
1.06243
1.06242
1.06243
1.06243
1.06243
1.06243
1.06243
1.06243
1.06243
1.06243
1.06243
1.06243
1.06243
1.06243
1.06243
1.06243
1.06243
1.06243
1.06243
1.06243
1.06243
1.06243
1.06243
1.06243
1.06243
1.06243
1.06243
1.06243
1.06243
1.06243
1.06243
1.06243
1.06243
1.06243
1.06243
1.06243
1.06243
1.06243
1.06243
1.06097
1.06183
1.06097
1.06243
1.06243
1.06243
1.06243
1.06243
1.06228
1.05667
1.06243
1.06243
1.06243
1.06243
1.06243
1.06243
1.05805
1.0617
1.05805
1.06235
1.06216
1.0624
1.06242
1.06216
1.06235
1.06242
1.0624
1.06243
1.06242
1.06243
1.06243
1.06242
1.06243
1.06243
1.06243
1.06243
1.06243
1.06243
1.06243
1.06243
1.06243
1.06243
1.06243
1.06243
1.06243
1.06243
1.06243
1.06243
1.06243
1.06243
1.06243
1.06243
1.06243
1.06243
1.06243
1.06243
1.06243
1.06243
1.06243
1.06243
1.06243
1.06243
1.06243
1.06243
1.06243
1.06243
1.06243
1.06243
1.06243
1.06097
1.06183
1.06097
1.06243
1.06243
1.06243
1.06243
1.06228
1.06243
1.06243
1.06243
1.06243
1.06243
1.05805
1.0617
1.05805
1.06235
1.06216
1.0624
1.06242
1.06216
1.06235
1.06242
1.0624
1.06243
1.06242
1.06243
1.06243
1.06242
1.06243
1.06243
1.06243
1.06243
1.06243
1.06243
1.06243
1.06243
1.06243
1.06243
1.06243
1.06243
1.06243
1.06243
1.06243
1.06243
1.06243
1.06243
1.06243
1.06243
1.06243
1.06243
1.06243
1.06243
1.06243
1.06243
1.06243
1.06243
1.06243
1.06243
1.06243
1.06243
1.06243
1.06243
1.06243
1.06243
1.06243
1.06243
1.06243
1.06243
1.06097
1.06183
1.06097
1.06243
1.06243
1.06243
1.06243
1.06228
1.05667
1.06243
1.06243
1.06243
1.06243
1.05805
1.0617
1.05805
1.06235
1.06216
1.0624
1.06242
1.06216
1.06235
1.06242
1.0624
1.06243
1.06242
1.06243
1.06243
1.06242
1.06243
1.06243
1.06243
1.06243
1.06243
1.06243
1.06243
1.06243
1.06243
1.06243
1.06243
1.06243
1.06243
1.06243
1.06243
1.06243
1.06243
1.06243
1.06243
1.06243
1.06243
1.06243
1.06243
1.06243
1.06243
1.06243
1.06243
1.06243
1.06243
1.06243
1.06243
1.06243
1.06243
1.06243
1.06243
1.06243
1.06243
1.06243
1.06097
1.06183
1.06097
1.06243
1.06243
1.06243
1.06243
1.06243
1.06243
1.06243
1.06243
1.05805
1.0617
1.05805
1.06235
1.06216
1.0624
1.06242
1.06216
1.06235
1.06242
1.0624
1.06243
1.06242
1.06243
1.06243
1.06242
1.06243
1.06243
1.06243
1.06243
1.06243
1.06243
1.06243
1.06243
1.06243
1.06243
1.06243
1.06243
1.06243
1.06243
1.06243
1.06243
1.06243
1.06243
1.06243
1.06243
1.06243
1.06243
1.06243
1.06243
1.06243
1.06243
1.06243
1.06243
1.06243
1.06243
1.06243
1.06243
1.06243
1.06243
1.06243
1.06243
1.06243
1.06097
1.06183
1.06097
1.06243
1.06243
1.06243
1.06243
1.06228
1.05667
1.05667
1.06243
1.06243
1.06243
1.06243
1.06243
1.06243
1.06243
1.05805
1.0617
1.05805
1.06235
1.06216
1.0624
1.06242
1.06216
1.06235
1.06242
1.0624
1.06243
1.06242
1.06243
1.06243
1.06242
1.06243
1.06243
1.06243
1.06243
1.06243
1.06243
1.06243
1.06243
1.06243
1.06243
1.06243
1.06243
1.06243
1.06243
1.06243
1.06243
1.06243
1.06243
1.06243
1.06243
1.06243
1.06243
1.06243
1.06243
1.06243
1.06243
1.06243
1.06243
1.06243
1.06243
1.06243
1.06243
1.06243
1.06243
1.06243
1.06243
1.06243
1.06097
1.06183
1.06097
1.06243
1.06243
1.06243
1.06243
1.06243
1.06243
1.06228
1.05667
1.06243
1.06243
1.06243
1.06243
1.06243
1.06243
1.05805
1.0617
1.05805
1.06235
1.06216
1.0624
1.06242
1.06216
1.06235
1.06242
1.0624
1.06243
1.06242
1.06243
1.06243
1.06242
1.06243
1.06243
1.06243
1.06243
1.06243
1.06243
1.06243
1.06243
1.06243
1.06243
1.06243
1.06243
1.06243
1.06243
1.06243
1.06243
1.06243
1.06243
1.06243
1.06243
1.06243
1.06243
1.06243
1.06243
1.06243
1.06243
1.06243
1.06243
1.06243
1.06243
1.06243
1.06243
1.06243
1.06243
1.06243
1.06097
1.06183
1.06097
1.06243
1.06243
1.06243
1.05667
1.06228
1.05667
1.06243
1.06243
1.06243
1.06243
1.06243
1.06243
1.05805
1.0617
1.05805
1.06235
1.06216
1.0624
1.06242
1.06216
1.06235
1.06242
1.0624
1.06243
1.06242
1.06243
1.06243
1.06242
1.06243
1.06243
1.06243
1.06243
1.06243
1.06243
1.06243
1.06243
1.06243
1.06243
1.06243
1.06243
1.06243
1.06243
1.06243
1.06243
1.06243
1.06243
1.06243
1.06243
1.06243
1.06243
1.06243
1.06243
1.06243
1.06243
1.06243
1.06243
1.06243
1.06243
1.06243
1.06243
1.06243
1.06243
1.06243
1.06243
1.06243
1.06243
1.06097
1.06183
1.06097
1.06243
1.06243
1.06243
1.06228
1.05667
1.06228
1.06243
1.06243
1.06243
1.06243
1.06243
1.06243
1.06243
1.05805
1.0617
1.05805
1.06235
1.06216
1.0624
1.06242
1.06216
1.06234
1.06242
1.06239
1.06243
1.06242
1.06243
1.06243
1.06242
1.06243
1.06243
1.06243
1.06243
1.06243
1.06243
1.06243
1.06243
1.06242
1.06243
1.06242
1.06243
1.06243
1.06243
1.06243
1.06242
1.06242
1.06243
1.06242
1.06241
1.06241
1.06243
1.06241
1.06243
1.06243
1.06243
1.06243
1.06243
1.06243
1.06243
1.06243
1.06243
1.06243
1.06243
1.06243
1.06243
1.06243
1.06097
1.06183
1.06097
1.06242
1.06233
1.06242
1.06238
1.06242
1.06228
1.05667
1.06243
1.06243
1.06243
1.06242
1.06242
1.06242
1.05805
1.0617
1.05803
1.06234
1.06214
1.06239
1.06232
1.05946
1.06192
1.05804
1.06158
1.06242
1.06232
1.06242
1.06231
1.0568
1.06153
1.05673
1.06146
1.0624
1.06228
1.06238
1.06184
1.05244
1.06121
1.04818
1.05874
1.06234
1.06178
1.06233
1.04176
1.05837
1.03969
1.05257
1.02225
1.01778
0.906813
1.05367
1.02156
1.06243
1.06243
1.06243
1.06243
1.06243
1.06243
1.06243
1.06243
1.06243
1.06243
1.06243
1.06243
1.06243
1.06243
1.06097
1.06183
1.06097
1.05946
0.958398
1.0389
1.03111
1.04354
1.0609
1.06239
1.06238
1.06235
1.04459
1.0447
1.05415
1.05645
1.04493
1.06243
1.06243
1.06243
1.06243
1.06243
1.06243
1.06243
1.06243
1.06243
1.06243
1.06243
1.06243
1.06243
1.06243
1.06243
1.06097
1.06183
1.06097
0.483929
0.359919
0.335014
0.310914
0.129018
0.141958
0.460706
0.526086
0.525443
0.528982
0.530802
0.491412
0.495071
0.523365
0.527826
0.530545
0.530227
0.53121
0.531204
0.530856
0.516773
0.521251
0.306452
0.101671
0.119129
0.297642
0.139174
0.129957
0.528902
0.527006
0.528222
0.530176
0.530354
0.530199
0.529992
0.530435
0.528321
0.529619
0.531063
0.531201
0.531212
0.531212
0.530095
0.265412
0.279002
0.116411
1.05775
1.05775
1.05775
1.05775
1.05775
1.05775
1.05775
1.05775
1.05775
1.05775
1.05775
1.05775
1.05775
1.05775
1.05775
1.05775
1.05775
1.05775
1.05775
1.05775
1.05775
1.05775
1.05775
1.05775
1.05775
1.05775
1.05775
1.05775
1.05775
1.05775
1.05775
1.05775
1.05775
0.362054
0.507008
0.514169
0.932379
1.0335
1.03991
0.480048
0.803703
1.06229
1.06233
0.881257
0.998416
1.06243
1.06243
1.06243
1.06243
1.06234
1.00006
1.06243
1.06243
1.06234
1.00006
1.06243
1.06243
1.06234
1.00006
1.06243
1.06243
1.06243
1.06234
0.884233
1.00006
1.06243
1.06243
1.06243
1.06234
0.884233
1.00006
1.06243
1.06243
1.06243
1.06234
0.884233
1.00006
1.06243
1.06243
1.06234
0.884233
1.00006
1.06243
1.06234
0.884233
1.00006
1.06243
1.06243
1.06243
1.06243
1.06234
1.00006
1.06243
1.06243
1.06234
1.00006
1.06243
1.06243
1.06234
1.00006
1.06243
1.06243
1.06243
1.06234
0.884233
1.00006
1.06243
1.06243
1.06243
1.06234
0.884233
1.00006
1.06243
1.06243
1.06243
1.06234
0.884233
1.00006
1.06243
1.06243
1.06234
0.884226
1.00005
1.06127
1.06226
0.87078
0.992118
0.798599
0.700127
0.960525
0.994974
0.700942
0.44939
0.6987
0.450944
0.888497
0.814953
0.982107
0.98439
0.983206
0.979029
0.981165
0.984466
0.872756
0.692381
0.979348
0.983201
0.979893
0.982403
0.128999
0.294944
0.298366
0.375792
0.411306
0.404832
0.62855
0.535514
0.725788
1.03137
0.992105
0.884226
1.00005
0.964438
1.03415
0.964438
0.884233
1.00006
0.964438
1.00006
0.964438
1.00006
0.964438
1.03415
1.00006
0.964438
0.884233
1.00006
0.964438
0.964438
1.00006
0.964438
1.03415
1.00006
0.884233
1.00006
0.964438
1.03415
0.964438
0.884233
1.00006
0.964438
1.00006
0.964438
1.00006
0.964438
1.03415
1.00006
0.964438
0.884233
1.00006
0.964438
0.964438
1.00006
0.964438
1.03373
0.998417
0.480904
0.806649
0.448713
0.88917
0.815083
0.508581
0.991269
0.987794
0.507939
0.528869
0.990738
0.890768
0.507906
0.514743
0.521716
0.406711
0.14306
0.330454
0.161739
0.176665
0.192463
0.481173
0.621585
0.623947
0.529926
0.606265
0.528077
0.530299
0.621255
0.520081
0.594146
0.621401
0.594476
0.54681
0.638282
0.638549
0.638549
0.638549
0.638549
0.638549
0.638549
0.63851
0.614949
0.129996
0.188217
0.298011
0.525841
0.52493
0.500074
0.440995
0.521114
0.384592
0.980049
1.01638
0.58869
0.498242
0.397006
0.389801
0.239695
0.497532
0.386606
0.469281
0.523372
0.519386
0.385512
0.232584
0.275068
0.0881461
0.530176
0.530921
0.531074
0.519904
0.501661
0.523035
0.472111
0.414159
0.531208
0.53121
0.531213
0.531213
0.531213
0.531213
0.531213
0.531213
0.531213
0.531213
0.531213
0.531213
0.531213
0.531213
0.531213
0.531213
0.531213
0.531213
0.531213
0.531213
0.531213
0.531213
0.531213
0.531213
0.531213
0.531213
0.531213
0.531213
0.531213
0.531213
0.531213
0.531213
0.531213
0.531213
0.531213
0.531213
0.531213
0.531213
0.531213
0.531213
0.531213
0.531213
0.531213
0.531213
0.531213
0.531213
0.531213
0.531213
0.531213
0.531213
0.531208
0.53121
0.414159
0.0881463
0.36313
0.279099
0.232584
0.769386
0.634764
0.514407
0.451654
0.513238
0.454965
0.6207
0.512498
0.450273
0.51267
0.449841
0.512345
0.448709
0.512228
0.449358
0.620585
0.512249
0.450146
0.512539
0.448542
0.512108
0.448235
0.512114
0.448152
0.621308
0.51315
0.452471
0.513043
0.45307
0.51291
0.449772
0.513161
0.45115
0.623787
0.517935
0.459235
0.515522
0.470927
0.639061
0.612051
0.531204
0.61953
0.620223
0.531165
0.531049
0.622629
0.530671
0.648867
0.517476
0.624961
0.46338
0.518463
0.517125
0.23694
0.324707
0.530002
0.498675
0.429953
0.491638
0.434943
0.239473
0.181357
0.416167
0.426367
0.530867
0.529859
0.496284
0.577851
0.529079
0.530716
0.583059
0.521408
0.531213
0.593892
0.531206
0.531213
0.599455
0.807215
0.531213
0.531213
0.599475
0.807294
0.531213
0.807302
0.531213
0.531213
0.599477
0.531213
0.531213
0.531213
0.599477
0.531213
0.531213
0.531213
0.599477
0.807302
0.807302
0.531213
0.531213
0.599477
0.807302
0.531213
0.531213
0.599477
0.531213
0.531213
0.807302
0.531213
0.531213
0.599477
0.531213
0.531213
0.599477
0.807302
0.531213
0.531213
0.599477
0.807302
0.531213
0.807302
0.531213
0.531213
0.599477
0.531213
0.531213
0.531213
0.599477
0.531213
0.531213
0.531213
0.599477
0.807302
0.807302
0.531213
0.531213
0.599477
0.807302
0.531213
0.531213
0.599477
0.531213
0.531213
0.807302
0.531213
0.531213
0.599477
0.531213
0.531213
0.599477
0.807302
0.531213
0.531213
0.599477
0.807302
0.531213
0.807302
0.531213
0.531213
0.599477
0.531213
0.531213
0.531213
0.599477
0.531213
0.531213
0.531213
0.599477
0.807302
0.807302
0.531213
0.531213
0.599477
0.807302
0.531213
0.531213
0.599477
0.531213
0.531213
0.807302
0.531213
0.531213
0.599477
0.531213
0.531213
0.599477
0.807302
0.531213
0.531213
0.599477
0.807302
0.531213
0.807302
0.531213
0.531213
0.599477
0.531213
0.531213
0.531213
0.599477
0.531213
0.531213
0.531213
0.599477
0.807302
0.807302
0.531213
0.531213
0.599477
0.807302
0.531213
0.531213
0.599475
0.531213
0.531213
0.807302
0.531213
0.531213
0.599455
0.531213
0.531213
0.593892
0.787501
0.531206
0.531144
0.577852
0.733666
0.529079
0.583061
0.180019
0.186115
0.314286
0.0960045
0.0707477
0.365338
0.390413
0.318071
0.125934
0.197876
0.484287
0.404083
0.62295
0.625075
0.529391
0.629092
0.53042
0.696512
0.734276
0.239472
0.416167
0.44088
0.399103
0.236848
0.426368
0.429952
0.181327
0.491622
0.521279
0.628594
0.65795
0.543162
0.5146
0.383217
0.322568
0.4162
0.149795
0.341931
0.522636
0.528391
0.530382
0.530761
0.530811
0.128482
0.317787
0.113953
0.08536
0.527655
0.527282
0.518731
0.524041
0.465954
0.509649
0.496965
0.531166
0.531213
0.531213
0.531213
0.531213
0.531213
0.531213
0.531213
0.531213
0.531213
0.531213
0.531213
0.531213
0.531213
0.531213
0.531213
0.531213
0.531213
0.531213
0.531213
0.531213
0.531213
0.531213
0.531213
0.531213
0.531213
0.531213
0.531213
0.531213
0.531213
0.531213
0.531213
0.531213
0.531213
0.531213
0.531213
0.531213
0.531213
0.531213
0.531213
0.531213
0.531213
0.531213
0.531213
0.531213
0.531213
0.531213
0.531213
0.531213
0.531213
0.531213
0.531213
0.531213
0.531213
0.531213
0.531213
0.531213
0.531146
0.531166
0.509649
0.496966
0.269527
0.0853602
0.113953
0.498674
0.128481
0.495297
0.53091
0.531212
0.0980108
0.0351372
0.443416
0.358851
0.922507
0.861141
0.821866
0.8205
0.774617
0.710968
0.639689
0.612245
0.620039
0.622427
0.531166
0.531056
0.631224
0.773888
0.54049
0.530082
0.713496
0.441043
0.225893
0.384835
0.531155
0.531213
0.512432
0.528069
0.527308
0.477057
0.520037
0.516009
0.451495
1.05948
0.91881
1.0541
0.768126
0.928112
0.09808
0.443428
0.103867
0.116354
0.373412
0.229034
1.05961
1.06192
1.06234
1.06235
1.06243
1.06243
1.06243
1.0541
1.06189
1.05948
0.918809
1.03887
1.06233
1.06233
1.03947
1.06234
1.06233
0.967512
1.06232
1.0616
1.06127
1.06243
1.06243
1.06243
1.05775
1.05775
1.01158
0.991903
1.06218
1.06144
1.06243
1.06241
1.05577
1.04002
1.06234
1.06235
1.06235
1.03931
1.06232
1.06233
0.950646
1.06224
1.03985
0.730461
0.912877
1.06242
1.06243
1.06242
1.06243
1.06243
1.06233
1.06243
1.06243
1.06243
1.06243
1.06243
1.06243
1.05775
1.05775
1.06241
1.06241
1.06243
1.06241
1.05655
1.06243
1.06241
1.03415
1.05667
1.06242
1.06243
1.06243
1.06243
1.06243
1.06242
1.06241
1.06242
1.04248
1.06234
1.04308
0.88371
0.9998
1.06243
1.06243
1.06243
1.06243
1.06243
1.06243
1.06243
1.06243
1.06243
1.06243
1.06243
1.06243
1.06243
1.05775
1.06243
1.06243
1.06243
1.06241
1.05667
1.06241
1.06243
1.06243
1.06243
1.06243
1.06243
1.06243
1.06242
1.06243
1.06242
1.04308
1.06234
1.04308
0.884233
1.00006
1.06243
1.06243
1.06243
1.06243
1.06243
1.06243
1.06243
1.06243
1.06243
1.06243
1.06243
1.06243
1.06243
1.06243
1.06243
1.06243
1.06243
1.06243
1.06241
1.05667
1.06241
1.03415
1.05667
1.06243
1.06243
1.06243
1.06243
1.06243
1.06243
1.06243
1.06242
1.06243
1.06242
1.04308
1.06234
1.04308
1.00006
1.06243
1.06243
1.06243
1.06243
1.06243
1.06243
1.06243
1.06243
1.06243
1.06243
1.06243
1.06243
1.06243
1.05775
1.05775
1.06243
1.06243
1.06243
1.06241
1.06243
1.06241
1.03415
1.06243
1.06243
1.06243
1.06243
1.06243
1.06242
1.06242
1.04308
1.06234
1.04308
0.884233
1.00006
1.06243
1.06243
1.06243
1.06243
1.06243
1.06243
1.06243
1.06243
1.06243
1.06243
1.06243
1.06243
1.05775
1.05775
1.06243
1.06243
1.06243
1.06241
1.05667
1.06243
1.06241
1.06243
1.06243
1.06243
1.06243
1.06243
1.06242
1.06242
1.04308
1.06234
1.04308
1.00006
1.06243
1.06243
1.06243
1.06243
1.06243
1.06243
1.06243
1.06243
1.06243
1.06243
1.06243
1.06243
1.06243
1.06243
1.06243
1.05775
1.06243
1.06243
1.06243
1.06241
1.06241
1.03415
1.06243
1.06243
1.06243
1.06243
1.06243
1.06242
1.06243
1.06242
1.04308
1.06234
1.04308
0.884233
1.00006
1.06243
1.06243
1.06243
1.06243
1.06243
1.06243
1.06243
1.06243
1.06243
1.06243
1.06243
1.06243
1.06243
1.06243
1.06243
1.06243
1.06243
1.06243
1.06241
1.06241
1.03415
1.05667
1.06243
1.06243
1.06243
1.06243
1.06243
1.06242
1.06242
1.04308
1.06234
1.04308
1.00006
1.06243
1.06243
1.06243
1.06243
1.06243
1.06243
1.06243
1.06243
1.06243
1.06243
1.06243
1.06243
1.06243
1.05775
1.05775
1.06243
1.06243
1.06243
1.06241
1.06243
1.06241
1.05667
1.06243
1.06243
1.06243
1.06243
1.06242
1.06243
1.06242
1.04308
1.06234
1.04308
0.884233
1.00006
1.06243
1.06243
1.06243
1.06243
1.06243
1.06243
1.06243
1.06243
1.06243
1.06243
1.06243
1.05775
1.05775
1.06243
1.06243
1.06243
1.06243
1.06241
1.05667
1.06243
1.06241
1.03415
1.05667
1.06243
1.06243
1.06243
1.06243
1.06243
1.06242
1.06242
1.04308
1.06234
1.04308
1.00006
1.06243
1.06243
1.06243
1.06243
1.06243
1.06243
1.06243
1.06243
1.06243
1.06243
1.06243
1.06243
1.06243
1.05775
1.06243
1.06243
1.06243
1.06241
1.05667
1.06241
1.06243
1.06243
1.06243
1.06243
1.06243
1.06243
1.06242
1.06243
1.06242
1.04308
1.06234
1.04308
0.884233
1.00006
1.06243
1.06243
1.06243
1.06243
1.06243
1.06243
1.06243
1.06243
1.06243
1.06243
1.06243
1.06243
1.06243
1.06243
1.06243
1.06243
1.06243
1.06243
1.06241
1.05667
1.06241
1.03415
1.05667
1.06243
1.06243
1.06243
1.06243
1.06243
1.06243
1.06243
1.06242
1.06243
1.06242
1.04308
1.06234
1.04308
1.00006
1.06243
1.06243
1.06243
1.06243
1.06243
1.06243
1.06243
1.06243
1.06243
1.06243
1.06243
1.06243
1.06243
1.05775
1.05775
1.06243
1.06243
1.06243
1.06241
1.06243
1.06241
1.03415
1.06243
1.06243
1.06243
1.06243
1.06243
1.06242
1.06242
1.04308
1.06234
1.04308
0.884233
1.00006
1.06243
1.06243
1.06243
1.06243
1.06243
1.06243
1.06243
1.06243
1.06243
1.06243
1.06243
1.06243
1.05775
1.05775
1.06243
1.06243
1.06243
1.06241
1.05667
1.06243
1.06241
1.06243
1.06243
1.06243
1.06243
1.06243
1.06242
1.06242
1.04308
1.06234
1.04308
1.00006
1.06243
1.06243
1.06243
1.06243
1.06243
1.06243
1.06243
1.06243
1.06243
1.06243
1.06243
1.06243
1.06243
1.06243
1.06243
1.05775
1.06243
1.06243
1.06243
1.06241
1.06241
1.03415
1.06243
1.06243
1.06243
1.06243
1.06243
1.06242
1.06243
1.06242
1.04308
1.06234
1.04308
0.884233
1.00006
1.06243
1.06243
1.06243
1.06243
1.06243
1.06243
1.06243
1.06243
1.06243
1.06243
1.06243
1.06243
1.06243
1.06243
1.06243
1.06243
1.06243
1.06243
1.06241
1.06241
1.03415
1.05667
1.06243
1.06243
1.06243
1.06243
1.06243
1.06242
1.06242
1.04308
1.06234
1.04308
1.00006
1.06243
1.06242
1.06242
1.06243
1.06242
1.06242
1.06243
1.06242
1.06233
1.06229
1.06243
1.06243
1.06243
1.05775
1.05775
1.06243
1.06243
1.06241
1.06241
1.06243
1.06241
1.05655
1.06243
1.06242
1.06242
1.06242
1.06242
1.06242
1.06241
1.04308
1.06233
1.04248
0.884162
1.00003
1.06233
1.03909
1.0624
1.04017
1.05057
1.06161
1.04828
0.932973
1.06243
1.06243
1.06243
1.05775
1.05775
1.06225
1.06218
1.01185
0.992107
1.06241
1.05577
1.06227
1.06144
0.883707
0.996648
1.06235
1.03378
1.04315
1.04236
1.04655
1.06234
1.04273
1.03988
1.04358
0.95669
0.970377
0.672749
0.269219
1.06243
1.06074
1.06243
1.06243
1.05775
0.805517
0.997986
0.877018
0.255628
0.62261
0.268254
0.671537
0.656376
0.699509
0.26503
0.762103
0.429027
0.649535
0.803336
0.852138
0.856461
0.848937
0.847548
0.851608
0.981201
0.849338
0.285403
0.8444
0.847183
0.858842
0.979151
0.760377
0.952317
0.251625
0.607234
0.870777
0.834627
0.884233
0.884233
0.884233
0.884233
0.884233
0.884233
0.884233
0.884233
0.884233
0.884233
0.884233
0.884232
0.881257
0.88371
0.875479
0.848987
0.848781
0.850138
0.854103
0.875871
0.857435
0.843392
0.844604
0.981274
0.848847
0.853183
0.982928
0.853563
0.0974767
0.43686
0.236847
0.882309
0.733666
0.787501
0.942013
0.803082
0.970264
0.964343
1.0341
0.806606
0.96443
1.03415
0.884162
1.00003
0.964438
0.807302
0.807302
0.807302
0.964438
1.03415
0.807302
0.884233
1.00006
0.964438
1.03415
0.964438
0.807302
0.884233
1.00006
0.964438
0.807302
0.807302
0.964438
1.03415
0.807302
1.00006
0.964438
1.03415
0.807302
0.964438
1.03415
0.884233
1.00006
0.964438
0.807302
0.807302
0.807302
0.964438
0.807302
0.884233
1.00006
0.964438
1.03415
0.964438
0.807302
0.884233
1.00006
0.964438
0.807302
0.807302
0.964438
0.807302
1.00006
0.964438
1.03415
0.807302
0.964438
0.884233
1.00006
0.964438
0.807302
0.807302
0.807302
0.964438
1.03415
0.807302
0.884233
1.00006
0.964438
1.03415
0.964438
0.807302
0.884233
1.00006
0.964438
0.807302
0.807302
0.964438
1.03415
0.807302
1.00006
0.964438
1.03415
0.807302
0.964438
1.03415
0.884233
1.00006
0.964438
0.807302
0.807302
0.807302
0.964438
0.807302
0.884233
1.00006
0.964438
1.03415
0.964438
0.807302
0.884233
1.00006
0.96443
0.807294
0.807215
0.964343
0.806606
0.9998
0.942013
1.02039
0.803082
0.88231
0.730673
0.913569
0.657246
0.759907
0.428968
0.650305
0.854894
0.858873
0.854495
0.863992
0.997928
0.882835
0.0974768
0.86302
0.797957
0.976387
0.477058
0.449066
0.416927
0.407008
0.469374
0.529217
0.530902
0.531179
0.531213
0.531213
0.531213
0.531213
0.531213
0.531213
0.531213
0.531213
0.531213
0.531213
0.531213
0.531213
0.531213
0.531213
0.531213
0.531213
0.531213
0.531213
0.531213
0.531213
0.531213
0.531213
0.531213
0.531213
0.531213
0.531213
0.531213
0.531213
0.531213
0.531213
0.531213
0.531213
0.531213
0.531213
0.531213
0.531213
0.531213
0.531213
0.531213
0.531213
0.531213
0.531213
0.531213
0.531213
0.531213
0.531213
0.531213
0.531213
0.531213
0.531213
0.531213
0.531213
0.531213
0.531213
0.531213
0.531213
0.531213
0.530902
0.469374
0.529217
0.522337
0.434944
0.416927
1.01189
0.989286
0.97101
0.970147
0.938482
0.905814
0.877225
0.857929
0.844543
0.929272
1.00547
0.901391
0.520039
0.473211
0.399114
0.371444
0.516015
0.451573
0.41226
0.47278
0.44088
0.503276
0.501999
0.522337
0.531211
0.531144
0.531213
0.531213
0.531213
0.531213
0.531213
0.531213
0.531213
0.531213
0.531213
0.531213
0.531213
0.531213
0.531213
0.531213
0.531213
0.531213
0.531213
0.531213
0.531213
0.531213
0.531213
0.531213
0.531213
0.531213
0.531213
0.531213
0.531213
0.531213
0.531213
0.531213
0.531213
0.531213
0.531213
0.531213
0.531213
0.531213
0.531213
0.531213
0.531213
0.531213
0.531213
0.531213
0.531213
0.531213
0.531213
0.531213
0.531213
0.531213
0.531213
0.531213
0.531213
0.531213
0.531213
0.531213
0.531213
0.531213
0.531213
0.531213
0.531213
0.531213
0.531213
0.531213
0.531213
0.531213
0.531213
0.531213
0.531213
0.531213
0.531213
0.531213
0.531213
0.531213
0.531213
0.531213
0.531213
0.531213
0.531213
0.531213
0.531213
0.531213
0.531213
0.531213
0.531213
0.531213
0.531213
0.531213
0.531213
0.531213
0.531211
0.531213
0.531179
0.503276
0.501999
0.530716
0.41226
0.47278
0.407008
0.449065
0.473208
0.371347
0.258913
0.101039
1.05837
1.06175
1.04742
1.05651
0.818729
0.987187
1.02057
1.02514
1.02439
1.05438
1.06081
0.757618
0.965295
0.964896
0.259152
0.373593
1.06239
1.0624
1.06235
1.0624
1.06235
1.0624
1.06243
1.06243
1.06243
1.06243
1.06183
1.06228
1.06228
1.02514
0.918487
1.02676
1.03665
1.06243
1.06243
1.06243
1.06183
1.06228
1.06228
1.05653
1.05172
1.03542
1.05744
1.06227
1.06242
1.06243
1.06243
1.06183
1.06228
1.06228
1.06228
1.06243
1.06168
1.06234
1.06243
1.06243
1.06243
1.06243
1.06183
1.06228
1.06228
1.06243
1.06243
1.0617
1.06234
1.06243
1.06243
1.06243
1.06243
1.06243
1.06243
1.06243
1.06183
1.06228
1.06228
1.06228
1.06228
1.06243
1.06243
1.0617
1.06234
1.06243
1.06243
1.06243
1.06243
1.06183
1.06228
1.06228
1.06243
1.0617
1.06234
1.06243
1.06243
1.06243
1.06243
1.06183
1.06228
1.06228
1.06228
1.06243
1.0617
1.06234
1.06243
1.06243
1.06243
1.06243
1.06243
1.06243
1.06243
1.06183
1.06228
1.06228
1.06228
1.06243
1.0617
1.06234
1.06243
1.06243
1.06243
1.06243
1.06243
1.06183
1.06228
1.06228
1.06243
1.0617
1.06234
1.06243
1.06243
1.06243
1.06243
1.06243
1.06243
1.06183
1.06228
1.06228
1.06243
1.06243
1.0617
1.06234
1.06243
1.06243
1.06243
1.06243
1.06243
1.06243
1.06243
1.06183
1.06228
1.06228
1.06228
1.06228
1.06243
1.0617
1.06234
1.06243
1.06243
1.06243
1.06243
1.06183
1.06228
1.06228
1.06243
1.06243
1.0617
1.06234
1.06243
1.06243
1.06243
1.06243
1.06243
1.06243
1.06243
1.06183
1.06228
1.06228
1.06228
1.06228
1.06243
1.06243
1.0617
1.06234
1.06243
1.06243
1.06243
1.06243
1.06183
1.06228
1.06228
1.06243
1.0617
1.06234
1.06243
1.06243
1.06243
1.06243
1.06183
1.06228
1.06228
1.06228
1.06243
1.0617
1.06234
1.06243
1.06243
1.06243
1.06243
1.06243
1.06243
1.06243
1.06183
1.06228
1.06228
1.06228
1.06243
1.0617
1.06234
1.06243
1.06243
1.06243
1.06243
1.06243
1.06183
1.06228
1.06228
1.06243
1.0617
1.06234
1.06243
1.06243
1.06243
1.06243
1.06243
1.06243
1.06183
1.06228
1.06228
1.06243
1.06243
1.0617
1.06234
1.06108
1.05503
1.06243
1.06243
1.06243
1.06243
1.06243
1.06183
1.06228
1.06228
1.06204
1.06226
1.06156
1.06151
1.06168
1.06243
1.06243
1.06243
1.06243
1.06183
1.06228
1.06228
1.06241
1.06243
1.06241
1.06238
1.06231
1.06243
1.06242
1.06242
1.06243
1.06243
1.06243
1.06243
1.06243
1.06243
1.06243
1.06243
1.06243
1.06243
1.06243
1.06243
1.06243
1.06243
1.06243
1.06243
1.06243
1.06243
1.06243
1.06243
1.06243
1.06243
1.06243
1.06243
1.06239
1.06239
1.06243
1.06242
1.06242
1.06243
1.06239
1.06239
1.06242
1.06243
1.06243
1.06242
1.06097
1.06183
1.06228
1.06228
1.06097
1.02439
1.05438
0.964895
0.965294
1.03419
1.04742
1.05651
1.06127
0.987186
1.02056
1.05744
1.05743
1.06163
1.06163
1.05748
1.05762
1.06163
1.06166
1.05793
1.05748
1.05741
1.06171
1.06162
1.06163
1.03973
1.0575
1.05757
1.06166
1.06234
1.06165
1.06164
1.06234
1.06165
1.00895
1.0486
1.06154
1.06226
1.06107
1.0571
1.06204
1.05975
0.908217
1.055
1.06108
1.06078
1.06071
1.05226
1.06243
1.06243
1.06243
1.06242
1.06243
1.06243
1.06243
1.06243
1.06243
1.06243
1.06243
1.06243
1.06243
1.06243
1.06243
1.06243
1.06243
1.06243
1.06243
1.06243
1.06243
1.06243
1.06243
1.06243
1.06243
1.06243
1.06243
1.06243
1.06243
1.06243
1.06243
1.06243
1.06243
1.06242
1.06239
1.06242
1.06239
1.06243
1.06243
1.06243
1.06239
1.06239
1.06243
1.06242
1.06242
1.06097
1.05775
1.06183
1.06228
1.06228
1.05775
1.06097
0.974444
1.04349
1.04777
1.06208
1.0602
1.06079
1.05683
1.0622
1.03691
1.05703
1.04539
1.06204
1.06226
1.06239
1.02039
1.05178
1.06072
1.06154
1.0592
1.05906
1.05809
1.05774
1.06155
1.06201
1.06196
1.06176
1.06169
1.03841
1.0572
1.06171
1.06233
1.06163
1.05747
1.06157
1.06163
1.01489
1.00364
1.06153
1.06148
1.03012
1.05713
1.06243
1.06243
1.06243
1.06243
1.06243
1.06243
1.06243
1.06243
1.06243
1.06243
1.06243
1.06243
1.06243
1.06243
1.06242
1.06243
1.06243
1.06243
1.06243
1.06243
1.06243
1.06243
1.06243
1.06239
1.06242
1.06242
1.06243
1.06243
1.06243
1.06243
1.06243
1.06243
1.06222
1.06243
1.06243
1.06243
1.06243
1.06242
1.06243
1.06243
1.06243
1.06243
1.06243
1.06243
1.06243
1.06243
1.06243
1.06243
1.06243
1.06243
1.06243
1.06243
1.06243
1.06243
1.06243
1.06243
1.06243
1.06243
1.06243
1.06243
1.06243
1.06243
1.06243
1.06243
1.06243
1.06243
1.06243
1.06243
1.06243
1.06243
1.06243
1.06243
1.06243
1.06239
1.06242
1.06239
1.06243
1.06243
1.06242
1.06243
1.06242
1.06239
1.06239
1.06243
1.06242
1.06097
1.05775
1.06183
1.06228
1.06228
1.06097
1.06242
1.0624
1.06242
1.06243
1.06243
1.06243
1.06243
1.06228
1.06241
1.05666
1.06167
1.06166
1.06228
1.06228
1.06241
1.05667
1.06167
1.06167
1.06243
1.06243
1.06243
1.06243
1.06243
1.06243
1.06243
1.06243
1.06243
1.06242
1.06243
1.06243
1.06243
1.06243
1.06242
1.06243
1.06242
1.043
1.05791
1.06234
1.0617
1.04307
1.05805
1.06243
1.06243
1.06243
1.06243
1.06243
1.06243
1.06243
1.06243
1.06243
1.06243
1.06243
1.06243
1.06243
1.06243
1.06243
1.06243
1.06243
1.06243
1.06243
1.06243
1.06243
1.06243
1.06243
1.06243
1.06243
1.06243
1.06243
1.06243
1.06243
1.06243
1.06243
1.06243
1.06243
1.06243
1.06243
1.06243
1.06243
1.06243
1.06243
1.06243
1.06243
1.06243
1.06243
1.06243
1.06243
1.06243
1.06243
1.06243
1.06243
1.06243
1.06243
1.06243
1.06243
1.06243
1.06243
1.06243
1.06243
1.06243
1.06243
1.06243
1.06243
1.06243
1.06243
1.06243
1.06243
1.06243
1.06243
1.06243
1.06243
1.06243
1.06239
1.06242
1.06239
1.06243
1.06242
1.06243
1.06242
1.06239
1.06239
1.06242
1.06243
1.06243
1.06097
1.06183
1.06228
1.06228
1.05775
1.06097
1.06243
1.06243
1.06243
1.06243
1.06243
1.06243
1.06228
1.06241
1.05667
1.06167
1.06167
1.06228
1.06228
1.06241
1.05667
1.06167
1.06167
1.06243
1.06243
1.06243
1.06243
1.06243
1.06243
1.06243
1.06243
1.06243
1.06243
1.06243
1.06243
1.06243
1.06243
1.06243
1.06242
1.06242
1.04308
1.05805
1.06234
1.0617
1.04308
1.05805
1.06235
1.0624
1.06235
1.0624
1.06243
1.06243
1.06243
1.06243
1.06243
1.06243
1.06243
1.06243
1.06243
1.06243
1.06243
1.06243
1.06243
1.06243
1.06243
1.06243
1.06243
1.06243
1.06243
1.06243
1.06243
1.06243
1.06243
1.06243
1.06243
1.06243
1.06243
1.06243
1.06243
1.06243
1.06243
1.06243
1.06243
1.06243
1.06243
1.06243
1.06243
1.06243
1.06243
1.06243
1.06243
1.06243
1.06243
1.06243
1.06243
1.06243
1.06243
1.06243
1.06243
1.06243
1.06243
1.06243
1.06243
1.06243
1.06243
1.06243
1.06243
1.06243
1.06243
1.06243
1.06243
1.06243
1.06243
1.06243
1.06243
1.06243
1.06243
1.06243
1.06242
1.06239
1.06239
1.06243
1.06243
1.06242
1.06243
1.06239
1.06239
1.06243
1.06242
1.06242
1.06097
1.06183
1.06228
1.06228
1.05775
1.06097
1.06243
1.06243
1.06243
1.06243
1.06243
1.06243
1.06241
1.05667
1.06167
1.06167
1.06228
1.06228
1.06241
1.05667
1.03415
1.06167
1.06167
1.06243
1.06243
1.06243
1.06243
1.06243
1.06243
1.06243
1.06243
1.06243
1.06243
1.06243
1.06243
1.06243
1.06242
1.06243
1.06242
1.04308
1.05805
1.06234
1.0617
1.04308
1.05805
1.06235
1.0624
1.06235
1.0624
1.06243
1.06243
1.06243
1.06243
1.06243
1.06243
1.06243
1.06243
1.06243
1.06243
1.06243
1.06243
1.06243
1.06243
1.06243
1.06243
1.06243
1.06243
1.06243
1.06243
1.06243
1.06243
1.06243
1.06243
1.06243
1.06243
1.06243
1.06243
1.06243
1.06243
1.06243
1.06243
1.06243
1.06243
1.06243
1.06243
1.06243
1.06243
1.06243
1.06243
1.06243
1.06243
1.06243
1.06243
1.06243
1.06243
1.06243
1.06243
1.06243
1.06243
1.06243
1.06243
1.06243
1.06243
1.06243
1.06243
1.06243
1.06243
1.06243
1.06243
1.06243
1.06243
1.06243
1.06243
1.06243
1.06243
1.06243
1.06243
1.06243
1.06243
1.06243
1.06239
1.06239
1.06243
1.06243
1.06242
1.06242
1.06239
1.06239
1.06242
1.06243
1.06243
1.06242
1.06097
1.06183
1.06228
1.06228
1.06097
1.06243
1.06243
1.06243
1.06243
1.06243
1.06243
1.06243
1.06228
1.06241
1.05667
1.06167
1.06167
1.06228
1.06241
1.06243
1.06228
1.05667
1.06167
1.06167
1.06243
1.06243
1.06243
1.06243
1.06243
1.06243
1.06243
1.06243
1.06243
1.06243
1.06243
1.06243
1.06243
1.06243
1.06243
1.06242
1.06242
1.04308
1.05805
1.06234
1.0617
1.04308
1.05805
1.06235
1.0624
1.06235
1.0624
1.06243
1.06243
1.06243
1.06243
1.06243
1.06243
1.06243
1.06243
1.06243
1.06243
1.06243
1.06243
1.06243
1.06243
1.06243
1.06243
1.06243
1.06243
1.06243
1.06243
1.06243
1.06243
1.06243
1.06243
1.06243
1.06243
1.06243
1.06243
1.06243
1.06243
1.06243
1.06243
1.06243
1.06243
1.06243
1.06243
1.06243
1.06243
1.06243
1.06243
1.06243
1.06243
1.06243
1.06243
1.06243
1.06243
1.06243
1.06243
1.06243
1.06243
1.06243
1.06243
1.06243
1.06243
1.06243
1.06243
1.06243
1.06243
1.06243
1.06243
1.06243
1.06243
1.06243
1.06243
1.06243
1.06243
1.06243
1.06243
1.06243
1.06243
1.06243
1.06243
1.06239
1.06242
1.06239
1.06243
1.06243
1.06242
1.06243
1.06242
1.06239
1.06239
1.06243
1.06242
1.06097
1.05775
1.06183
1.06228
1.06228
1.06097
1.06243
1.06243
1.06243
1.06243
1.06243
1.06243
1.06228
1.06241
1.05667
1.06167
1.06167
1.06228
1.06241
1.05667
1.06167
1.06167
1.06243
1.06243
1.06243
1.06243
1.06243
1.06243
1.06243
1.06243
1.06243
1.06243
1.06243
1.06243
1.06243
1.06243
1.06242
1.06243
1.06242
1.04308
1.05805
1.06234
1.0617
1.04308
1.05805
1.06235
1.0624
1.06235
1.0624
1.06243
1.06243
1.06243
1.06243
1.06243
1.06243
1.06243
1.06243
1.06243
1.06243
1.06243
1.06243
1.06243
1.06243
1.06243
1.06243
1.06243
1.06243
1.06243
1.06243
1.06243
1.06243
1.06243
1.06243
1.06243
1.06243
1.06243
1.06243
1.06243
1.06243
1.06243
1.06243
1.06243
1.06243
1.06243
1.06243
1.06243
1.06243
1.06243
1.06243
1.06243
1.06243
1.06243
1.06243
1.06243
1.06243
1.06243
1.06243
1.06243
1.06243
1.06243
1.06243
1.06243
1.06243
1.06243
1.06243
1.06243
1.06243
1.06243
1.06243
1.06243
1.06243
1.06243
1.06243
1.06243
1.06243
1.06243
1.06243
1.06243
1.06243
1.06243
1.06243
1.06239
1.06239
1.06243
1.06242
1.06242
1.06243
1.06239
1.06239
1.06243
1.06243
1.06242
1.06242
1.06097
1.06183
1.06228
1.06228
1.05775
1.06097
1.06243
1.06243
1.06243
1.06243
1.06243
1.06243
1.06228
1.06241
1.05667
1.06167
1.06167
1.06241
1.06228
1.05667
1.03415
1.06167
1.06167
1.06243
1.06243
1.06243
1.06243
1.06243
1.06243
1.06243
1.06243
1.06243
1.06243
1.06243
1.06243
1.06243
1.06243
1.06243
1.06242
1.06242
1.04308
1.05805
1.06234
1.0617
1.04308
1.05805
1.06235
1.0624
1.06235
1.0624
1.06243
1.06243
1.06243
1.06243
1.06243
1.06243
1.06243
1.06243
1.06243
1.06243
1.06243
1.06243
1.06243
1.06243
1.06243
1.06243
1.06243
1.06243
1.06243
1.06243
1.06243
1.06243
1.06243
1.06243
1.06243
1.06243
1.06243
1.06243
1.06243
1.06243
1.06243
1.06243
1.06243
1.06243
1.06243
1.06243
1.06243
1.06243
1.06243
1.06243
1.06243
1.06243
1.06243
1.06243
1.06243
1.06243
1.06243
1.06243
1.06243
1.06243
1.06243
1.06243
1.06243
1.06243
1.06243
1.06243
1.06243
1.06243
1.06243
1.06243
1.06243
1.06243
1.06243
1.06243
1.06243
1.06243
1.06243
1.06243
1.06243
1.06243
1.06243
1.06239
1.06239
1.06243
1.06243
1.06242
1.06242
1.06239
1.06239
1.06242
1.06243
1.06243
1.06242
1.06097
1.05775
1.06183
1.06228
1.06228
1.06097
1.06243
1.06243
1.06243
1.06243
1.06243
1.06243
1.06228
1.06241
1.05667
1.06167
1.06167
1.06228
1.06241
1.05667
1.03415
1.06167
1.06167
1.06243
1.06243
1.06243
1.06243
1.06243
1.06243
1.06243
1.06243
1.06243
1.06243
1.06243
1.06243
1.06243
1.06243
1.06243
1.06242
1.06242
1.04308
1.05805
1.06234
1.0617
1.04308
1.05805
1.06235
1.0624
1.06235
1.0624
1.06243
1.06243
1.06243
1.06243
1.06243
1.06243
1.06243
1.06243
1.06243
1.06243
1.06243
1.06243
1.06243
1.06243
1.06243
1.06243
1.06243
1.06243
1.06243
1.06243
1.06243
1.06243
1.06243
1.06243
1.06243
1.06243
1.06243
1.06243
1.06243
1.06243
1.06243
1.06243
1.06243
1.06243
1.06243
1.06243
1.06243
1.06243
1.06243
1.06243
1.06243
1.06243
1.06243
1.06243
1.06243
1.06243
1.06243
1.06243
1.06243
1.06243
1.06243
1.06243
1.06243
1.06243
1.06243
1.06243
1.06243
1.06243
1.06243
1.06243
1.06243
1.06243
1.06243
1.06243
1.06243
1.06243
1.06243
1.06243
1.06243
1.06243
1.06242
1.06239
1.06242
1.06239
1.06243
1.06243
1.06243
1.06239
1.06239
1.06243
1.06242
1.06242
1.06097
1.05775
1.06183
1.06228
1.06228
1.05775
1.06097
1.06243
1.06243
1.06243
1.06243
1.06243
1.06243
1.06228
1.06241
1.05667
1.06167
1.06167
1.06228
1.06228
1.06241
1.03415
1.05667
1.06167
1.06167
1.06243
1.06243
1.06243
1.06243
1.06243
1.06243
1.06243
1.06243
1.06243
1.06243
1.06243
1.06243
1.06243
1.06243
1.06242
1.06243
1.06242
1.04308
1.05805
1.06234
1.0617
1.04308
1.05805
1.06235
1.0624
1.06235
1.0624
1.06243
1.06243
1.06243
1.06243
1.06243
1.06243
1.06243
1.06243
1.06243
1.06243
1.06243
1.06243
1.06243
1.06243
1.06243
1.06243
1.06243
1.06243
1.06243
1.06243
1.06243
1.06243
1.06243
1.06243
1.06243
1.06243
1.06243
1.06243
1.06243
1.06243
1.06243
1.06243
1.06243
1.06243
1.06243
1.06243
1.06243
1.06243
1.06243
1.06243
1.06243
1.06243
1.06243
1.06243
1.06243
1.06243
1.06243
1.06243
1.06243
1.06243
1.06243
1.06243
1.06243
1.06243
1.06243
1.06243
1.06243
1.06243
1.06243
1.06243
1.06243
1.06243
1.06243
1.06243
1.06243
1.06243
1.06243
1.06243
1.06243
1.06243
1.06243
1.06239
1.06239
1.06243
1.06242
1.06242
1.06243
1.06239
1.06239
1.06242
1.06243
1.06243
1.06242
1.06097
1.05775
1.06183
1.06228
1.06228
1.05775
1.06097
1.06243
1.06243
1.06243
1.06243
1.06243
1.06243
1.06241
1.05667
1.06167
1.06167
1.06241
1.06243
1.06228
1.05667
1.03415
1.06167
1.06167
1.06243
1.06243
1.06243
1.06243
1.06243
1.06243
1.06243
1.06243
1.06243
1.06243
1.06243
1.06243
1.06243
1.06243
1.06243
1.06243
1.06242
1.06242
1.04308
1.05805
1.06234
1.0617
1.04308
1.05805
1.06235
1.0624
1.06235
1.0624
1.06243
1.06243
1.06243
1.06243
1.06243
1.06243
1.06243
1.06243
1.06243
1.06243
1.06243
1.06243
1.06243
1.06243
1.06243
1.06243
1.06243
1.06243
1.06243
1.06243
1.06243
1.06243
1.06243
1.06243
1.06243
1.06243
1.06243
1.06243
1.06243
1.06243
1.06243
1.06243
1.06243
1.06243
1.06243
1.06243
1.06243
1.06243
1.06243
1.06243
1.06243
1.06243
1.06243
1.06243
1.06243
1.06243
1.06243
1.06243
1.06243
1.06243
1.06243
1.06243
1.06243
1.06243
1.06243
1.06243
1.06243
1.06243
1.06243
1.06243
1.06243
1.06243
1.06243
1.06243
1.06243
1.06243
1.06243
1.06243
1.06243
1.06243
1.06239
1.06242
1.06239
1.06243
1.06242
1.06243
1.06242
1.06239
1.06239
1.06242
1.06243
1.06243
1.06097
1.06183
1.06228
1.06228
1.05775
1.06097
1.06243
1.06243
1.06243
1.06243
1.06243
1.06243
1.06228
1.06241
1.05667
1.06167
1.06167
1.06228
1.06228
1.06241
1.05667
1.06167
1.06167
1.06243
1.06243
1.06243
1.06243
1.06243
1.06243
1.06243
1.06243
1.06243
1.06243
1.06243
1.06243
1.06243
1.06243
1.06243
1.06242
1.06242
1.04308
1.05805
1.06234
1.0617
1.04308
1.05805
1.06235
1.0624
1.06235
1.0624
1.06243
1.06243
1.06243
1.06243
1.06243
1.06243
1.06243
1.06243
1.06243
1.06243
1.06243
1.06243
1.06243
1.06243
1.06243
1.06243
1.06243
1.06243
1.06243
1.06243
1.06243
1.06243
1.06243
1.06243
1.06243
1.06243
1.06243
1.06243
1.06243
1.06243
1.06243
1.06243
1.06243
1.06243
1.06243
1.06243
1.06243
1.06243
1.06243
1.06243
1.06243
1.06243
1.06243
1.06243
1.06243
1.06243
1.06243
1.06243
1.06243
1.06243
1.06243
1.06243
1.06243
1.06243
1.06243
1.06243
1.06243
1.06243
1.06243
1.06243
1.06243
1.06243
1.06243
1.06243
1.06243
1.06243
1.06243
1.06243
1.06242
1.06239
1.06239
1.06243
1.06243
1.06242
1.06243
1.06239
1.06239
1.06243
1.06242
1.06242
1.06097
1.06183
1.06228
1.06228
1.05775
1.06097
1.06243
1.06243
1.06243
1.06243
1.06243
1.06243
1.06241
1.05667
1.06167
1.06167
1.06228
1.06228
1.06241
1.05667
1.03415
1.06167
1.06167
1.06243
1.06243
1.06243
1.06243
1.06243
1.06243
1.06243
1.06243
1.06243
1.06243
1.06243
1.06243
1.06243
1.06242
1.06243
1.06242
1.04308
1.05805
1.06234
1.0617
1.04308
1.05805
1.06235
1.0624
1.06235
1.0624
1.06243
1.06243
1.06243
1.06243
1.06243
1.06243
1.06243
1.06243
1.06243
1.06243
1.06243
1.06243
1.06243
1.06243
1.06243
1.06243
1.06243
1.06243
1.06243
1.06243
1.06243
1.06243
1.06243
1.06243
1.06243
1.06243
1.06243
1.06243
1.06243
1.06243
1.06243
1.06243
1.06243
1.06243
1.06243
1.06243
1.06243
1.06243
1.06243
1.06243
1.06243
1.06243
1.06243
1.06243
1.06243
1.06243
1.06243
1.06243
1.06243
1.06243
1.06243
1.06243
1.06243
1.06243
1.06243
1.06243
1.06243
1.06243
1.06243
1.06243
1.06243
1.06243
1.06243
1.06243
1.06243
1.06243
1.06243
1.06243
1.06243
1.06243
1.06243
1.06239
1.06239
1.06243
1.06243
1.06242
1.06242
1.06239
1.06239
1.06242
1.06243
1.06243
1.06242
1.06097
1.06183
1.06228
1.06228
1.06097
1.06243
1.06243
1.06243
1.06243
1.06243
1.06243
1.06243
1.06228
1.06241
1.05667
1.06167
1.06167
1.06228
1.06241
1.06243
1.06228
1.05667
1.06167
1.06167
1.06243
1.06243
1.06243
1.06243
1.06243
1.06243
1.06243
1.06243
1.06243
1.06243
1.06243
1.06243
1.06243
1.06243
1.06243
1.06242
1.06242
1.04308
1.05805
1.06234
1.0617
1.04308
1.05805
1.06235
1.0624
1.06235
1.0624
1.06243
1.06243
1.06243
1.06243
1.06243
1.06243
1.06243
1.06243
1.06243
1.06243
1.06243
1.06243
1.06243
1.06243
1.06243
1.06243
1.06243
1.06243
1.06243
1.06243
1.06243
1.06243
1.06243
1.06243
1.06243
1.06243
1.06243
1.06243
1.06243
1.06243
1.06243
1.06243
1.06243
1.06243
1.06243
1.06243
1.06243
1.06243
1.06243
1.06243
1.06243
1.06243
1.06243
1.06243
1.06243
1.06243
1.06243
1.06243
1.06243
1.06243
1.06243
1.06243
1.06243
1.06243
1.06243
1.06243
1.06243
1.06243
1.06243
1.06243
1.06243
1.06243
1.06243
1.06243
1.06243
1.06243
1.06243
1.06243
1.06243
1.06243
1.06243
1.06243
1.06239
1.06242
1.06239
1.06243
1.06243
1.06242
1.06243
1.06242
1.06239
1.06239
1.06243
1.06242
1.06097
1.05775
1.06183
1.06228
1.06228
1.06097
1.06243
1.06243
1.06243
1.06243
1.06243
1.06243
1.06228
1.06241
1.05667
1.06167
1.06167
1.06228
1.06241
1.05667
1.06167
1.06167
1.06243
1.06243
1.06243
1.06243
1.06243
1.06243
1.06243
1.06243
1.06243
1.06243
1.06243
1.06243
1.06243
1.06243
1.06242
1.06243
1.06242
1.04308
1.05805
1.06234
1.0617
1.04308
1.05805
1.06235
1.0624
1.06235
1.0624
1.06243
1.06243
1.06243
1.06243
1.06243
1.06243
1.06243
1.06243
1.06243
1.06243
1.06243
1.06243
1.06243
1.06243
1.06243
1.06243
1.06243
1.06243
1.06243
1.06243
1.06243
1.06243
1.06243
1.06243
1.06243
1.06243
1.06243
1.06243
1.06243
1.06243
1.06243
1.06243
1.06243
1.06243
1.06243
1.06243
1.06243
1.06243
1.06243
1.06243
1.06243
1.06243
1.06243
1.06243
1.06243
1.06243
1.06243
1.06243
1.06243
1.06243
1.06243
1.06243
1.06243
1.06243
1.06243
1.06243
1.06243
1.06243
1.06243
1.06243
1.06243
1.06243
1.06243
1.06243
1.06243
1.06243
1.06243
1.06243
1.06243
1.06243
1.06243
1.06243
1.06239
1.06239
1.06243
1.06242
1.06242
1.06243
1.06239
1.06239
1.06243
1.06243
1.06242
1.06242
1.06097
1.06183
1.06228
1.06228
1.05775
1.06097
1.06243
1.06243
1.06243
1.06243
1.06243
1.06243
1.06228
1.06241
1.05667
1.06167
1.06167
1.06241
1.06228
1.05667
1.03415
1.06167
1.06167
1.06243
1.06243
1.06243
1.06243
1.06243
1.06243
1.06243
1.06243
1.06243
1.06243
1.06243
1.06243
1.06243
1.06243
1.06243
1.06242
1.06242
1.04308
1.05805
1.06234
1.0617
1.04308
1.05805
1.06235
1.0624
1.06235
1.0624
1.06243
1.06243
1.06243
1.06243
1.06243
1.06243
1.06243
1.06243
1.06243
1.06243
1.06243
1.06243
1.06243
1.06243
1.06243
1.06243
1.06243
1.06243
1.06243
1.06243
1.06243
1.06243
1.06243
1.06243
1.06243
1.06243
1.06243
1.06243
1.06243
1.06243
1.06243
1.06243
1.06243
1.06243
1.06243
1.06243
1.06243
1.06243
1.06243
1.06243
1.06243
1.06243
1.06243
1.06243
1.06243
1.06243
1.06243
1.06243
1.06243
1.06243
1.06243
1.06243
1.06243
1.06243
1.06243
1.06243
1.06243
1.06243
1.06243
1.06243
1.06243
1.06243
1.06243
1.06243
1.06243
1.06243
1.06243
1.06243
1.06243
1.06243
1.06243
1.06239
1.06239
1.06243
1.06243
1.06242
1.06242
1.06239
1.06239
1.06242
1.06243
1.06243
1.06242
1.06097
1.05775
1.06183
1.06228
1.06228
1.06097
1.06243
1.06243
1.06243
1.06243
1.06243
1.06243
1.06228
1.06241
1.05667
1.06167
1.06167
1.06228
1.06241
1.05667
1.03415
1.06167
1.06167
1.06243
1.06243
1.06243
1.06243
1.06243
1.06243
1.06243
1.06243
1.06243
1.06243
1.06243
1.06243
1.06243
1.06243
1.06243
1.06242
1.06242
1.04308
1.05805
1.06234
1.0617
1.04308
1.05805
1.06235
1.0624
1.06235
1.0624
1.06243
1.06243
1.06243
1.06243
1.06243
1.06243
1.06243
1.06243
1.06243
1.06243
1.06243
1.06243
1.06243
1.06243
1.06243
1.06243
1.06243
1.06243
1.06242
1.06243
1.06243
1.06242
1.06243
1.06243
1.06243
1.06243
1.06242
1.06243
1.06242
1.06239
1.06242
1.06243
1.06242
1.06227
1.06222
1.06221
1.06241
1.06243
1.06243
1.06243
1.06243
1.06243
1.06243
1.06243
1.06243
1.06243
1.06243
1.06243
1.06243
1.06243
1.06243
1.06243
1.06243
1.06243
1.06243
1.06243
1.06243
1.06243
1.06243
1.06243
1.06243
1.06243
1.06243
1.06243
1.06243
1.06243
1.06243
1.06243
1.06243
1.06243
1.06242
1.06239
1.06242
1.06239
1.06243
1.06243
1.06243
1.06239
1.06239
1.06243
1.06242
1.06242
1.06097
1.05775
1.06183
1.06228
1.06228
1.05775
1.06097
1.06243
1.06243
1.06243
1.0624
1.06242
1.06243
1.06228
1.06241
1.05667
1.06167
1.06167
1.06228
1.06228
1.06241
1.0341
1.05666
1.06167
1.06166
1.06243
1.06243
1.06243
1.06243
1.06243
1.06243
1.06243
1.06243
1.06243
1.06243
1.06243
1.06243
1.06242
1.06243
1.06242
1.06243
1.06242
1.04307
1.05805
1.06234
1.06168
1.043
1.05791
1.06229
1.06231
1.0619
1.0617
1.06232
1.06232
1.06152
1.06151
1.06217
1.06199
1.06057
1.05956
1.06171
1.06162
1.06163
1.05798
1.05749
1.05745
1.06237
1.06212
1.06196
1.0427
1.05774
1.0583
1.04721
1.06018
1.05936
1.06206
1.05716
1.0599
1.03662
1.05958
1.0564
1.01261
1.03699
1.04946
1.06079
1.06072
1.05228
0.918991
1.02692
0.908601
1.01692
0.939085
1.06243
1.06243
1.06243
1.06241
1.06242
1.06243
1.06243
1.06243
1.06243
1.06243
1.06243
1.06243
1.06243
1.06243
1.06243
1.06243
1.06243
1.06243
1.06243
1.06243
1.06243
1.06243
1.06243
1.06243
1.06243
1.06243
1.06243
1.06243
1.06243
1.06243
1.06239
1.06239
1.06243
1.06242
1.06242
1.06243
1.06239
1.06239
1.06242
1.06243
1.06243
1.06242
1.06097
1.05775
1.06183
1.06228
1.06228
1.05775
1.06097
1.06209
1.06022
1.0608
0.974306
1.04784
1.05179
1.06239
1.05178
1.06072
1.06154
1.05683
1.0622
1.0624
1.03691
0.982356
1.04539
1.05703
1.06202
1.06197
1.0618
1.06181
1.05659
1.05925
1.05913
1.05834
1.05846
1.06236
1.04781
1.0593
1.05957
1.04492
1.05883
1.06187
1.06176
1.05829
1.03038
1.05718
1.04176
1.05831
1.0051
1.02287
1.06242
1.06243
1.06242
1.06225
1.06226
1.06243
1.06241
1.06241
1.06243
1.06243
1.06243
1.06243
1.06243
1.06243
1.06243
1.06243
1.06243
1.06243
1.06243
1.06243
1.06243
1.06243
1.06243
1.06243
1.06243
1.06243
1.06243
1.06243
1.06243
1.06243
1.06239
1.06239
1.06243
1.06243
1.06242
1.06242
1.06239
1.06239
1.06242
1.06243
1.06243
1.06242
1.06097
1.06183
1.06228
1.06228
1.05775
1.06097
0.49803
0.395677
0.292689
0.124674
0.500655
0.530053
0.53024
0.530928
0.531082
0.530917
0.531077
0.50022
0.530894
0.531212
0.514466
0.0960864
0.113504
0.210888
0.262625
0.530137
0.522142
0.530778
0.530763
0.527954
0.529385
0.53091
0.530331
0.531153
0.531213
0.530716
0.103806
)
;
    }
}


// ************************************************************************* //
