20.285947501282432626
45.60854267072551238
27.762591193649342358
51.565642989445336752
33.723525007344974824
57.522018667338862485
39.679175006087476163
63.47736924579651685
13.488820021991749343
13.36983013609381743
69.431469680665770738
20.285817500686295745
75.384270436551020111
27.762137444729905411
81.335770913338848231
33.722700001678951764
87.286096588056480527
20.214931853973848064
39.678050002239160676
93.235422159998549319
27.72622443921124713
13.488815021991893417
99.183872788696547218
33.691668107721639558
20.28575000041594123
105.13172341770270179
39.650792460413534002
27.761869945007564553
111.07919903733986189
13.485295806932782625
33.722225000489700619
117.02642468535648845
20.296389944409931161
39.677425000629781948
45.651100006158017663
27.777823712955587609
13.488815021991893417
51.605025003289355823
33.739775017693446557
20.285720000249568784
57.558175003429781214
39.696350010634958494
27.761768695422134101
63.510299999999993759
13.489255039439667527
33.722025000069962175
69.461125003571339676
20.291895120522109863
39.677125000209933603
75.410599992995798857
27.77290238653454324
13.488815021991893417
81.358724996707266541
33.73707497251893983
20.285717500201041474
87.30562499096083684
39.69419996529876471
27.761766195030986637
93.251474992220821036
13.488942525466757871
33.722025000069962175
99.196424993481414845
20.288175028813618894
39.677125000209926498
105.14072499193871124
27.767823727116066834
13.488815021991893417
111.08459999607427449
33.73142504650258644
12.046480000304367053
117.02822499824739566
39.688525007205917916
13.488820021991749343
45.649324959765337439
13.488865022991614495
17.271303113962165554
51.60362494954328838
20.286787507769453498
12.046480000304367053
57.5571999507267833
27.765009961811188077
12.046480000304367053
63.50974995967673209
33.727500034689001041
13.488815021991893417
39.684125015321839669
69.460949975632303222
17.27126686483441631
13.488837522489090404
17.271280613770883861
20.286212502682552383
75.410724977937647395
12.046480000304367053
27.763441199402290493
81.359049990472342984
12.046480000304367053
33.725000015947621534
87.306049992712672747
13.488815021991893417
93.251924996005271851
39.681100013433635354
17.271244364791957793
99.196874997266405671
13.488825022431583989
17.271253113789700961
105.14109999887840274
13.486092113797337078
12.046480000304367053
111.0848249996494701
20.290147847370441525
12.046480000304367053
117.02829999971956454
27.738521885105281939
13.488815021991893417
45.643899985726278601
33.694741793064878266
17.271240615718468803
51.598699960534716524
39.653716358534950359
17.271240615718468803
57.552949965568785728
12.025358439406470978
12.046480000304367053
63.506224966191531678
11.916950915568234493
12.046480000304367053
69.458099976474940718
13.471364148772034142
13.488815021991893417
75.408499981511681654
17.248038271367352792
17.271240615718468803
81.357374988441591768
17.188122001336605393
17.271240615718468803
87.304799993273690006
11.941668848920024004
12.046480000304367053
93.251024996425954328
12.040807105294835111
12.046490000596550729
99.19624999831786738
11.942863552556685747
12.046487500514375668
105.1406999988784321
13.393673288377668129
12.046487500514375668
111.08459999943917751
17.215222901747971207
12.046487500514375668
117.02822499992987559
17.271224994362878391
12.046487500514375668
45.63947499475243319
11.990192091645583972
12.046487500514375668
51.594549989924438194
12.04660500000000134
12.046487500514375668
57.54924998152626614
12.040774595174497108
12.046487500514375668
63.503074980052907961
11.991105518244360439
12.046487500514375668
69.455549980677801614
13.489455008924176482
20.285869999783717077
75.406499989916298432
17.276441872077672457
23.284152603675480009
81.355849992154873007
17.276656971156747034
23.284302634252146191
87.303674995586106888
12.045557474461702441
13.488842524869673056
93.250224996846597492
12.046512500246526756
15.003056263312377183
99.195699998598257707
12.046567500879508117
15.003018732708611083
105.14032499950936028
12.046534997310237358
20.28577749996256685
111.08439999943919929
13.488980019636171548
23.283985105109021418
117.02817499992990236
17.273009336312188822
23.284062620420286294
45.636299999999998533
17.274241829503640844
13.488840025400302025
51.59149999300331757
12.046490000304363122
15.003048762784937153
57.546449993562504233
12.046505000438273214
15.003008732708611461
63.500624991391823926
12.046532500879553851
20.285730000077641932
69.453549990479700682
12.046550000304335981
23.283900106570648347
75.404924994328254684
13.488875021012145083
23.283937614182480758
81.354624995587386138
17.271929349703704304
13.48883752486983667
87.302749997758112954
17.272323087591360036
15.003043759551173864
93.249549998318244093
12.046485000304366864
15.003006228996850879
99.195224999369230545
12.046490000304363122
20.285717500201041474
105.13999999915886008
13.488842521499329052
23.283872607255155174
111.08422499978971132
17.271543107253229721
23.283882609542118303
117.02812499992987227
17.271693103034291283
13.48883752486983667
45.634175002308921876
12.046482500368281165
15.003043759551173864
51.589399999999997704
12.046485000304365087
15.003006228996850879
57.544499995521903202
13.488827521933949072
20.285720000249568784
63.498899996081000552
17.2713768613363996
23.283880110326567348
69.452099996640072277
17.271443108148886836
23.283870108031244683
75.403749997199255972
12.046482500368284718
15.003006228996850879
81.353699997758752716
17.271334362808808294
15.003021228988727032
87.302049998318636881
12.02506589922674074
15.003066266543267915
93.249024999369339639
12.046502500684805881
13.488847525325995846
99.194849999158989817
12.0465075005143607
15.003011228988725634
105.13977499978972219
12.046495000596546987
15.003053762776588087
111.08409999999997808
12.046497500514366408
13.488840025400302025
117.02807499992988483
12.046490000596550729
15.003006228996852656
45.63285000279877579
12.046492500514371926
15.003048762784937153
51.588024998530741527
12.046490000596552505
13.488840025400302025
57.543199999999998795
13.394150686762666069
15.003006228996852656
63.497749997480717354
14.917727462270939043
15.003043759551173864
69.451124998950064082
14.894443949013631112
13.48883752486983667
75.402924999089776747
20.266431385874295046
15.003006228996852656
81.353049998599274772
23.268942971153173005
15.003043759551173864
87.30157499950961153
23.21801137671485904
13.48883752486983667
93.24867499964963713
13.489202502841632025
11.1370900000000006
99.194599999999994111
15.005551463685087299
10.739174999999999471
105.13962499978971721
15.002802117664517212
10.433085000000001941
111.08399999999998897
20.295515082575150245
117.02802499992989738
23.297234742133870355
11.1370900000000006
45.632100000000008322
23.298445769586848542
10.739174999999999471
51.587225000769606709
13.489147519581555557
10.433085000000001941
57.542424999230334492
15.003858768264141332
11.1370900000000006
63.497050000000001546
15.004169100347848342
10.739174999999999471
69.450524999370031765
20.289572519838863229
10.433085000000001941
75.402424999509889858
23.289822459932054244
11.1370900000000006
81.352649999999982811
23.292880580925753975
10.739174999999999471
87.301274999649720598
13.488937523823345543
10.433085000000001941
93.248449999999991178
15.003316279289581558
11.1370900000000006
99.194424999789745812
15.003366342868599048
10.739174999999999471
105.13950000000001239
13.488880024344062747
10.433085000000001941
111.08392499992989144
15.003158771305901809
11.1370900000000006
117.02799999999997738
15.003148769066530832
10.739174999999999471
45.631749999999996703
20.286437499064270185
10.433085000000001941
51.586849999999998317
23.285140088833774286
11.1370900000000006
57.542049999999996146
23.285735213446969283
10.739174999999999471
63.496700000000004138
13.488857524869509064
10.433085000000001941
69.450199999999995271
15.003093767053936602
11.1370900000000006
75.402174999789934873
15.003068750830456324
10.739174999999999471
81.352450000000004593
20.286054999450993108
10.433085000000001941
87.301100000000019463
23.284485100035769989
11.1370900000000006
93.248324999929920409
23.284772659259221683
10.739174999999999471
99.194350000000000023
13.488847525325995846
10.433085000000001941
105.13945000000001073
15.003068762768243971
11.1370900000000006
111.08389999999999986
15.003033735915039415
10.739174999999999471
117.02799999999997738
13.472073412288336769
10.433085000000001941
45.631749999999996703
14.992483059625325126
11.1370900000000006
51.586849999999998317
15.004565192287198983
10.739174999999999471
57.542049999999996146
20.23543669214238605
10.433085000000001941
63.496700000000004138
23.238092409224556434
11.1370900000000006
69.450199999999995271
23.292259517049803463
10.739174999999999471
75.402174999789963294
14.990574042830079549
10.433085000000001941
81.352450000000004593
14.96083833495684523
11.1370900000000006
87.301099999999991041
13.439438284911553012
10.739174999999999471
93.24832499992993462
14.918011658167809941
10.433085000000001941
99.194350000000000023
14.962192735974813473
11.1370900000000006
105.13945000000001073
13.439563137315980512
10.739174999999999471
111.08389999999999986
15.004626164682777656
10.433085000000001941
117.02799999999997738
15.005356951836347434
11.1370900000000006
20.285730000077641932
13.489687559311716925
10.739174999999999471
27.761869945007564553
15.003461249727372717
10.433085000000001941
33.722225000489700619
15.003666453608246911
11.1370900000000006
39.677425000629781948
13.489065033069479682
10.739174999999999471
45.632100000000001216
15.003178741022530573
10.433085000000001941
51.58722500076962092
15.003268825844831014
11.1370900000000006
57.542424999230341598
13.488917526869306229
10.739174999999999471
63.497050000000001546
15.003083736873939813
10.433085000000001941
69.450524999370031765
15.00314128922440382
11.1370900000000006
75.402424999509889858
13.48887252532549752
10.739174999999999471
81.352649999999982811
15.003038732692314028
10.433085000000001941
87.301274999649720598
15.003086274084651563
11.1370900000000006
93.248449999999991178
13.48885252532582868
10.739174999999999471
99.194424999789731601
20.287317500486494737
10.433085000000001941
105.13950000000001239
23.286550056395501684
111.08392499992990565
23.287865336942115135
117.02799999999997738
11.031556557232677918
13.488815021991893417
10.683805454879424346
20.28577749996256685
10.416303776737123599
27.762133694557963537
11.119496062147533166
33.722700001678951764
10.729941425443453085
39.678050002239160676
10.430285718516529414
45.632825001329422321
11.131946915368356343
51.588000000000008072
10.736472310622582782
57.543199999999998795
10.432263201272723663
63.49774999748072446
11.051724274645549073
69.451124998950049871
10.694382083319920795
75.402924999089776747
10.419509467972323691
81.353049998599260562
11.052787605954202732
87.30157499950961153
10.694945900477362599
93.24867499964963713
10.419682334329273488
99.194600000000008322
11.090797223085251844
105.13962499978973142
10.714887303153622256
111.08399999999998897
10.425723391408114438
117.02802499992991159
11.132099152763490935
13.488820021991749343
10.736552178320492246
20.285859999783713903
10.432288161831868578
27.762584943907366863
11.137087500009261731
33.723525007344974824
10.739172499987956755
39.679175006087476163
10.43308250001565618
45.634125002308962848
11.091755565624865199
51.589324997691150543
10.715390064331776543
57.544474997830938889
10.425877737541879853
63.498899996081000552
11.136080232705662496
69.452099996640072277
10.738642622289097162
75.403724996008890002
10.432922537631577953
81.353674998949443875
11.1370900000000006
87.302049998318651092
93.249024999369339639
10.739174999999999471
99.194849999158989817
10.433085000000001941
105.13977499978972219
11.1370900000000006
111.08409999999999229
10.739174999999999471
117.02807499992989904
10.433085000000001941
13.488827521933947295
11.136965005336298518
20.286042499457924038
10.73910750331199182
27.763401197438248857
10.433062500767183778
33.724975018115792125
11.1370900000000006
39.681075009865409697
10.739174999999999471
45.636225003568334557
10.433085000000001941
51.591424996431719308
11.1370900000000006
57.546424990133928645
10.739174999999999471
63.500624991391831031
10.433085000000001941
69.453549990479700682
11.1370900000000006
75.404899996078768254
10.739174999999999471
81.354599993836387739
10.433085000000001941
87.302749997758112954
11.1370900000000006
93.249549998318244093
10.739174999999999471
99.195224999369230545
10.433085000000001941
105.13999999915886008
11.1370900000000006
111.08422499978969711
10.739174999999999471
117.0281249999299007
10.433085000000001941
13.488840021991457263
11.1370900000000006
20.286412498986635455
10.739174999999999471
27.76492871304040122
10.433085000000001941
33.727425029863063344
11.1370900000000006
39.684050020149442162
10.739174999999999471
45.639399999999994861
10.433085000000001941
51.594524984676866097
11.1370900000000006
57.549224977257523506
10.739174999999999471
63.503024980752812212
10.433085000000001941
69.455524984248327769
11.1370900000000006
75.406474987745397698
10.739174999999999471
81.355824994326326305
10.433085000000001941
87.303674995586106888
11.119020368716649116
93.250224996846583281
10.729692344464629272
99.195699998598257707
10.430208512573363677
105.14032499950931765
11.1370900000000006
111.08439999943918508
10.739174999999999471
117.02817499992988814
10.433085000000001941
13.488872521498761259
11.1370900000000006
20.2872475001538497
10.739174999999999471
27.767679976432770417
10.433085000000001941
33.731275045523588574
11.1370900000000006
39.688400014271799421
10.739174999999999471
45.643824978799500514
10.433085000000001941
51.598674967462400787
11.1370900000000006
57.552899965568208529
10.739174999999999471
63.506124966191528358
10.433085000000001941
69.458049976475336962
11.1370900000000006
75.40847498424275841
10.739174999999999471
81.357349985709731754
10.433085000000001941
87.304799993273675796
11.1370900000000006
93.251024996425954328
10.739174999999999471
99.19624999831786738
10.433085000000001941
105.14069999887841789
11.1370900000000006
111.08459999943919172
10.739174999999999471
117.02822499992987559
10.433085000000001941
13.488970020153043805
20.289380018155881658
27.772624897882380424
33.736849981819304389
39.694049965299349481
45.64922495976533412
51.603574949544153583
57.557174956395634524
63.509699958556645072
69.460924971081112744
75.410724977937647395
81.359049990472342984
87.306049992712672747
93.251924996005286062
99.19687499726639146
105.14109999887840274
111.08482499964948431
117.02829999971956454
13.489385010551373512
20.295112588578540169
27.779994599904036079
33.742724889851203329
39.699199954100961918
45.653799971448243866
51.607549976484023091
57.560499981520365509
63.512399990478265011
69.46302499124641372
75.412274996427697715
81.360174997688019971
87.306849999159098275
93.252449999719644325
99.197199999999980946
105.14130000000000109
111.08495000000002051
117.02835000000000321
45.611291591127823608
51.568192018657185827
57.524342703068761296
63.479468477046964381
69.433368982208605757
75.385944756576321879
81.337220381526947222
87.287321086748860921
93.236396752176986524
99.184647538346865758
105.13229818408042604
111.07954891039329937
117.02654963678553202
12.046480000304367053
13.488815021991893417
17.271253113789700961
17.271244364791957793
12.046480000304367053
12.046480000304367053
13.488820021991749343
17.271278113796011411
17.27126686483441631
12.046482500368281165
12.046480000304367053
13.488825022431583989
17.271329362806699947
17.271298113960064313
12.046485000304366864
12.046482500368284718
13.488837522489090404
17.271434359069750997
17.271371861334284148
12.046487500368280976
12.046485000304365087
13.488862522933812826
17.271673102936325961
17.271528107251103989
12.046502500368273303
12.046490000304363122
13.488935025530061296
17.272266839693461549
17.271895598503352431
12.046557500879522706
12.046510000194787793
13.489210036824760053
17.274038079403137402
17.272900585801867379
12.045652433771671497
12.046595000012173315
13.48978996711299061
17.279248131865866611
17.276146856281542341
12.046487500514375668
12.046487500514375668
12.046487500514375668
12.046487500514375668
12.046490000596550729
12.046490000596552505
12.046492500514371926
12.046490000596552505
12.046495000596546987
12.046495000596546987
12.0465075005143607
12.046502500684804104
12.046542500368250472
12.046530000779123171
12.046609997955531668
12.046660002555995561
13.488840025400302025
15.003048762784937153
20.28575000041594123
23.283937614182480758
23.283900106570648347
13.488840025400302025
15.003053762776589863
15.003011228988725634
20.285812500594790464
23.284055120485955825
23.283982605876730076
13.488847525325995846
15.003066266543267915
15.003021228988725255
20.285937501282433004
23.28429013338459086
23.284142603675480387
13.48885252532582868
15.003086274084651563
15.003038732692314028
20.286195002683943045
23.284745158311523028
23.284465100777111957
13.488870025861615431
15.003133788691568995
15.003076236384989883
20.286745007235840177
23.285670210757871246
23.285100090327382816
13.488912526869484054
15.003253825853596126
15.003168744275260593
20.288062527113734035
23.287712829542130066
23.286450059403655644
13.489047531951383618
15.003618942734821218
15.003428749285369292
20.291570114053779861
23.292520572407781287
23.289584967915306635
13.48971007247857834
15.005229469654695507
15.004461181164781891
20.299400102614274743
23.301482968050255096
23.296832242038938432
15.003008732708611461
15.003048762784937153
13.488840025400302025
15.003018732708611083
15.003056263312375407
13.488842524869674833
15.003033735915039415
15.003068762768243971
13.488847525325995846
15.003066247091332741
15.003093767053936602
13.488857524869509064
15.003143769074917202
15.003153771314305942
13.488877524269764052
15.003343831266185759
15.003301279298035809
13.488932523823503828
15.004061565015538449
15.003791275375341741
13.489117519994195504
15.006859496999943815
15.006158550348168035
13.490062502765228558
11.1370900000000006
10.739174999999999471
10.433085000000001941
11.1370900000000006
10.739174999999999471
10.433085000000001941
11.1370900000000006
10.739174999999999471
10.433085000000001941
11.1370900000000006
10.739174999999999471
10.433085000000001941
11.1370900000000006
10.739174999999999471
10.433085000000001941
11.1370900000000006
10.739174999999999471
10.433085000000001941
11.1370900000000006
10.739174999999999471
10.433085000000001941
11.1370900000000006
10.739174999999999471
10.433085000000001941
11.1370900000000006
10.739174999999999471
10.433085000000001941
11.1370900000000006
10.739174999999999471
10.433085000000001941
11.1370900000000006
10.739174999999999471
10.433085000000001941
11.1370900000000006
10.739174999999999471
10.433085000000001941
11.1370900000000006
10.739174999999999471
10.433085000000001941
11.1370900000000006
10.739174999999999471
10.433085000000001941
11.136047748322260631
10.738622629309723777
10.432915039185445494
11.1370900000000006
10.739174999999999471
10.433085000000001941
11.1370900000000006
10.739174999999999471
10.433085000000001941
11.1370900000000006
10.739174999999999471
10.433085000000001941
11.1370900000000006
10.739174999999999471
10.433085000000001941
11.1370900000000006
10.739174999999999471
10.433085000000001941
11.1370900000000006
10.739174999999999471
10.433085000000001941
11.1370900000000006
10.739174999999999471
10.433085000000001941
11.1370900000000006
10.739174999999999471
10.433085000000001941
11.1370900000000006
10.739174999999999471
10.433085000000001941
11.1370900000000006
10.739174999999999471
10.433085000000001941
11.1370900000000006
10.739174999999999471
10.433085000000001941
11.1370900000000006
10.739174999999999471
10.433085000000001941
11.1370900000000006
10.739174999999999471
10.433085000000001941
11.1370900000000006
10.739174999999999471
10.433085000000001941
11.137087500009261731
10.739172499987956755
10.433082500015654404
11.136960005558643516
10.739102503576949843
10.433060001002056438
13.36983013609381743
20.214931853973848064
27.72622443921124713
33.691668107721639558
39.650792460413534002
45.60854267072551238
51.565642989445336752
57.522018667338862485
63.47736924579651685
69.431469680665770738
75.384270436551020111
81.335770913338848231
87.286096588056480527
93.235422159998549319
99.183872788696547218
105.13172341770270179
111.07919903733986189
117.02642468535648845
13.485295806932782625
20.296389944409931161
27.777823712955587609
33.739775017693446557
39.696350010634958494
45.651100006158017663
51.605025003289355823
57.558175003429781214
63.510299999999993759
69.461125003571339676
75.410599992995798857
81.358724996707266541
87.30562499096083684
93.251474992220821036
99.196424993481414845
105.14072499193871124
111.08459999607427449
117.02822499824739566
13.489255039439667527
20.291895120522109863
27.77290238653454324
33.73707497251893983
39.69419996529876471
45.649324959765337439
51.60362494954328838
57.5571999507267833
63.50974995967673209
69.460949975632303222
75.410724977937647395
81.359049990472342984
87.306049992712672747
93.251924996005271851
99.196874997266405671
105.14109999887840274
111.0848249996494701
117.02829999971956454
13.488942525466757871
20.288175028813618894
27.767823727116066834
33.73142504650258644
39.688525007205917916
45.643899985726278601
51.598699960534716524
57.552949965568785728
63.506224966191531678
69.458099976474940718
75.408499981511681654
81.357374988441591768
87.304799993273690006
93.251024996425954328
99.19624999831786738
105.1406999988784321
111.08459999943917751
117.02822499992987559
13.488865022991614495
20.286787507769453498
27.765009961811188077
33.727500034689001041
39.684125015321839669
45.63947499475243319
51.594549989924438194
57.54924998152626614
63.503074980052907961
69.455549980677801614
75.406499989916298432
81.355849992154873007
87.303674995586106888
93.250224996846597492
99.195699998598257707
105.14032499950936028
111.08439999943919929
117.02817499992990236
13.488837522489090404
20.286212502682552383
27.763441199402290493
33.725000015947621534
39.681100013433635354
45.636299999999998533
51.59149999300331757
57.546449993562504233
63.500624991391823926
69.453549990479700682
75.404924994328254684
81.354624995587386138
87.302749997758112954
93.249549998318244093
99.195224999369230545
105.13999999915886008
111.08422499978971132
117.02812499992987227
13.488825022431583989
20.285947501282432626
27.762591193649342358
33.723525007344974824
39.679175006087476163
45.634175002308921876
51.589399999999997704
57.544499995521903202
63.498899996081000552
69.452099996640072277
75.403749997199255972
81.353699997758752716
87.302049998318636881
93.249024999369339639
99.194849999158989817
105.13977499978972219
111.08409999999997808
117.02807499992988483
13.488820021991749343
20.285817500686295745
27.762137444729905411
33.722700001678951764
39.678050002239160676
45.63285000279877579
51.588024998530741527
57.543199999999998795
63.497749997480717354
69.451124998950064082
75.402924999089776747
81.353049998599274772
87.30157499950961153
93.24867499964963713
99.194599999999994111
105.13962499978971721
111.08399999999998897
117.02802499992989738
13.488815021991893417
20.28575000041594123
27.761869945007564553
33.722225000489700619
39.677425000629781948
45.632100000000008322
51.587225000769606709
57.542424999230334492
63.497050000000001546
69.450524999370031765
75.402424999509889858
81.352649999999982811
87.301274999649720598
93.248449999999991178
99.194424999789745812
105.13950000000001239
111.08392499992989144
117.02799999999997738
13.488815021991893417
20.285720000249568784
27.761768695422134101
33.722025000069962175
39.677125000209933603
45.631749999999996703
51.586849999999998317
57.542049999999996146
63.496700000000004138
69.450199999999995271
75.402174999789934873
81.352450000000004593
87.301100000000019463
93.248324999929920409
99.194350000000000023
105.13945000000001073
111.08389999999999986
117.02799999999997738
13.488815021991893417
20.285717500201041474
27.761766195030986637
33.722025000069962175
39.677125000209926498
45.631749999999996703
51.586849999999998317
57.542049999999996146
63.496700000000004138
69.450199999999995271
75.402174999789963294
81.352450000000004593
87.301099999999991041
93.24832499992993462
99.194350000000000023
105.13945000000001073
111.08389999999999986
117.02799999999997738
13.488815021991893417
20.285730000077641932
27.761869945007564553
33.722225000489700619
39.677425000629781948
45.632100000000001216
51.58722500076962092
57.542424999230341598
63.497050000000001546
69.450524999370031765
75.402424999509889858
81.352649999999982811
87.301274999649720598
93.248449999999991178
99.194424999789731601
105.13950000000001239
111.08392499992990565
117.02799999999997738
13.488815021991893417
20.28577749996256685
27.762133694557963537
33.722700001678951764
39.678050002239160676
45.632825001329422321
51.588000000000008072
57.543199999999998795
63.49774999748072446
69.451124998950049871
75.402924999089776747
81.353049998599260562
87.30157499950961153
93.24867499964963713
99.194600000000008322
105.13962499978973142
111.08399999999998897
117.02802499992991159
13.488820021991749343
20.285859999783713903
27.762584943907366863
33.723525007344974824
39.679175006087476163
45.634125002308962848
51.589324997691150543
57.544474997830938889
63.498899996081000552
69.452099996640072277
75.403724996008890002
81.353674998949443875
87.302049998318651092
93.249024999369339639
99.194849999158989817
105.13977499978972219
111.08409999999999229
117.02807499992989904
13.488827521933947295
20.286042499457924038
27.763401197438248857
33.724975018115792125
39.681075009865409697
45.636225003568334557
51.591424996431719308
57.546424990133928645
63.500624991391831031
69.453549990479700682
75.404899996078768254
81.354599993836387739
87.302749997758112954
93.249549998318244093
99.195224999369230545
105.13999999915886008
111.08422499978969711
117.0281249999299007
13.488840021991457263
20.286412498986635455
27.76492871304040122
33.727425029863063344
39.684050020149442162
45.639399999999994861
51.594524984676866097
57.549224977257523506
63.503024980752812212
69.455524984248327769
75.406474987745397698
81.355824994326326305
87.303674995586106888
93.250224996846583281
99.195699998598257707
105.14032499950931765
111.08439999943918508
117.02817499992988814
13.488872521498761259
20.2872475001538497
27.767679976432770417
33.731275045523588574
39.688400014271799421
45.643824978799500514
51.598674967462400787
57.552899965568208529
63.506124966191528358
69.458049976475336962
75.40847498424275841
81.357349985709731754
87.304799993273675796
93.251024996425954328
99.19624999831786738
105.14069999887841789
111.08459999943919172
117.02822499992987559
13.488970020153043805
20.289380018155881658
27.772624897882380424
33.736849981819304389
39.694049965299349481
45.64922495976533412
51.603574949544153583
57.557174956395634524
63.509699958556645072
69.460924971081112744
75.410724977937647395
81.359049990472342984
87.306049992712672747
93.251924996005286062
99.19687499726639146
105.14109999887840274
111.08482499964948431
117.02829999971956454
13.489385010551373512
20.295112588578540169
27.779994599904036079
33.742724889851203329
39.699199954100961918
45.653799971448243866
51.607549976484023091
57.560499981520365509
63.512399990478265011
69.46302499124641372
75.412274996427697715
81.360174997688019971
87.306849999159098275
93.252449999719644325
99.197199999999980946
105.14130000000000109
111.08495000000002051
117.02835000000000321
13.486092113797337078
20.290147847370441525
27.738521885105281939
33.694741793064878266
39.653716358534950359
45.611291591127823608
51.568192018657185827
57.524342703068761296
63.479468477046964381
69.433368982208605757
75.385944756576321879
81.337220381526947222
87.287321086748860921
93.236396752176986524
99.184647538346865758
105.13229818408042604
111.07954891039329937
117.02654963678553202
12.025358439406470978
11.916950915568234493
13.471364148772034142
17.248038271367352792
17.188122001336605393
11.941668848920024004
12.040807105294835111
11.942863552556685747
13.393673288377668129
17.215222901747971207
17.271224994362878391
11.990192091645583972
12.04660500000000134
12.040774595174497108
11.991105518244360439
13.489455008924176482
17.276441872077672457
17.276656971156747034
12.045557474461702441
12.046512500246526756
12.046567500879508117
12.046534997310237358
13.488980019636171548
17.273009336312188822
17.274241829503640844
12.046490000304363122
12.046505000438273214
12.046532500879553851
12.046550000304335981
13.488875021012145083
17.271929349703704304
17.272323087591360036
12.046485000304366864
12.046490000304363122
13.488842521499329052
17.271543107253229721
17.271693103034291283
12.046482500368281165
12.046485000304365087
13.488827521933949072
17.2713768613363996
17.271443108148886836
12.046480000304367053
12.046482500368284718
13.488820021991749343
17.271303113962165554
17.271334362808808294
12.046480000304367053
12.046480000304367053
13.488815021991893417
17.27126686483441631
17.271280613770883861
12.046480000304367053
12.046480000304367053
13.488815021991893417
17.271244364791957793
17.271253113789700961
12.046480000304367053
12.046480000304367053
13.488815021991893417
17.271240615718468803
17.271240615718468803
12.046480000304367053
12.046480000304367053
13.488815021991893417
17.271240615718468803
17.271240615718468803
12.046480000304367053
12.046480000304367053
13.488815021991893417
17.271253113789700961
17.271244364791957793
12.046480000304367053
12.046480000304367053
13.488820021991749343
17.271278113796011411
17.27126686483441631
12.046482500368281165
12.046480000304367053
13.488825022431583989
17.271329362806699947
17.271298113960064313
12.046485000304366864
12.046482500368284718
13.488837522489090404
17.271434359069750997
17.271371861334284148
12.046487500368280976
12.046485000304365087
13.488862522933812826
17.271673102936325961
17.271528107251103989
12.046502500368273303
12.046490000304363122
13.488935025530061296
17.272266839693461549
17.271895598503352431
12.046557500879522706
12.046510000194787793
13.489210036824760053
17.274038079403137402
17.272900585801867379
12.045652433771671497
12.046595000012173315
13.48978996711299061
17.279248131865866611
17.276146856281542341
12.02506589922674074
12.046502500684805881
12.0465075005143607
12.046495000596546987
12.046497500514366408
12.046490000596550729
12.046492500514371926
12.046490000596550729
12.046490000596552505
12.046487500514375668
12.046487500514375668
12.046487500514375668
12.046487500514375668
12.046487500514375668
12.046487500514375668
12.046487500514375668
12.046487500514375668
12.046487500514375668
12.046487500514375668
12.046487500514375668
12.046487500514375668
12.046490000596550729
12.046490000596552505
12.046492500514371926
12.046490000596552505
12.046495000596546987
12.046495000596546987
12.0465075005143607
12.046502500684804104
12.046542500368250472
12.046530000779123171
12.046609997955531668
12.046660002555995561
13.394150686762666069
14.917727462270939043
14.894443949013631112
20.266431385874295046
23.268942971153173005
23.21801137671485904
13.489202502841632025
15.005551463685087299
15.002802117664517212
20.295515082575150245
23.297234742133870355
23.298445769586848542
13.489147519581555557
15.003858768264141332
15.004169100347848342
20.289572519838863229
23.289822459932054244
23.292880580925753975
13.488937523823345543
15.003316279289581558
15.003366342868599048
13.488880024344062747
15.003158771305901809
15.003148769066530832
20.286437499064270185
23.285140088833774286
23.285735213446969283
13.488857524869509064
15.003093767053936602
15.003068750830456324
20.286054999450993108
23.284485100035769989
23.284772659259221683
13.488847525325995846
15.003068762768243971
15.003033735915039415
20.285869999783717077
23.284152603675480009
23.284302634252146191
13.488842524869673056
15.003056263312377183
15.003018732708611083
20.28577749996256685
23.283985105109021418
23.284062620420286294
13.488840025400302025
15.003048762784937153
15.003008732708611461
20.285730000077641932
23.283900106570648347
23.283937614182480758
13.48883752486983667
15.003043759551173864
15.003006228996850879
20.285717500201041474
23.283872607255155174
23.283882609542118303
13.48883752486983667
15.003043759551173864
15.003006228996850879
20.285720000249568784
23.283880110326567348
23.283870108031244683
13.488840025400302025
15.003048762784937153
15.003006228996850879
20.28575000041594123
23.283937614182480758
23.283900106570648347
13.488840025400302025
15.003053762776589863
15.003011228988725634
20.285812500594790464
23.284055120485955825
23.283982605876730076
13.488847525325995846
15.003066266543267915
15.003021228988725255
20.285937501282433004
23.28429013338459086
23.284142603675480387
13.48885252532582868
15.003086274084651563
15.003038732692314028
20.286195002683943045
23.284745158311523028
23.284465100777111957
13.488870025861615431
15.003133788691568995
15.003076236384989883
20.286745007235840177
23.285670210757871246
23.285100090327382816
13.488912526869484054
15.003253825853596126
15.003168744275260593
20.288062527113734035
23.287712829542130066
23.286450059403655644
13.489047531951383618
15.003618942734821218
15.003428749285369292
20.291570114053779861
23.292520572407781287
23.289584967915306635
13.48971007247857834
15.005229469654695507
15.004461181164781891
20.299400102614274743
23.301482968050255096
23.296832242038938432
13.472073412288336769
14.992483059625325126
15.004565192287198983
20.23543669214238605
23.238092409224556434
23.292259517049803463
14.990574042830079549
14.96083833495684523
13.439438284911553012
14.918011658167809941
14.962192735974813473
13.439563137315980512
15.004626164682777656
15.005356951836347434
13.489687559311716925
15.003461249727372717
15.003666453608246911
13.489065033069479682
15.003178741022530573
15.003268825844831014
13.488917526869306229
15.003083736873939813
15.00314128922440382
13.48887252532549752
15.003038732692314028
15.003086274084651563
13.48885252532582868
15.003021228988727032
15.003066266543267915
13.488847525325995846
15.003011228988725634
15.003053762776588087
13.488840025400302025
15.003006228996852656
15.003048762784937153
13.488840025400302025
15.003006228996852656
15.003043759551173864
13.48883752486983667
15.003006228996852656
15.003043759551173864
13.48883752486983667
15.003008732708611461
15.003048762784937153
13.488840025400302025
15.003018732708611083
15.003056263312375407
13.488842524869674833
15.003033735915039415
15.003068762768243971
13.488847525325995846
15.003066247091332741
15.003093767053936602
13.488857524869509064
15.003143769074917202
15.003153771314305942
13.488877524269764052
15.003343831266185759
15.003301279298035809
13.488932523823503828
15.004061565015538449
15.003791275375341741
13.489117519994195504
15.006859496999943815
15.006158550348168035
13.490062502765228558
20.287317500486494737
23.286550056395501684
23.287865336942115135
11.031556557232677918
10.683805454879424346
10.416303776737123599
11.119496062147533166
10.729941425443453085
10.430285718516529414
11.131946915368356343
10.736472310622582782
10.432263201272723663
11.051724274645549073
10.694382083319920795
10.419509467972323691
11.052787605954202732
10.694945900477362599
10.419682334329273488
11.090797223085251844
10.714887303153622256
10.425723391408114438
11.132099152763490935
10.736552178320492246
10.432288161831868578
11.137087500009261731
10.739172499987956755
10.43308250001565618
11.091755565624865199
10.715390064331776543
10.425877737541879853
11.136080232705662496
10.738642622289097162
10.432922537631577953
11.1370900000000006
10.739174999999999471
10.433085000000001941
11.1370900000000006
10.739174999999999471
10.433085000000001941
11.136965005336298518
10.73910750331199182
10.433062500767183778
11.1370900000000006
10.739174999999999471
10.433085000000001941
11.1370900000000006
10.739174999999999471
10.433085000000001941
11.1370900000000006
10.739174999999999471
10.433085000000001941
11.1370900000000006
10.739174999999999471
10.433085000000001941
11.1370900000000006
10.739174999999999471
10.433085000000001941
11.1370900000000006
10.739174999999999471
10.433085000000001941
11.1370900000000006
10.739174999999999471
10.433085000000001941
11.1370900000000006
10.739174999999999471
10.433085000000001941
11.1370900000000006
10.739174999999999471
10.433085000000001941
11.1370900000000006
10.739174999999999471
10.433085000000001941
11.1370900000000006
10.739174999999999471
10.433085000000001941
11.1370900000000006
10.739174999999999471
10.433085000000001941
11.1370900000000006
10.739174999999999471
10.433085000000001941
11.1370900000000006
10.739174999999999471
10.433085000000001941
11.1370900000000006
10.739174999999999471
10.433085000000001941
11.1370900000000006
10.739174999999999471
10.433085000000001941
11.1370900000000006
10.739174999999999471
10.433085000000001941
11.1370900000000006
10.739174999999999471
10.433085000000001941
11.1370900000000006
10.739174999999999471
10.433085000000001941
11.1370900000000006
10.739174999999999471
10.433085000000001941
11.1370900000000006
10.739174999999999471
10.433085000000001941
11.1370900000000006
10.739174999999999471
10.433085000000001941
11.1370900000000006
10.739174999999999471
10.433085000000001941
11.1370900000000006
10.739174999999999471
10.433085000000001941
11.1370900000000006
10.739174999999999471
10.433085000000001941
11.1370900000000006
10.739174999999999471
10.433085000000001941
11.1370900000000006
10.739174999999999471
10.433085000000001941
11.1370900000000006
10.739174999999999471
10.433085000000001941
11.1370900000000006
10.739174999999999471
10.433085000000001941
11.1370900000000006
10.739174999999999471
10.433085000000001941
11.1370900000000006
10.739174999999999471
10.433085000000001941
11.1370900000000006
10.739174999999999471
10.433085000000001941
11.1370900000000006
10.739174999999999471
10.433085000000001941
11.136047748322260631
10.738622629309723777
10.432915039185445494
11.119020368716649116
10.729692344464629272
10.430208512573363677
11.1370900000000006
10.739174999999999471
10.433085000000001941
11.1370900000000006
10.739174999999999471
10.433085000000001941
11.1370900000000006
10.739174999999999471
10.433085000000001941
11.1370900000000006
10.739174999999999471
10.433085000000001941
11.1370900000000006
10.739174999999999471
10.433085000000001941
11.1370900000000006
10.739174999999999471
10.433085000000001941
11.1370900000000006
10.739174999999999471
10.433085000000001941
11.1370900000000006
10.739174999999999471
10.433085000000001941
11.1370900000000006
10.739174999999999471
10.433085000000001941
11.1370900000000006
10.739174999999999471
10.433085000000001941
11.1370900000000006
10.739174999999999471
10.433085000000001941
11.1370900000000006
10.739174999999999471
10.433085000000001941
11.1370900000000006
10.739174999999999471
10.433085000000001941
11.1370900000000006
10.739174999999999471
10.433085000000001941
11.1370900000000006
10.739174999999999471
10.433085000000001941
11.1370900000000006
10.739174999999999471
10.433085000000001941
11.1370900000000006
10.739174999999999471
10.433085000000001941
11.1370900000000006
10.739174999999999471
10.433085000000001941
11.1370900000000006
10.739174999999999471
10.433085000000001941
11.1370900000000006
10.739174999999999471
10.433085000000001941
11.1370900000000006
10.739174999999999471
10.433085000000001941
11.1370900000000006
10.739174999999999471
10.433085000000001941
11.1370900000000006
10.739174999999999471
10.433085000000001941
11.1370900000000006
10.739174999999999471
10.433085000000001941
11.1370900000000006
10.739174999999999471
10.433085000000001941
11.1370900000000006
10.739174999999999471
10.433085000000001941
11.1370900000000006
10.739174999999999471
10.433085000000001941
11.1370900000000006
10.739174999999999471
10.433085000000001941
11.1370900000000006
10.739174999999999471
10.433085000000001941
11.1370900000000006
10.739174999999999471
10.433085000000001941
11.137087500009261731
10.739172499987956755
10.433082500015654404
11.136960005558643516
10.739102503576949843
10.433060001002056438
