/*--------------------------------*- C++ -*----------------------------------*\
  =========                 |
  \\      /  F ield         | OpenFOAM: The Open Source CFD Toolbox
   \\    /   O peration     | Website:  https://openfoam.org
    \\  /    A nd           | Version:  10
     \\/     M anipulation  |
\*---------------------------------------------------------------------------*/
FoamFile
{
    format      ascii;
    class       volScalarField;
    location    "2000";
    object      k;
}
// * * * * * * * * * * * * * * * * * * * * * * * * * * * * * * * * * * * * * //

dimensions      [0 2 -2 0 0 0 0];

internalField   nonuniform List<scalar> 
8792
(
0.590419
1.7961
1.80947
1.7266
1.66825
1.68288
0.174034
0.907533
1.34554
1.50209
1.59195
1.60892
1.52981
1.48427
0.121313
0.468769
0.9349
1.23602
1.4105
1.49518
1.54265
1.71064
0.0910199
0.234571
0.624274
0.988981
1.24128
1.39258
1.48366
1.60363
2.02028
2.4557
0.0836316
0.114101
0.388106
0.739648
1.04905
1.26668
1.41124
1.57562
1.80062
2.13547
1.69433
1.90978
0.544
1.64047
1.69367
1.61427
1.56301
1.53812
0.171353
0.881933
1.3264
1.48954
1.58243
1.59591
1.50257
1.28564
0.120811
0.467437
0.934294
1.23629
1.41095
1.49493
1.53931
1.67037
0.090913
0.233266
0.622956
0.988215
1.24086
1.39155
1.48358
1.59225
1.96046
2.23188
0.0836079
0.113467
0.387127
0.73879
1.0485
1.26516
1.41007
1.57593
1.7929
2.11122
1.69418
1.90948
0.532579
1.57039
1.62471
1.5664
1.54358
1.52424
0.171067
0.881969
1.32598
1.48593
1.57825
1.5864
1.4726
1.14948
0.120476
0.467103
0.934601
1.23703
1.41168
1.49533
1.53658
1.62519
0.0908797
0.232936
0.623002
0.988619
1.24126
1.39201
1.48425
1.59263
1.92151
2.24315
0.0836006
0.113289
0.387174
0.739091
1.04889
1.26548
1.41054
1.57677
1.79297
2.09775
1.69453
1.90954
0.525571
1.53453
1.5906
1.55165
1.59205
1.57037
0.170641
0.881201
1.32453
1.48105
1.57252
1.57643
1.44863
1.09542
0.120117
0.466761
0.934864
1.23761
1.4122
1.49543
1.53365
1.58397
0.0908362
0.232546
0.622938
0.988876
1.24154
1.39234
1.48451
1.59053
1.89488
2.32173
0.083592
0.11309
0.387162
0.739294
1.04917
1.26572
1.41091
1.57744
1.79115
2.0848
1.69476
1.90919
0.521593
1.5273
1.58527
1.55992
1.65073
1.62522
0.170165
0.879739
1.32222
1.47557
1.56642
1.56727
1.43035
1.09502
0.119755
0.466423
0.935075
1.23804
1.41254
1.49523
1.53051
1.55106
0.0907835
0.232089
0.622746
0.989002
1.24171
1.39257
1.48443
1.58657
1.88249
2.40294
0.0835815
0.112856
0.387049
0.739364
1.04933
1.2659
1.4112
1.57789
1.7883
2.07421
1.69485
1.90848
0.51975
1.5388
1.59891
1.58127
1.70796
1.67565
0.169675
0.87778
1.3194
1.47038
1.56078
1.5598
1.41752
1.13038
0.119404
0.466115
0.935266
1.23838
0.0907258
0.231597
0.622483
0.989058
0.0835694
0.112594
0.386863
0.739342
0.519223
1.55979
1.52746
1.47916
1.88081
1.59522
1.55156
1.70922
1.41369
1.49421
1.53179
1.69823
1.48054
1.57805
1.9848
1.57433
1.7882
1.69457
0.542788
1.7809
1.8211
1.79714
1.95018
1.87046
0.166292
0.883771
1.33699
1.49924
1.59016
1.6042
1.54923
1.71675
0.123248
0.487189
0.956654
1.25143
1.42023
1.49828
1.53936
1.72436
0.0914363
0.244178
0.641018
1.00506
1.25355
1.39968
1.48584
1.5983
2.00306
2.70285
0.0837248
0.117884
0.399091
0.753096
1.06126
1.27502
1.41626
1.58004
1.79893
2.13235
1.70264
1.91849
1.65879
1.55965
1.55748
1.54506
1.63743
1.5514
1.48591
1.40863
1.46128
1.21397
1.3688
1.20026
1.6435
1.3284
1.54116
2.67137
1.6516
1.87105
1.69026
2.15692
1.63941
1.83899
2.14396
3.06698
1.99097
2.25969
2.33397
2.25889
2.23974
2.28289
1.15262
1.84389
1.06316
1.60086
1.83868
1.771
1.60999
1.57847
1.76584
1.88554
1.5747
1.6934
1.8963
1.84896
1.71005
1.84182
1.79715
1.68284
1.6837
1.58666
1.67875
1.67218
1.6674
1.70738
1.66393
1.72175
1.60285
1.59053
1.71049
1.71456
1.00506
1.40297
1.09583
1.23804
1.48475
1.50248
1.57188
1.51946
1.45686
1.50434
1.56523
1.52573
1.54773
1.3915
1.56001
1.49996
1.76808
2.18321
2.42447
2.36937
1.90499
2.10254
1.97124
2.20784
1.89568
2.08441
2.43328
2.67577
2.41805
2.33867
2.33192
2.39153
2.4488
1.85118
1.69611
1.62434
1.75942
1.68876
1.5768
1.58245
1.60649
1.53411
1.52692
1.899
1.44277
1.81823
1.61515
1.69407
2.49458
1.64627
1.88615
1.72566
2.65889
1.64213
1.88935
2.14167
2.15068
2.99316
2.32082
2.35083
2.60428
2.32028
2.34269
1.58197
1.83278
1.54884
1.61333
1.70617
1.45327
1.61089
0.935815
1.11463
1.15265
1.3162
1.40738
1.24931
1.00978
1.32011
1.3801
1.01044
1.53667
1.19663
1.85673
1.62722
1.42043
1.80983
1.83204
2.10492
2.23592
1.75211
2.06425
1.81638
2.32435
2.33046
2.08882
2.30243
2.32167
2.29896
2.53256
2.33638
2.52541
2.37266
1.74984
0.298953
0.870463
0.549435
1.60226
0.292649
0.843354
1.80603
1.26733
1.44725
1.66523
1.70772
1.23831
1.42464
1.74701
1.55404
1.59714
1.7163
1.66809
1.53585
1.57996
1.67514
1.60952
1.62325
1.63149
1.59826
1.59021
1.62509
1.6068
1.66564
1.67731
1.65193
1.61845
1.61897
1.67077
1.17053
1.00693
1.77822
1.55058
1.72366
1.5933
1.76616
1.54872
1.70896
2.22206
1.99243
2.10748
2.11895
2.20834
1.9841
2.09543
1.09164
2.08303
1.15637
1.96851
2.08965
2.02378
1.95656
1.8765
2.01823
1.96691
1.86689
1.88729
1.93923
1.88433
1.84332
1.83672
1.89581
1.71048
1.71582
1.70568
1.78065
1.71364
1.71331
1.54744
1.50573
1.58389
1.55118
1.53799
1.50434
1.59013
2.64509
1.90003
2.12944
2.01819
2.37904
1.90936
2.10531
1.62312
1.57248
1.36894
1.63849
1.36591
1.45119
1.49772
1.46178
1.42565
1.46591
1.40432
0.892909
1.1997
1.35553
1.21675
1.10929
1.03646
1.18619
1.50119
1.60949
1.69552
1.60201
1.5567
1.64387
1.60408
2.4278
2.56059
1.97163
2.04627
2.55017
2.63458
2.57521
2.09431
2.02682
1.81277
1.89051
1.83755
1.86241
1.93071
1.79802
1.84501
2.73806
3.15171
2.88684
3.02972
2.95907
2.34256
2.2735
2.31217
2.26094
2.35809
1.82923
1.11784
1.73503
1.87108
1.70584
1.76811
1.81002
1.70144
1.6807
1.7895
1.65168
1.66383
1.76199
1.64983
1.64643
1.77591
1.79177
1.68795
1.8633
1.8114
1.79412
1.76348
1.79981
2.01094
1.75246
1.75521
1.74662
1.75138
1.7068
1.65334
1.76215
1.59421
1.64859
1.65382
1.65802
1.60823
1.60396
1.65569
1.0423
1.26469
1.26681
1.38028
1.08744
1.24488
1.24274
1.00144
1.13089
1.21737
1.24852
0.976511
1.12582
1.21841
1.49592
1.81951
2.16622
1.54044
2.0582
1.59301
1.61994
1.62609
1.83748
1.76091
1.73019
1.66171
1.7505
2.54607
2.14128
2.69511
2.55306
2.72237
2.30434
2.38049
2.30584
2.2345
2.34556
2.16396
2.17406
2.28995
2.43761
2.75
2.39471
2.42599
2.31759
2.38694
1.74344
1.71463
1.70502
1.71269
1.80242
1.75816
1.7235
1.84272
1.60114
1.64716
1.66329
1.64401
1.78229
1.58567
1.45756
1.33583
1.30789
1.44148
1.13489
1.08044
1.34735
1.43289
1.42827
1.41913
1.51793
1.2876
1.4326
1.40259
1.61144
1.86734
2.03691
1.60873
2.17646
1.63524
1.65554
1.96243
1.52545
1.61372
2.03924
1.89653
2.12863
1.81735
1.83343
2.42327
1.92065
2.11074
2.24726
2.49927
2.43296
2.37207
2.17132
2.49427
2.51203
2.35602
2.65715
2.54511
2.40747
2.44028
2.43484
2.59333
2.51373
2.41175
2.43976
2.44318
2.61469
1.77094
1.81815
1.61651
1.60399
1.78239
1.07304
0.932978
1.0623
1.271
1.17067
1.26543
1.36866
1.1345
1.15335
1.03413
1.24898
1.34683
1.15232
0.986446
1.33713
1.34993
1.23734
1.46658
1.35769
1.69699
2.37539
2.30224
2.24139
2.39373
2.39553
2.21506
2.34824
3.03372
2.89318
2.61549
2.26276
2.76237
2.64233
2.78671
2.60675
2.446
2.43028
2.56614
1.80981
1.7446
1.76536
1.59192
1.54391
1.5031
1.6384
1.81086
1.7773
1.77939
1.69128
1.68437
1.66317
1.71585
1.69175
1.67194
1.65749
1.68734
1.69769
1.67815
1.70287
1.77447
1.67541
1.77278
1.64998
1.63378
1.76163
1.78481
1.72163
0.280814
0.843916
0.595584
1.76119
0.305652
0.901841
1.81867
1.25824
1.44563
1.80583
1.81086
1.29791
1.46896
1.81381
1.55699
1.60248
1.81129
1.77395
1.57058
1.60935
1.93218
1.629
1.66193
1.75476
1.71084
1.63471
1.63072
1.81577
1.85385
1.84228
1.76228
1.75956
1.80412
1.8894
1.78414
1.84257
1.83774
1.75904
1.75883
1.78054
1.84205
1.71408
1.7677
1.77314
1.69921
1.70184
1.7125
1.7699
1.70499
1.76099
1.76511
1.69587
1.6952
1.70278
1.76059
1.98666
1.74662
1.86781
1.72518
1.99371
1.90516
1.88511
1.89449
1.87197
1.9335
1.95205
1.85624
1.91337
1.9265
1.61994
1.68902
1.54511
1.15383
1.46786
1.39284
1.20703
1.80253
1.76969
1.76209
1.60689
1.68455
1.65307
1.63601
1.78829
1.71781
1.75746
1.67152
1.70031
1.67551
1.69078
1.67079
1.77377
1.66002
1.63588
1.75533
1.67827
1.68669
1.8202
1.12738
1.80972
1.99321
2.04556
2.02847
1.92198
2.04041
2.00822
1.89657
1.9619
1.98363
1.86217
1.95143
1.93541
1.87668
1.90774
1.89669
1.85075
1.88914
1.85035
1.75736
1.84785
1.97417
1.84709
1.87474
1.79547
2.01462
1.78795
2.02586
1.88617
1.75153
1.81149
1.73439
1.8105
1.73609
1.75198
1.81122
1.72854
1.78784
1.7163
1.78773
1.71437
1.73012
1.78689
1.69761
1.76043
1.6929
1.75612
1.69025
1.69953
1.75409
1.78473
1.78102
1.70658
1.77314
1.72004
1.72853
1.79211
1.86263
1.85799
1.85533
1.81597
1.76957
1.82143
1.86304
2.05281
1.92395
1.05098
1.569
1.03619
1.53812
1.08477
1.61615
1.66243
1.57828
0.290952
0.838303
0.534866
1.52641
0.290081
0.835959
1.59031
1.04375
1.57674
1.03402
1.54411
1.03151
1.58957
1.03926
1.56811
1.57025
1.51317
0.289193
0.833499
0.526983
1.48591
0.288309
0.830884
1.03166
1.60839
1.03392
1.66908
1.5684
1.0326
1.57065
1.0318
1.57947
1.57445
1.57975
1.55077
1.54827
1.52095
1.54767
1.66066
1.51801
1.61632
1.67889
1.63177
1.68462
1.23342
1.41947
1.58476
1.62974
1.23134
1.41633
1.64921
1.53113
1.57135
1.63874
1.60639
1.5279
1.56421
1.57433
1.58257
1.61904
1.57489
1.54697
1.57585
1.61305
1.65044
1.66693
1.65984
1.53916
1.61219
1.66085
1.65241
1.52687
1.62661
1.53065
1.51956
1.44991
1.6166
1.51007
1.44906
1.18401
1.40426
1.0768
1.22023
1.20831
1.48545
1.1744
1.43439
2.13275
1.6323
1.83144
1.64778
2.04464
1.6268
1.82098
1.96219
1.91884
2.17843
1.89257
2.07682
1.93049
2.1734
1.88934
2.06922
2.22667
2.27299
2.22727
2.2147
2.24291
1.55331
1.52591
1.59523
1.56737
1.52281
1.61511
1.56345
1.63553
1.62779
1.63777
1.61596
1.22881
1.41275
1.54045
1.58838
1.22586
1.4088
1.59689
1.52412
1.55732
1.596
1.58045
1.5199
1.55075
1.54989
1.56948
1.60703
1.55266
1.57834
1.56351
1.6012
1.61088
1.65438
1.64541
1.57803
1.62696
1.64799
1.63909
1.43322
1.60765
1.49249
1.55656
1.4297
1.59992
1.47843
1.39133
1.05163
1.35932
1.00609
1.20328
1.20824
1.39491
1.10286
1.36606
2.02685
1.62073
1.8093
1.60371
2.00448
1.61413
1.79769
1.9115
1.90346
2.18867
1.88557
2.06156
1.90008
2.24308
1.88138
2.0544
2.20436
2.23377
2.30109
2.1961
2.21118
1.61287
1.58513
1.67029
1.64149
1.58086
1.64645
1.63619
1.68252
1.64606
1.67507
1.48066
0.287419
0.828138
0.522337
1.47445
0.28655
0.825341
1.58343
1.2226
1.40468
1.52691
1.57856
1.21918
1.40051
1.57863
1.51547
1.54466
1.58444
1.58093
1.51098
1.53915
1.58987
1.55809
1.59583
1.55624
1.62683
1.55337
1.59108
1.63641
1.64207
1.6337
1.63601
1.66653
1.63688
1.62934
1.44043
1.59358
1.4679
1.61175
1.49146
1.5887
1.46067
1.35112
0.999393
1.3323
0.99855
1.21703
1.26121
1.34644
1.091
1.33491
2.00499
1.60689
1.78681
1.56639
2.0222
1.59965
1.77686
1.90408
1.91286
2.26248
1.87702
2.04821
1.88453
2.32062
1.87277
2.04325
2.19022
2.2059
2.38333
2.18675
2.19625
1.03508
1.68983
1.03923
1.75086
1.69012
1.66064
1.749
1.71685
1.65501
1.69516
1.71033
1.73315
1.68549
1.71761
1.47512
0.285685
0.822507
0.52004
1.48266
0.28484
0.819725
1.5798
1.21569
1.39644
1.53483
1.5898
1.21226
1.39261
1.58393
1.50662
1.53433
1.59418
1.59731
1.50251
1.53025
1.63943
1.54944
1.58712
1.57508
1.67723
1.54637
1.58403
1.67679
1.6326
1.62612
1.69413
1.70725
1.62934
1.62403
1.51174
1.5853
1.45651
1.66365
1.57381
1.58334
1.45512
1.3281
1.00377
1.32044
1.03248
1.28063
1.34722
1.33053
1.11883
1.33253
2.03169
1.59233
1.76804
1.53821
2.06657
1.58535
1.76061
1.91713
1.93269
2.33923
1.86882
2.03968
1.8803
2.39166
1.86532
2.03752
2.18494
2.19497
1.04074
1.77029
1.04536
1.82453
1.76796
1.73482
1.82134
1.7852
1.72803
1.74556
1.7778
1.78107
1.72837
1.75986
1.48651
0.284003
0.817007
0.519234
1.50109
0.283192
0.814438
1.59485
1.20899
1.3891
1.5539
1.61326
1.20596
1.386
1.60301
1.4988
1.52697
1.61652
1.62209
1.49556
1.5245
1.68947
1.54419
1.58184
1.60162
1.72487
1.54288
1.58057
1.71709
1.62714
1.62305
1.5938
1.58276
1.45623
1.31965
1.04555
1.3709
1.34003
1.04689
1.84106
1.83778
1.80069
1.50674
0.282396
0.812024
1.62019
1.20324
1.38337
1.8954
1.64038
1.56658
1.61478
1.95918
1.70507
1.8341
1.68799
2.45829
1.612
1.8583
2.11164
1.9833
1.88752
1.90583
1.71077
1.96087
1.90436
1.70736
1.7135
1.8957
1.69229
1.64446
1.87944
1.87998
1.69527
1.64805
1.56932
1.61779
1.58756
1.63217
1.96167
1.93581
1.84693
1.72985
1.8652
2.46103
1.61854
1.8643
1.71317
2.4655
1.62462
1.87459
2.11331
2.12562
2.65217
1.88945
2.11796
1.99324
2.65114
1.89225
2.12084
1.81183
1.79468
1.82199
1.63157
1.50265
1.61879
1.51948
1.82869
1.82784
1.83304
1.72824
1.68046
1.71983
1.68941
1.78013
1.7931
1.77347
1.71529
1.70321
1.71687
1.70561
1.78948
1.9336
1.78197
1.90803
1.79785
1.89134
1.77599
1.7378
1.84091
1.74159
1.85002
1.74267
1.81279
1.74118
1.51065
1.78174
1.72412
1.57524
1.87253
2.02171
1.67852
1.62001
2.12376
1.6078
1.64534
2.60471
2.53639
2.47086
2.64986
2.42721
2.66787
2.47739
2.61618
2.42849
1.68607
1.58026
1.55072
1.66257
1.57277
1.68677
1.66196
1.55941
1.57638
1.59105
1.36799
1.63953
1.41247
1.53495
1.09408
1.18379
1.16187
1.13396
0.974126
1.00867
1.38183
1.46892
1.42382
1.47061
1.43307
1.47525
1.37853
1.13124
1.23376
1.02406
1.31684
1.0101
1.32362
1.10535
1.14025
1.46454
1.3672
1.27113
1.43399
1.3483
1.46847
1.41419
1.30244
1.54909
1.59245
1.34017
1.79212
2.19986
1.65366
1.94403
1.70095
2.00129
1.76637
2.35331
2.39025
2.03389
2.23662
2.21878
2.26375
2.26616
2.48593
2.50075
2.39722
2.29828
2.26542
2.31066
2.29801
2.35155
2.35997
2.28038
2.46284
2.31874
2.48672
2.36231
2.23612
1.64618
1.64463
1.6944
1.65073
1.59644
1.63519
1.61329
1.58741
1.62331
1.60877
1.57778
1.61048
1.73792
1.61727
1.65151
1.75384
1.69482
1.73672
1.75925
1.77412
1.75411
1.61626
1.57509
1.71577
1.60188
1.73987
1.7307
1.71431
1.70441
1.72635
1.72884
1.60585
1.6289
1.70528
2.25297
2.12069
2.27473
2.17197
2.30924
2.14355
2.12011
1.66805
1.80507
1.66759
1.56726
1.68033
1.77958
1.5984
1.35676
1.72128
1.54163
1.66752
1.601
1.56143
1.63314
1.59477
1.55901
1.40218
1.73816
1.4949
1.50724
1.52523
1.4524
1.44155
1.60294
1.88994
2.30057
2.33179
2.05669
1.84094
1.98881
2.13314
2.43707
1.83271
1.9552
2.14279
2.53507
2.55248
2.16067
2.51797
2.53902
2.77601
2.72592
2.44416
2.76729
2.71438
2.45856
2.71067
2.6802
1.63706
1.45883
1.49174
1.11931
1.32227
1.34346
1.0988
1.69859
1.69334
1.72465
1.55808
1.45146
1.47149
1.54183
1.73566
1.69622
1.72557
1.58384
1.61592
1.62981
1.56757
1.7437
1.72232
1.74838
1.67337
1.63218
1.64599
1.66108
1.69088
1.70407
1.72866
1.65665
1.64586
1.65891
1.64404
1.65124
1.62401
1.64123
1.66733
1.63473
1.65462
1.65002
1.62818
1.56707
1.71003
1.59895
1.73303
1.66216
1.64427
1.78115
1.10407
1.79297
2.03725
2.08101
2.04368
2.06368
2.08331
2.05447
2.04141
2.01111
2.03098
2.00687
2.00549
1.98954
1.98626
1.93857
1.96138
1.90036
1.91428
1.87668
1.96938
1.93226
1.77163
1.87356
1.77035
1.77254
1.91203
1.77563
1.88233
1.69496
1.7869
1.79726
1.79482
1.83985
1.82203
1.7827
1.74624
1.82644
1.8043
1.75769
1.75496
1.76058
1.81724
2.30529
2.38838
2.61215
2.31028
2.3909
2.15359
2.14742
2.32532
2.40443
2.55135
2.32085
2.40317
2.17009
2.17084
1.53551
1.73822
1.55776
1.1293
1.41482
1.10845
1.43317
1.80743
1.82549
1.81652
1.63164
1.67921
1.61976
1.68856
1.81624
1.80996
1.8178
1.708
1.72328
1.70077
1.72645
1.74314
1.77951
1.89705
1.74108
1.77745
1.67852
1.67848
1.7166
1.78947
1.83409
1.73151
1.78408
1.6847
1.6852
1.61422
1.54904
1.59744
1.53925
1.59157
1.59055
1.43775
1.31713
1.08806
1.55891
1.42149
1.07928
1.31653
1.5417
1.3947
1.40722
1.07207
1.31378
1.3156
1.06502
1.59889
1.55593
1.61016
1.57196
1.6378
1.62326
1.38392
1.31126
1.05858
1.50203
1.37485
1.05224
1.30813
1.49299
1.36159
1.36743
1.04655
1.30109
1.30474
1.04104
1.58539
1.03215
1.59203
1.65342
1.62811
1.66978
1.03293
1.60656
1.59914
1.64843
1.70357
1.68657
1.66907
1.44004
1.53532
1.61976
1.43106
1.53227
1.64828
1.70031
1.62278
1.65347
1.64666
1.67332
1.68031
1.61403
1.60785
1.61957
1.63693
1.62429
1.59874
1.59303
1.60556
1.55356
1.6947
1.71039
1.69011
1.54771
1.54039
1.67409
1.53028
1.64168
1.64053
1.61879
1.52552
1.51475
1.62134
1.1811
1.13716
1.12028
1.16603
1.43643
1.49699
1.55942
1.48683
1.4092
1.48807
1.55027
1.23008
1.39654
1.37073
1.32272
1.24268
1.18706
1.35698
2.32822
2.3118
2.24254
2.27763
2.32951
2.3008
2.21923
2.23305
2.24694
1.40682
1.55824
1.39917
1.51332
1.59972
1.51877
1.58815
1.61708
1.63329
1.58864
1.61292
1.62448
1.62205
1.58054
1.58262
1.56228
1.57196
1.55988
1.59162
1.55617
1.56308
1.62965
1.54144
1.62415
1.55246
1.64152
1.55164
1.61176
1.5542
1.50482
1.57454
1.53253
1.56684
1.51047
1.56353
1.07511
1.13185
1.07781
1.12981
1.38449
1.48024
1.53946
1.45987
1.36341
1.47278
1.52749
1.22744
1.14777
1.26062
1.12945
1.23603
1.15474
1.2362
2.30132
2.30534
2.2311
2.26332
2.18486
2.26136
2.24183
2.28397
2.17274
1.37923
1.53039
1.49226
1.56675
1.49721
1.56341
1.37354
1.59241
1.60137
1.5598
1.58695
1.59777
1.59817
1.55403
1.55893
1.54872
1.54434
1.55195
1.56327
1.5492
1.54016
1.60366
1.59496
1.58752
1.60656
1.60718
1.61049
1.58328
1.52824
1.54286
1.54464
1.58423
1.53164
1.55581
1.54209
1.11351
1.15113
1.09866
1.16434
1.34605
1.46612
1.51577
1.43879
1.33217
1.45989
1.50416
1.26451
1.20412
1.18476
1.09095
1.24895
1.22692
1.17299
2.32693
2.33559
2.22491
2.34893
2.15826
2.34253
2.22216
2.36929
2.15889
1.47671
1.56262
1.36009
1.52891
1.47985
1.56484
1.35675
1.57763
1.59761
1.54097
1.58723
1.58031
1.59982
1.53795
1.55158
1.55741
1.53356
1.56429
1.55214
1.5618
1.53294
1.60347
1.65671
1.57903
1.66545
1.60156
1.6718
1.58024
1.53066
1.59518
1.54314
1.63839
1.52813
1.60804
1.54577
1.19309
1.21494
1.17075
1.23474
1.32167
1.45438
1.49364
1.42326
1.31433
1.44933
1.48391
1.35722
1.31009
1.1534
1.10093
1.33052
1.3396
1.15064
2.36268
2.37161
2.2522
2.42503
2.172
2.42201
2.24355
2.4418
2.17905
1.46924
1.57726
1.35017
1.54334
1.47026
1.58279
1.34904
1.57313
1.61201
1.5328
1.60425
1.5733
1.61741
1.53232
1.55608
1.57844
1.5351
1.58775
1.55406
1.58474
1.53695
1.61866
1.71466
1.58859
1.72154
1.61377
1.72815
1.59291
1.54924
1.64525
1.55807
1.6872
1.54359
1.65689
1.56335
1.29072
1.29955
1.26569
1.32214
1.31008
1.44491
1.47563
1.47422
1.43113
1.15423
1.14293
1.44395
1.46016
1.15817
1.46967
1.60219
1.34847
1.56598
1.46881
1.60913
1.34918
1.54499
1.56989
1.4879
1.5799
1.74185
1.8589
1.73792
1.88127
1.74099
1.85898
1.73878
1.78029
1.82202
1.77956
1.82336
1.57894
1.49378
1.58869
1.56054
1.58678
1.49854
1.59478
2.20665
2.09659
1.66708
1.71389
2.20214
2.09931
1.67278
2.60929
2.61119
1.56665
1.56015
1.54686
1.55941
1.53213
1.54081
1.55008
1.53475
1.53665
1.52259
1.52979
1.53134
1.55138
1.52929
1.53335
1.5905
1.63775
1.57216
1.51973
1.52253
1.52407
1.6235
1.55944
1.56218
1.66527
1.65623
1.64465
1.75159
1.74465
1.64095
1.62384
1.6313
1.7345
1.73846
1.67252
1.60871
1.55709
1.5482
1.66415
1.6518
1.60299
1.60125
1.41462
1.4228
1.52845
1.61362
1.62986
1.52384
1.53965
1.64586
1.61675
1.59003
1.63322
1.59679
1.53109
1.68327
1.63612
1.63471
1.62588
1.63245
1.66443
1.62704
1.63943
1.65501
1.64675
1.59685
1.66251
1.6055
1.6319
1.61725
1.6183
1.63304
1.60943
1.64772
1.61811
1.60865
1.54147
1.69154
1.62878
1.61309
1.55797
1.5232
1.67281
1.61262
1.58569
1.57031
1.58172
1.58058
1.59321
1.60137
1.59865
1.5491
1.50187
1.63972
1.51051
1.65572
1.58499
1.68538
1.58638
1.68496
1.66532
1.63083
1.57435
1.66667
1.67204
1.53996
1.53542
1.63865
1.53449
1.65557
1.65555
1.64829
1.61841
1.56848
1.63528
1.56847
1.65027
1.63303
1.55863
1.3272
1.51622
1.49676
1.50119
1.52407
1.28889
1.59933
1.51962
1.50285
1.58758
1.50599
1.60357
1.58154
1.47941
1.47361
1.47849
1.23721
1.49675
1.25903
1.46378
1.01533
0.999284
1.40905
1.46174
1.36531
1.34676
1.43344
1.39226
1.44838
1.0202
1.30088
1.0694
1.02818
1.14519
0.998553
1.27571
1.1013
1.13878
1.15038
1.08659
0.982921
0.971094
1.32711
1.41848
1.35785
1.41864
1.37501
1.43389
1.30774
0.991447
1.10814
0.967377
1.22455
0.97955
1.24997
0.962757
1.21993
1.21492
1.50424
1.34316
1.33279
1.46281
1.28416
1.20537
1.1476
1.28845
1.16129
1.32097
1.25378
1.3195
1.41451
1.43523
1.3183
1.60848
1.9049
1.74127
1.71313
2.09934
1.56797
1.87536
1.68652
2.06874
1.50129
1.83082
1.53151
1.85142
1.66104
2.22503
2.19172
1.94296
2.21873
2.18039
2.48133
2.47748
2.30012
2.30308
1.92901
2.21699
2.1863
2.21629
2.18131
2.48137
2.47738
2.08395
2.24985
2.10109
2.08207
2.16471
2.06157
2.22449
2.06549
2.16379
2.0383
2.18352
2.04704
2.20274
2.05013
2.4491
2.29117
2.20331
2.18113
2.43955
2.27655
2.2768
2.21825
2.24637
2.20067
2.2353
2.2219
2.25658
2.16706
2.43899
2.28257
2.43608
2.27457
2.15889
1.56396
1.53975
1.55033
1.53481
1.53612
1.54513
1.57882
1.58247
1.56533
1.55054
1.57629
1.55965
1.52746
1.53281
1.53751
1.56271
1.61849
1.57069
1.54697
1.56807
1.55166
1.62566
1.59642
1.58245
1.6213
1.62796
1.62252
1.73327
1.73457
1.63154
1.63314
1.62672
1.74331
1.73807
1.51496
1.60255
1.58324
1.60449
1.52294
1.59067
1.57627
1.54831
1.38535
1.3921
1.50788
1.57183
1.57894
1.50242
1.50762
1.59537
1.57374
1.56336
1.58114
1.56971
1.50069
1.59278
1.62061
1.60145
1.58939
1.60059
1.61032
1.59398
1.61019
1.60342
1.60624
1.56608
1.61312
1.57313
1.60365
1.5857
1.58406
1.59618
1.58152
1.60228
1.5874
1.57909
1.56246
1.49638
1.626
1.5571
1.57318
1.49348
1.61395
1.57512
1.55544
1.54956
1.54936
1.55204
1.55578
1.5685
1.55346
1.56731
1.49374
1.59611
1.49271
1.60417
1.54559
1.60975
1.57292
1.62287
1.61351
1.62034
1.58103
1.61218
1.62007
1.56445
1.57973
1.59366
1.56472
1.60165
1.61269
1.6014
1.61909
1.60407
1.59729
1.59166
1.60387
1.59511
1.43998
1.46857
1.22181
1.42487
1.45083
1.46546
1.21146
1.5445
1.54357
1.53018
1.54883
1.51928
1.55521
1.5368
1.43189
1.42417
1.47466
1.20365
1.46803
1.20562
1.42589
0.968416
0.966872
1.27483
1.34217
1.40405
1.3794
1.29024
1.32831
1.38994
0.925126
0.962815
1.20233
1.03168
0.94103
0.964197
1.18225
1.07814
1.13996
1.13264
1.08628
0.976018
0.989252
1.26178
1.36891
1.3066
1.36513
1.31647
1.37715
1.2509
0.914393
1.01683
0.979041
1.15067
0.969657
1.16553
0.90793
1.20132
1.20297
1.32504
1.406
1.31592
1.40298
1.23004
1.11427
1.1835
1.19855
1.16749
1.21609
1.237
1.33561
1.41113
1.40583
1.35467
1.61635
1.47533
1.81419
2.01468
1.6377
1.45493
1.80068
1.5972
2.00752
1.42575
1.78371
1.43808
1.79082
1.58017
2.22018
2.19422
1.90683
2.2255
2.20438
2.48858
2.49841
2.31873
2.3114
1.90416
2.24041
2.2289
2.23234
2.21609
2.52252
2.50991
2.02619
2.03385
2.16862
2.20577
2.03739
2.03293
2.15659
2.01732
2.224
2.03862
2.14242
2.03469
2.14821
2.00995
2.15599
2.44743
2.29524
2.15557
2.4598
2.30989
2.22484
2.2808
2.32784
2.16
2.30612
2.16484
2.22195
2.15961
2.49119
2.34299
2.47479
2.326
2.1656
1.63144
1.60069
1.61968
1.59393
1.60354
1.61228
1.65066
1.65905
1.63923
1.62241
1.65023
1.63113
1.58536
1.59893
1.60323
1.6112
1.65801
1.62654
1.61745
1.63996
1.62151
1.67011
1.6582
1.64227
1.64127
1.65525
1.65056
1.7499
1.75748
1.66496
1.67036
1.66041
1.77451
1.76577
1.48878
1.5684
1.5576
1.58022
1.49447
1.56483
1.55228
1.5279
1.4877
1.5615
1.36398
1.56175
1.36851
1.48356
1.4838
1.57869
1.56256
1.54352
1.56297
1.54762
1.47944
1.5681
1.59202
1.57656
1.57812
1.5733
1.58943
1.57234
1.58773
1.58498
1.59645
1.54463
1.59664
1.54903
1.58369
1.56367
1.57903
1.58869
1.56634
1.58844
1.56896
1.5599
1.53404
1.49623
1.58996
1.60194
1.53928
1.49993
1.58535
1.55578
1.55361
1.55372
1.53487
1.55097
1.53713
1.55347
1.53009
1.61424
1.51008
1.5805
1.50461
1.58225
1.52712
1.58785
1.61675
1.59271
1.64626
1.59057
1.62973
1.58965
1.60149
1.62118
1.64147
1.57922
1.62596
1.58041
1.60103
1.58639
1.65632
1.65579
1.58781
1.64271
1.58809
1.58646
1.42058
1.48458
1.20505
1.45495
1.4223
1.49636
1.20949
1.52676
1.59807
1.58207
1.54158
1.56898
1.54116
1.52674
1.4207
1.4723
1.52182
1.2256
1.50892
1.21636
1.42234
1.03054
1.00769
1.23586
1.29881
1.35456
1.34376
1.24234
1.29291
1.3449
0.906363
0.992198
1.13881
0.996051
0.905476
1.00877
1.12855
1.13067
1.19645
1.17953
1.14983
1.05717
1.08679
1.23151
1.33765
1.28654
1.32932
1.2889
1.33662
1.22905
0.910488
0.995898
1.0509
1.11451
1.02848
1.12083
0.917303
1.229
1.24386
1.40337
1.42114
1.3766
1.43359
1.28378
1.08977
1.28045
1.1575
1.2532
1.16442
1.30594
1.43446
1.46798
1.4496
1.46643
1.55216
1.41628
1.77945
2.00842
1.56512
1.41042
1.77742
1.54082
2.01431
1.40632
1.77923
1.40695
1.77748
1.53144
2.24924
2.24237
1.90613
2.25865
2.25624
2.53566
2.54903
2.3536
2.34456
1.909
2.27808
2.28415
2.2683
2.27021
2.57554
2.56239
2.00044
2.04417
2.13944
2.28208
2.00452
2.05101
2.1386
1.99781
2.30145
2.06719
2.14247
2.05875
2.13971
1.99632
2.18293
2.50825
2.36053
2.17358
2.52541
2.37822
2.22958
2.36307
2.40738
2.16615
2.38876
2.16164
2.23605
2.19337
2.55873
2.4133
2.54232
2.3959
2.20447
1.61413
1.03638
1.62177
1.72054
1.71048
1.73734
1.03777
1.63684
1.62935
1.73087
1.76986
1.75381
1.679
1.70995
1.69885
1.66942
1.67966
1.68852
1.72963
1.73774
1.71849
1.69845
1.72593
1.7074
1.65845
1.67372
1.67678
1.6742
1.70787
1.69011
1.6922
1.71257
1.69487
1.72057
1.7213
1.70585
1.68037
1.6961
1.69037
1.78353
1.79267
1.70684
1.71018
1.70032
1.81094
1.80184
1.34816
1.01691
1.28407
1.47689
1.02004
1.34816
1.28136
1.01435
1.47943
1.35032
1.277
1.34892
1.27902
1.01201
1.47272
1.56356
1.54007
1.58214
1.47575
1.56569
1.53727
1.47402
1.53151
1.5723
1.35183
1.56816
1.35402
1.47194
1.47031
1.58556
1.57301
1.53356
1.56892
1.53508
1.46858
1.55451
1.59022
1.56444
1.58766
1.55687
1.59272
1.56329
1.57555
1.59028
1.60715
1.53391
1.6031
1.5356
1.57417
1.55279
1.59224
1.6004
1.56287
1.59621
1.56272
1.55173
1.52416
1.51618
1.57991
1.65215
1.52521
1.52277
1.58044
1.55176
1.56945
1.57242
1.53379
1.56688
1.53306
1.55263
1.52392
1.6647
1.53697
1.58411
1.52973
1.58183
1.52441
1.58965
1.66867
1.58864
1.68704
1.58743
1.68148
1.59049
1.60604
1.67986
1.70084
1.58513
1.68646
1.58213
1.6097
1.59245
1.6972
1.70623
1.59654
1.69395
1.59312
1.59624
1.42949
1.53508
1.23649
1.53249
1.42531
1.54831
1.24913
1.53418
1.65122
1.63312
1.55339
1.62078
1.54917
1.53857
1.43458
1.55331
1.5746
1.27755
1.5616
1.26274
1.44058
1.15234
1.11875
1.22974
1.28589
1.32333
1.32462
1.22854
1.28668
1.31836
0.938397
1.07568
1.11045
1.01135
0.926766
1.10237
1.10764
1.21658
1.27729
1.25561
1.24087
1.18694
1.22192
1.23268
1.3222
1.29246
1.31184
1.28896
1.31458
1.23708
0.952149
1.02095
1.15975
1.10704
1.13054
1.10678
0.967562
1.30173
1.32403
1.53801
1.48864
1.50367
1.51151
1.38516
1.10916
1.40047
1.15119
1.37054
1.15036
1.41445
1.57846
1.5613
1.53541
1.61262
1.5171
1.40774
1.78239
2.04245
1.52338
1.41132
1.78679
1.51198
2.05415
1.42366
1.79836
1.41672
1.79214
1.50846
2.28776
2.29783
1.92207
2.29731
2.31121
2.58836
2.60077
2.38911
2.38047
1.92717
2.31563
2.33664
2.30661
2.32416
2.62411
2.61268
1.99649
2.07602
2.14661
2.35741
1.99596
2.08518
2.15192
1.99781
2.3748
2.10372
2.16495
2.09442
2.15804
1.99982
2.22783
2.57451
2.43032
2.21608
2.58955
2.44682
1.64415
1.04227
1.65126
1.78538
1.7891
1.80034
1.04381
1.66475
1.65813
1.80719
1.82834
1.81466
1.75654
1.78638
1.77476
1.74401
1.75223
1.76156
1.80419
1.80926
1.79235
1.76905
1.79484
1.77852
1.72983
1.74521
1.74652
1.73639
1.7577
1.75104
1.76181
1.77808
1.76263
1.76957
1.77884
1.76521
1.71992
1.73902
1.72949
1.81992
1.82871
1.74954
1.74803
1.73888
1.84565
1.83731
1.00857
1.35231
1.27534
1.49091
1.01019
1.35482
1.27404
1.00746
1.49579
1.36117
1.27255
1.3578
1.27311
1.00654
1.46685
1.57794
1.53247
1.60049
1.46738
1.58348
1.532
1.46859
1.5484
1.59542
1.34823
1.58892
1.34838
1.46857
1.46676
1.60669
1.59617
1.53233
1.58962
1.53186
1.46731
1.55136
1.60533
1.56346
1.60903
1.55123
1.61076
1.56472
1.57336
1.61018
1.62971
1.53293
1.62338
1.53233
1.57426
1.55192
1.61548
1.62295
1.56847
1.6167
1.56628
1.55308
1.52724
1.54438
1.58703
1.70159
1.52553
1.55191
1.59062
1.55849
1.59462
1.59811
1.54195
1.59136
1.53921
1.56141
1.52939
1.71333
1.56704
1.59916
1.55948
1.59465
1.53203
1.60524
1.71805
1.60047
1.72674
1.60037
1.72963
1.605
1.45437
1.58747
1.29278
1.61304
1.44715
1.59989
1.30874
1.29108
1.25679
1.25016
1.29724
1.3102
1.31947
1.24302
1.30298
1.30958
1.00273
1.18962
1.10905
1.06016
0.984566
1.21975
1.11206
1.39483
1.5871
1.6539
1.67109
1.0484
1.67716
1.84135
1.85677
1.85369
1.82545
1.85349
1.84089
1.81049
1.81546
1.82544
1.00577
1.36488
1.27233
1.51267
1.00607
1.36886
1.27247
1.46964
1.60301
1.53305
1.62733
1.46818
1.61004
1.53438
1.8151
1.66758
1.67893
1.82039
1.77836
1.79361
1.64438
1.56338
1.66007
1.60133
1.65744
1.59772
1.64688
1.52039
1.61148
1.81104
1.50773
1.80909
1.50427
1.52246
1.95635
2.19356
1.70085
2.09236
1.66238
2.08902
1.65633
2.19885
2.38211
2.3072
2.30184
2.38001
1.79398
2.45542
1.94
2.09798
1.93563
2.09505
1.79847
2.60751
2.60569
2.10983
2.51685
2.55009
2.51518
2.54898
1.77249
1.924
1.76837
1.90624
1.77185
1.92445
1.76905
1.94564
1.78001
1.79701
1.79578
1.963
1.94841
1.77812
1.77122
1.92245
1.77492
1.77379
1.9062
1.9245
1.77015
1.68099
1.81553
1.66891
1.8958
1.67994
1.81553
1.67092
1.85403
1.74128
1.74392
1.74282
1.88129
1.85807
1.73995
1.80638
1.68115
1.68451
1.68277
1.88821
1.81258
1.67352
1.7931
1.7939
1.65167
1.6626
1.6045
1.57239
1.64928
1.66532
1.60785
1.52751
1.8124
1.5109
1.62153
1.52461
1.81245
1.51386
1.81242
1.7543
1.77147
1.81988
1.75678
1.78118
1.67614
1.61811
1.65508
1.65304
1.57832
1.66872
1.61241
1.77774
1.51784
1.53828
1.53152
1.62602
1.80186
1.51617
1.9633
1.95495
2.38919
2.31121
2.39074
2.31703
2.07021
1.69275
2.19944
2.20889
1.71928
2.09474
1.6796
2.32818
2.37707
2.39327
2.32097
1.80706
1.94522
2.10041
2.46404
1.80291
1.94975
2.10323
1.97643
2.12251
1.82663
1.81466
2.46443
1.95789
2.10928
2.51863
2.55116
2.11519
2.52043
2.55225
2.78994
2.79042
2.61518
2.61374
2.52995
2.55372
2.11833
2.52396
2.55327
2.7873
2.79048
2.13738
2.28788
2.37468
2.6529
2.13643
2.28877
2.37563
2.29441
2.37837
2.13977
2.13824
2.65315
2.29042
2.37665
1.25363
0.57268
1.19831
0.795973
0.31487
0.855763
0.311993
1.714
1.71335
1.70356
1.67355
1.70592
1.67595
1.70624
1.67229
1.71655
1.72442
1.66562
1.68229
1.66285
1.68311
0.512916
0.130204
0.30261
0.171896
0.496838
0.129733
0.290716
1.18572
0.612011
0.929162
0.884852
1.16458
0.599749
0.899965
1.44921
1.12762
1.28818
1.32866
1.43573
1.11305
1.26837
1.55223
1.36366
1.45281
1.49189
1.54451
1.35515
1.44136
1.61633
1.4894
1.54392
1.58446
1.60897
1.48384
1.53713
1.57575
1.5367
1.55403
1.60091
1.56917
1.53308
1.54765
2.20658
2.00206
2.17289
2.06567
1.90561
1.89901
2.09061
2.35655
2.45999
2.43975
2.37339
2.3312
2.40734
2.46114
1.12473
0.306056
0.748779
0.540257
1.11488
0.747734
0.304765
0.493924
0.129578
0.28941
0.171235
0.493211
0.129547
0.289661
1.1618
0.596415
0.899475
0.882027
1.16176
0.595062
0.90291
1.43313
1.11043
1.26931
1.32628
1.43199
1.11007
1.27256
1.54259
1.35393
1.44287
1.48791
1.54105
1.35386
1.44505
1.60564
1.48334
1.53827
1.58058
1.60246
1.48338
1.53943
1.56065
1.53188
1.54662
1.59125
1.55292
1.53098
1.54587
1.76104
1.54593
1.7103
1.5927
1.75784
1.54468
1.71242
2.0961
1.87907
2.03491
2.02758
1.95011
2.07791
1.87395
1.97207
1.70396
1.87662
1.79316
1.96977
1.70341
1.87805
2.19976
1.98132
2.09475
2.10453
2.19193
1.97946
2.09441
1.0927
0.30204
0.74664
0.530468
1.087
0.745615
0.300962
0.492427
0.129504
0.289869
0.17087
0.491547
0.129441
0.290003
1.16163
0.593883
0.905941
0.881708
1.16131
0.592784
0.90871
1.43071
1.10986
1.27526
1.3254
1.4292
1.10979
1.27754
1.53909
1.35375
1.44665
1.48363
1.5368
1.35347
1.44779
1.59903
1.48324
1.54003
1.57553
1.59545
1.48281
1.54016
1.54505
1.52993
1.54458
1.58141
1.53723
1.52851
1.54258
1.75403
1.54418
1.71375
1.59192
1.7495
1.54371
1.71424
1.99542
2.03906
1.85943
1.91337
2.00344
2.03107
1.85439
1.96682
1.70319
1.87883
1.79222
1.96344
1.7027
1.87895
2.18421
1.97743
2.09322
2.09108
2.17663
1.97499
2.09124
1.0748
0.298264
0.524302
0.742169
1.072
0.740723
0.297278
1.16077
0.591663
0.910988
0.880564
1.16008
0.590645
0.913061
1.42752
1.10958
1.27925
1.32347
1.42568
1.10945
1.28064
1.53424
1.353
1.44846
1.47831
1.53165
1.3524
1.4488
1.5918
1.48217
1.53988
1.56947
1.58829
1.48135
1.5393
1.52974
1.52689
1.54019
1.57168
1.5228
1.52507
1.53736
1.7445
1.54328
1.71401
1.5888
1.73934
1.54279
1.71322
1.9714
2.01913
1.84085
1.89064
1.97623
2.01855
1.83683
1.95979
1.70237
1.87859
1.78977
1.95624
1.70178
1.87781
2.16955
1.97242
2.0888
2.07917
2.16319
1.9697
2.08597
1.06669
0.735297
0.294933
0.520941
0.736752
1.06579
0.294086
0.48844
0.129189
0.289972
0.169925
0.487364
0.129094
0.289902
1.15924
0.589616
0.914739
0.878828
1.1583
0.588691
0.916275
1.42379
1.10919
1.28161
1.32086
1.42189
1.10901
1.28235
1.52904
1.35167
1.44885
1.47289
1.52655
1.35087
1.44867
1.58496
1.48042
1.53852
1.56351
1.58193
1.47938
1.53754
1.51656
1.52322
1.53441
1.56329
1.51113
1.52129
1.53131
1.73419
1.54224
1.71202
1.58422
1.72923
1.54158
1.71046
1.96099
2.02365
1.82707
1.88126
1.96241
2.02717
1.82453
1.95281
1.70136
1.87682
1.78669
1.94974
1.70069
1.87559
2.15779
1.96706
2.0831
1.96443
2.08016
0.730658
1.06542
0.292175
0.519482
0.731831
1.0659
0.291476
0.486237
0.128998
0.289779
0.169436
0.485142
0.128901
0.289661
1.15727
0.587755
0.917485
0.876694
1.15619
0.586918
0.918605
1.42006
1.10869
1.28281
1.31792
1.41833
1.10844
1.28311
1.52418
1.35002
1.44832
1.46809
1.52204
1.34914
1.44781
1.5792
1.47833
1.5365
1.50658
1.51944
1.52835
0.727526
1.06893
0.289996
0.519208
0.728287
1.07031
0.289434
1.5748
1.74693
1.53064
1.70376
1.60406
1.53863
1.58154
1.60648
1.48125
1.5405
1.57617
1.52582
1.54323
1.59811
1.58036
1.52816
1.54646
1.75119
1.53275
1.70624
1.58193
1.75617
1.5345
1.70931
2.07164
2.20219
1.87753
1.98657
2.0707
2.2034
1.87882
1.97413
1.69816
1.87924
1.79007
1.97737
1.69954
1.8816
1.15939
0.553034
1.17871
0.784755
0.290356
0.771178
0.295096
0.483654
0.1272
0.289809
0.176591
0.532672
0.130771
0.318255
1.17272
0.584621
0.933371
0.934078
1.2085
0.625632
0.966172
1.44753
1.11667
1.29818
1.36402
1.46302
1.14407
1.31395
1.54996
1.36162
1.45783
1.50727
1.55792
1.37244
1.46468
1.61232
1.48653
1.54389
1.59273
1.61597
1.49307
1.55045
1.57899
1.53115
1.55093
1.60825
1.58238
1.53776
1.55119
1.77326
1.54666
1.71921
1.59565
1.77129
1.54496
1.72065
2.21976
2.01608
2.23419
2.09307
1.88889
2.08232
1.90002
1.98261
1.70504
1.88799
1.80732
1.99216
1.71208
1.89594
2.22384
1.98606
2.10858
2.14143
2.22768
1.99763
2.11769
1.66149
1.66749
1.65529
1.63678
1.66135
1.63257
1.66392
1.57319
1.60412
1.55924
1.55025
1.58807
1.54882
1.58703
2.30616
2.2964
2.27144
2.2127
2.27955
2.23336
2.30434
2.31935
2.2971
2.32508
2.23808
2.35165
2.2504
2.29867
1.46405
1.50076
1.43972
1.41626
1.47893
1.45784
1.48689
2.32431
2.30442
2.46432
2.28518
2.44328
2.26625
2.28249
1.98437
2.11732
2.14248
2.05086
1.88453
1.89284
2.04079
1.57965
1.634
1.62903
1.61714
1.61838
1.57538
1.59568
1.60949
1.5977
1.62244
1.59481
1.33415
1.43017
1.55878
1.53694
1.49444
1.50895
1.5505
1.59084
1.54639
1.29302
1.48771
1.37226
1.40693
1.43929
1.34537
1.47776
1.67886
1.74609
1.71697
1.76883
1.74239
1.73948
1.78463
2.37611
2.37838
2.09751
2.51967
2.11017
2.24328
2.60948
2.20744
2.48221
2.70349
2.87164
2.6885
2.36939
2.46334
2.28662
2.35467
2.37885
2.46186
2.28645
2.92516
2.83507
2.2781
2.35776
2.36512
2.35435
2.28531
1.54753
1.54173
1.49331
1.55582
1.42143
1.52665
1.56571
1.59929
1.58651
1.63219
1.60474
1.61645
1.57323
1.61001
1.31734
1.32358
1.35857
1.37245
1.25773
1.32368
1.37097
1.51295
1.85575
1.74234
1.81143
1.63578
1.81843
1.79235
2.02667
2.12328
2.09877
2.06952
2.16125
2.0339
2.07487
2.41387
2.21001
2.30807
2.53827
2.18501
2.56547
2.29848
2.42158
2.3334
2.42256
2.36334
2.41612
2.32886
2.37733
0.558572
1.13791
1.16046
0.764918
0.307591
0.75095
0.309744
1.67443
1.7303
1.73022
1.6634
1.68846
1.67207
1.68098
1.7916
2.00399
1.97613
1.88526
1.83474
1.89375
1.87659
1.88423
1.86169
1.87412
1.87318
1.84819
1.8704
1.8803
1.70816
1.72989
1.76438
1.76626
1.73028
1.77782
1.77752
1.49806
1.52787
1.55523
1.51517
1.52894
1.51378
1.51757
2.23266
2.02789
1.9073
2.24242
2.0952
2.10367
1.91196
2.35802
2.36424
2.43043
2.42375
2.44318
2.34891
2.43318
2.19736
2.11738
2.05673
2.18146
2.10567
2.12002
2.09033
1.66203
1.72004
1.65474
1.71558
1.65182
1.67893
1.72241
2.2911
2.28458
2.38813
2.2434
2.25697
2.21494
2.25808
1.64653
1.77603
1.76971
1.8429
1.70014
1.34433
1.44454
1.36028
1.40818
1.47364
1.40665
1.46234
1.14642
1.23131
1.26076
1.11277
1.25868
1.41402
1.20964
1.37833
1.35703
1.3586
1.2383
1.42368
1.2909
1.37525
2.00842
2.15062
1.7187
1.89869
2.12957
2.23396
1.70221
1.55468
1.78151
1.74061
1.57534
1.61023
2.53641
2.62984
2.35257
2.52815
2.56972
2.27799
2.5321
2.32111
2.36718
2.42823
2.3739
2.52578
2.79892
2.71388
2.58276
2.74767
2.47567
2.57116
2.72098
2.43871
2.53841
2.55026
2.48757
1.68935
1.68421
1.67929
1.6538
1.68628
1.65461
1.68463
1.65356
1.71008
1.658
1.70617
1.63608
1.64549
1.66326
1.26235
0.5734
0.316365
1.21509
0.858616
0.813869
0.304521
1.6294
1.74893
1.49496
1.58933
1.22022
1.16564
1.46101
1.81715
1.79988
1.56169
1.81981
1.65749
1.64253
1.53778
1.80975
1.81805
1.69782
1.81295
1.65048
1.63914
1.69142
1.81365
1.81825
1.69428
1.82118
1.72661
1.72662
1.69043
1.79448
1.80178
1.71258
1.8025
1.70139
1.70709
1.7253
1.73193
1.78246
1.69531
1.75711
1.6992
1.70892
1.7058
1.70787
1.73265
1.76616
1.75885
1.72483
1.77087
1.77729
1.68541
1.64568
1.62309
1.68033
1.6572
1.6616
1.64103
1.67401
1.66206
1.7032
1.6461
1.66986
1.63589
1.66812
1.85078
1.84428
1.8415
1.79729
1.78865
1.79726
1.85049
1.93088
1.86967
0.537414
1.09921
1.10656
0.747722
0.3029
0.747228
0.303941
0.528639
1.0781
1.08215
0.744639
0.299078
0.743348
0.300115
2.01994
1.9401
2.04954
1.86426
2.0624
1.86932
2.01147
2.30348
2.22913
2.28243
2.26712
2.26299
2.28434
2.22071
2.25292
2.25305
2.25471
2.20451
2.26806
2.21251
2.24024
1.98835
1.90621
2.02134
1.84506
2.02517
1.84971
1.98174
2.22049
2.24446
2.19704
2.22511
2.22951
2.23681
2.19
2.21348
2.21772
2.22881
2.17797
2.23178
2.18367
2.20805
1.35687
1.29746
1.47708
1.03614
1.35324
1.03142
1.2938
0.523263
1.06799
1.06976
0.739467
0.295618
0.738009
0.29653
1.47507
1.34895
1.35062
1.0273
1.28705
1.29035
1.02338
1.9676
1.88713
2.02101
1.82995
2.01917
1.83324
1.96456
2.20219
2.2279
2.17309
2.20162
2.20447
2.22853
2.16893
2.20147
2.19843
2.23402
2.16293
2.23074
2.16556
2.20174
0.734146
0.520466
1.0652
0.292714
1.06533
0.732847
0.293479
1.96028
1.88042
2.03584
1.82054
2.03121
1.82236
1.96023
2.20546
2.23844
2.16099
2.19463
2.20326
2.24357
2.15976
0.729843
0.519354
1.0677
0.290394
1.0667
0.728908
0.291016
2.06854
1.98147
2.20115
1.87608
2.19993
1.87468
2.06963
2.20925
1.8834
2.07607
2.07338
1.98875
2.20511
1.88088
1.68754
1.70251
1.74259
1.74568
1.71087
1.76063
1.7566
1.98404
1.70969
1.88612
1.79294
1.97465
1.70507
1.87542
0.490547
0.129365
0.290035
0.170411
0.489529
0.129279
0.290037
1.70125
1.70087
1.68573
1.65648
1.69711
1.66106
1.70054
1.69385
1.66017
1.69261
1.69117
1.68371
1.65969
1.69394
2.20873
2.09194
2.19904
2.07992
2.03521
2.01579
2.09509
1.626
1.63185
1.6117
1.581
1.62068
1.58535
1.63063
1.68961
1.61316
1.68186
1.6434
1.61127
1.59732
1.65286
1.76699
1.93912
0.716631
2.80994
3.24856
0.834643
1.64475
1.95316
0.800961
1.58926
1.86694
0.761985
2.36877
2.83787
0.847066
1.59949
1.90966
0.72027
1.58355
1.87871
0.700361
2.36487
2.81134
0.773898
1.65297
1.94422
0.714781
1.6466
1.92871
0.703351
2.45634
2.86297
0.78527
1.71956
1.9931
0.722136
1.70942
1.97544
0.71355
2.53436
2.91094
0.8013
1.77557
2.031
0.732173
1.75675
2.00646
0.723535
1.88569
2.08345
0.760877
1.90736
2.05177
0.760296
1.86528
2.02743
0.753812
2.71031
2.97975
0.83742
1.61666
1.88875
0.812191
1.21256
0.848691
0.97853
0.724798
3.3182
3.62234
0.891086
1.79062
2.53295
1.01101
1.62012
2.45092
1.0526
1.71956
2.08724
0.951032
1.69707
2.02755
0.92599
1.6372
1.92982
0.874352
1.91744
2.15382
0.740681
1.61955
1.89201
0.863785
1.78888
2.07506
0.871139
1.9389
2.17539
0.741061
2.10791
2.31567
0.743816
1.82402
2.1155
0.881798
2.07282
2.27923
0.739661
1.78878
1.99874
0.707641
1.77544
1.99241
0.755961
1.74003
2.04013
0.865399
1.73422
2.0452
0.847746
0.770316
0.750693
2.60303
2.96624
0.964965
2.81942
3.16413
0.845922
2.68148
3.25806
1.06346
2.6241
3.1688
1.01437
1.67109
1.72515
0.648696
2.03852
0.639969
3.20709
3.41115
0.815926
1.81615
1.95481
0.732618
1.96271
0.798245
0.694766
0.913238
0.653733
0.991236
0.654223
1.35122
0.771083
1.02022
0.711878
1.78374
2.01401
0.783454
1.82962
2.05255
0.710833
1.83427
2.12274
0.75381
1.73028
2.51821
1.03714
2.20865
2.4863
0.908209
1.79292
2.44925
1.01446
1.98711
2.03429
0.790135
2.17096
2.41718
0.885199
2.05452
2.26392
0.832627
1.93783
1.97478
0.766512
1.82344
1.85301
0.717385
2.03007
2.22304
0.818395
1.97959
2.15404
0.794105
1.78723
1.81152
0.70656
1.89913
2.08633
0.718012
1.95947
2.13334
0.787158
1.91399
2.11513
0.725654
2.06051
2.20447
0.714621
2.03289
2.18278
0.714301
1.0429
0.630364
0.711946
0.895277
0.667775
0.705273
0.900106
0.671077
3.12274
3.54288
0.879128
3.21709
3.6126
0.9097
2.20979
2.64272
0.921374
1.70516
2.50428
1.06202
1.91186
2.31428
1.05755
1.87792
2.24642
1.02353
1.79905
2.12959
0.958702
1.78268
2.09238
0.958255
1.95027
2.23503
0.928947
1.90928
2.14034
0.726703
1.96829
2.26112
0.937431
1.78508
2.0208
0.704524
2.09992
2.23317
0.736814
1.02846
0.845913
0.818035
1.91899
0.793398
1.70607
0.656204
2.60067
2.93323
0.788006
2.69411
3.0173
0.816587
2.74036
3.07012
0.822264
2.73118
3.27108
0.941145
2.94664
3.27848
0.842919
2.79078
3.3701
0.888655
1.66209
1.74569
0.632026
1.75958
1.83713
0.712098
1.72078
1.77764
0.689595
1.77834
1.87572
0.673422
0.97979
1.84276
0.64554
0.969751
0.785992
1.07677
0.80451
1.95361
0.986962
0.774764
1.36543
0.959117
1.25435
1.1426
0.898286
2.39902
2.54657
0.7101
2.2859
2.67526
0.710241
2.58274
2.70557
0.737494
2.53939
2.77579
0.700036
2.55443
2.65966
0.73187
1.68436
0.747516
1.82221
1.97729
0.714631
0.922717
0.612691
0.970054
1.02028
0.625134
0.784683
2.51787
2.90961
0.773782
2.69854
3.06369
0.794368
2.80558
3.26301
0.839397
2.92356
3.32358
0.840707
2.72089
3.17378
0.812085
2.06043
2.26709
0.785498
1.92403
2.18217
0.748488
1.95877
2.19658
0.744103
1.94786
2.19941
0.749639
2.07718
2.28016
0.741322
2.07287
2.27199
0.737894
2.17368
2.4328
0.92427
1.76169
2.46649
1.02961
2.09059
2.17194
0.836894
2.12254
2.2683
0.873733
1.89101
1.92466
0.747976
2.07584
2.19788
0.849193
1.8587
1.89026
0.733729
1.95527
2.05405
0.796193
1.77435
1.81183
0.691199
1.92266
2.00975
0.782637
1.80012
1.88797
0.684608
1.83452
1.85519
0.72143
1.88295
2.08129
0.712045
1.84562
1.87529
0.722974
1.78008
1.98632
0.698005
2.03849
2.1155
0.703851
2.22152
2.66571
0.95308
2.20069
2.45683
0.899635
2.30018
2.64296
0.905361
2.15675
2.52312
0.989071
1.91239
2.14772
0.727884
1.92182
2.16541
0.735299
1.89902
2.14012
0.726642
1.80213
2.04245
0.710022
2.05592
2.25374
0.736543
2.14872
2.31188
0.755192
1.62004
2.46404
1.03072
1.6884
2.08586
0.887814
1.64477
2.4908
1.0183
1.69392
2.14202
0.820926
1.64251
2.46072
1.07162
1.99281
2.56634
1.02494
1.98688
2.57915
0.982503
1.62849
2.47471
1.02131
1.65208
2.49749
1.01945
1.71455
2.16664
0.817661
1.67076
2.51128
1.02432
1.79721
2.24415
0.821484
1.63692
2.4831
1.01837
2.01145
2.62863
0.947305
1.67595
2.51419
1.02574
1.82667
2.26851
0.824927
1.68872
2.51992
1.02896
1.9097
2.33139
0.837423
2.02411
2.63979
0.948746
1.65884
2.50309
1.02106
1.66506
2.50763
1.02274
2.06259
2.66161
0.956264
1.66467
2.02342
0.864117
1.60384
1.92052
0.815958
1.66234
2.07155
0.796779
1.59211
1.95064
0.75118
1.58619
1.88442
0.805365
1.74661
2.04181
0.817617
1.57315
1.91619
0.740388
1.6991
2.0158
0.753855
1.78206
2.07989
0.829409
1.72507
2.04004
0.764934
0.935923
0.90388
0.627568
0.907123
1.04857
0.496451
1.98834
2.31144
0.720475
1.68061
2.09447
0.793048
1.60692
1.96842
0.74701
1.75744
2.16933
0.795652
1.67417
2.03195
0.747614
1.58757
1.93431
0.736072
1.70073
2.01675
0.749173
1.65373
1.99814
0.736371
1.72925
2.03558
0.745828
1.72203
2.03572
0.759253
1.73642
2.04003
0.752211
0.940033
1.11906
0.481558
1.08936
1.35873
0.477497
2.02858
2.33872
0.692212
1.78541
2.19343
0.798815
1.69962
2.05371
0.750144
1.86513
2.25624
0.810829
1.77316
2.11227
0.760753
1.6788
2.01985
0.738805
1.74272
2.04516
0.746519
1.75127
2.07799
0.749104
1.78474
2.0752
0.751341
1.74574
2.04564
0.751614
1.77808
2.06714
0.752987
1.14338
1.43463
0.485072
1.29351
1.61509
0.518509
1.69216
2.52117
1.02975
1.93455
2.34873
0.841753
1.70042
2.52384
1.03155
1.99931
2.39037
0.85417
1.88925
2.2737
0.815084
1.7956
2.12893
0.764691
1.95269
2.31561
0.827471
1.85494
2.16944
0.776322
1.77338
2.09441
0.752942
1.79824
2.08468
0.753466
1.83185
2.13437
0.764217
1.83534
2.10922
0.760334
1.78905
2.07465
0.75415
1.82035
2.09511
0.758589
1.33682
1.65636
0.530551
1.44328
1.73524
0.560037
1.70262
2.52449
1.03201
2.01762
2.40126
0.857942
1.70791
2.52601
1.03309
2.06371
2.42723
0.867788
1.97082
2.32657
0.831274
1.87204
2.18026
0.779918
2.01684
2.35272
0.841245
1.91585
2.20645
0.789584
1.84868
2.14497
0.767735
1.8464
2.11605
0.76263
1.89185
2.17029
0.777155
1.87555
2.13325
0.768925
1.83002
2.10118
0.760199
1.85638
2.11673
0.765038
1.4715
1.75116
0.567402
1.70932
2.52642
1.03337
2.07641
2.43413
0.870602
2.02964
2.35968
0.844114
1.9282
2.21349
0.79243
1.86172
1.96708
0.667072
2.40364
2.59858
0.781072
1.85894
1.92352
0.716395
1.86239
1.96792
0.666955
1.82117
1.84084
0.638983
1.90784
2.05981
0.762366
1.84084
1.92554
0.742541
1.84582
1.94105
0.746297
1.83363
1.97495
0.740223
1.83397
1.95829
0.735048
1.79066
1.89339
0.717511
1.13058
1.19875
2.19978
0.683868
2.19395
0.679903
1.18914
2.68912
2.96313
0.835652
2.64396
2.84173
0.806674
2.63743
2.85411
0.805734
1.6652
1.94524
0.860475
1.60785
1.87571
0.809403
1.65812
1.94087
0.851923
1.10615
1.91545
0.701156
1.92155
0.848276
0.967605
0.865146
0.846529
0.700823
0.884056
0.963926
1.23681
1.1142
0.91365
1.12102
2.43062
2.73117
0.932233
2.39188
2.85233
0.95992
2.47886
3.0075
0.975868
1.78583
2.14246
1.02426
1.84885
2.30551
0.99711
1.76196
2.08441
0.995364
1.66927
1.98094
0.905275
1.69834
1.98552
0.937981
1.65253
1.95393
0.8893
1.67844
1.94237
0.929429
1.62429
1.90038
0.856782
1.85612
2.13848
0.925102
1.68707
1.986
0.86477
1.88734
2.17524
0.933679
1.79876
2.0814
0.866836
2.00354
0.765984
1.24007
1.95745
0.709191
1.04882
1.85226
0.623945
1.04021
1.10778
1.3712
2.3647
2.66306
0.797977
2.61929
2.90089
0.834129
2.21003
2.70615
0.985081
1.74262
2.50914
1.03153
2.2544
2.59315
0.942295
2.19451
2.42808
0.891129
2.12433
2.35678
0.865299
2.15373
2.35896
0.867489
2.09053
2.31305
0.850159
2.03338
2.20497
0.815578
2.01061
2.19333
0.810111
2.00777
2.16191
0.800243
1.99373
2.16877
0.804476
1.93058
2.0447
0.780206
1.93289
2.10572
0.778574
1.91422
2.02709
0.773805
1.94586
2.06998
0.77134
1.82447
2.29717
0.934541
1.6769
2.10103
0.848183
1.68017
2.11974
0.829447
1.84148
2.34432
0.872806
1.86235
2.36497
0.871145
1.73977
2.19242
0.817345
1.76785
2.21857
0.818823
1.93753
2.42666
0.877251
2.07433
2.66637
0.958478
1.68066
2.51652
1.02698
1.9626
2.44499
0.880636
1.85553
2.29129
0.828865
1.68491
2.51839
1.02804
2.10482
2.67744
0.963771
1.8833
2.31228
0.833084
2.03034
2.4909
0.891373
1.62861
1.92768
0.789632
1.61587
1.92984
0.759855
1.60399
1.90878
0.75007
1.57661
1.84815
0.758503
1.57404
1.86219
0.728028
1.55751
1.83975
0.721607
0.824865
0.849632
0.626693
0.945279
0.988374
0.646605
0.998454
0.988462
0.738925
0.899326
0.973199
0.641365
0.893575
0.999849
0.566747
2.34643
2.78239
0.829961
2.34353
2.81482
0.800747
2.33315
2.7704
0.786774
1.59879
1.90032
0.713629
1.60842
1.91415
0.716673
1.6106
1.90829
0.710927
1.55879
1.85003
0.689913
1.59695
1.8898
0.699549
1.5705
1.86007
0.688552
0.844241
1.05392
0.524707
0.869606
1.21827
0.488806
0.933251
1.1826
0.472875
0.836738
1.12748
0.506132
0.99094
1.27264
0.466902
2.34672
2.66655
0.778894
2.38192
2.8034
0.767384
2.38666
2.82214
0.775214
2.40867
2.82164
0.771392
1.66117
1.94624
0.711616
1.66999
1.95685
0.715963
1.67946
1.96067
0.713566
1.61728
1.8977
0.691485
1.66351
1.94165
0.705656
1.63389
1.91054
0.693643
1.04598
1.35786
0.520029
1.10821
1.59802
0.49521
1.19466
1.54865
0.48936
1.04397
1.51509
0.485758
1.25951
1.62597
0.5048
2.48389
2.87504
0.787167
2.478
2.87656
0.789337
2.50485
2.88964
0.792298
1.73106
2.0001
0.721594
1.73482
2.00398
0.724623
1.74653
2.01142
0.724554
1.67982
1.94485
0.701425
1.72273
1.98461
0.716207
1.69328
1.95415
0.704115
1.25546
1.60484
0.559805
1.34791
1.81853
0.5476
1.42147
1.78945
0.551328
1.2961
1.78265
0.534629
1.46413
1.82395
0.56374
2.41891
2.71353
0.796245
2.55523
2.92354
0.805064
2.55035
2.92056
0.804926
2.56866
2.93219
0.808514
1.78683
2.03861
0.733125
1.78746
2.03844
0.734615
1.79838
2.04578
0.735808
1.72806
1.97653
0.711636
1.76629
2.01211
0.725705
1.73784
1.98228
0.71388
1.41561
1.737
0.601655
1.51134
1.89977
0.58322
1.56384
1.88754
0.591836
1.47881
1.88766
0.576269
1.58941
1.89997
0.598126
1.86399
2.05861
0.751863
1.88588
2.08345
0.76104
1.86391
2.05803
0.751929
1.76403
1.92333
0.702594
1.94085
2.097
0.670561
1.98336
2.10787
0.691322
1.94103
2.10006
0.671016
1.98434
2.10671
0.689413
2.57835
2.82158
0.839254
1.63606
1.97531
0.844823
1.6506
2.03552
0.824652
1.62014
1.94723
0.830204
1.58706
1.9268
0.778202
1.65116
2.05152
0.805703
1.62928
2.01738
0.778132
1.58442
1.93642
0.760121
1.61264
1.98534
0.765017
1.59059
1.88814
0.799624
1.56904
1.89103
0.767903
1.65115
1.96022
0.807411
1.71926
2.02648
0.781785
1.56589
1.90145
0.749528
1.57475
1.91211
0.735348
1.7044
2.01887
0.763035
1.62462
1.95812
0.742465
1.75986
2.04979
0.816154
1.75276
2.06073
0.793858
1.79786
2.03426
0.804066
1.73454
2.04829
0.774832
1.71362
2.0214
0.755133
0.777216
0.825468
0.572068
0.791789
0.764705
0.614609
0.74952
0.786579
0.559563
0.794187
0.883496
0.586069
0.762144
0.86723
0.536805
0.905262
0.939715
0.562896
0.893531
0.988735
0.521668
0.84009
0.997263
0.577508
0.892206
1.10378
0.488581
0.876482
1.0415
0.517409
0.823006
1.04998
0.535387
0.880926
0.984926
0.543571
2.32426
2.78412
0.883575
2.41787
2.93126
0.892525
2.58073
2.95395
0.868564
2.34043
2.66217
0.780406
2.21878
2.69044
0.802084
2.36094
2.85078
0.813038
1.70365
2.11898
0.792274
1.64622
2.03865
0.774156
1.62886
2.00545
0.761075
1.62653
1.98848
0.74561
1.72981
2.14429
0.79334
1.71992
2.11023
0.775959
1.64943
2.00997
0.74599
1.69975
2.07417
0.762622
1.5882
1.9282
0.731182
1.60681
1.95456
0.734559
1.63383
1.96726
0.738101
1.70718
2.02073
0.746822
1.62936
1.97615
0.73484
1.65154
1.98704
0.731596
1.71705
2.02725
0.745856
1.68417
2.00896
0.737153
1.71338
2.02027
0.750577
1.72373
2.03456
0.755741
1.77011
2.03405
0.745145
1.72882
2.03626
0.75352
1.7324
2.03056
0.746391
1.78549
2.04208
0.745356
0.83394
1.04881
0.487414
0.749094
0.929398
0.479533
0.784739
0.995754
0.468422
0.88749
1.12714
0.51683
0.878668
1.12216
0.48287
0.984668
1.19719
0.474437
1.03562
1.27847
0.473533
0.920584
1.32151
0.480489
0.978005
1.42015
0.480112
1.08026
1.41363
0.47617
2.20761
2.67217
0.795244
2.36546
2.84166
0.808279
2.57412
2.94907
0.812746
2.20902
2.64651
0.786533
2.40232
2.84269
0.8048
1.81297
2.21609
0.802537
1.74731
2.13391
0.778919
1.72611
2.09705
0.765455
1.72489
2.07455
0.753315
1.83964
2.23708
0.806598
1.82587
2.19652
0.790634
1.74953
2.09418
0.75691
1.80164
2.1576
0.77677
1.67573
2.00754
0.733988
1.70371
2.04057
0.741876
1.7042
2.02491
0.738933
1.75674
2.05518
0.747759
1.72799
2.06006
0.745367
1.74576
2.06313
0.744089
1.77083
2.06535
0.749408
1.76299
2.06986
0.747107
1.74215
2.03694
0.746487
1.75614
2.05229
0.751616
1.79247
2.04468
0.746035
1.76702
2.05967
0.75211
1.77423
2.05908
0.749135
1.03179
1.33867
0.493196
0.931936
1.21508
0.464897
0.985569
1.2851
0.471158
1.10111
1.42962
0.527721
1.08377
1.40193
0.501987
1.0386
1.34962
0.479772
1.1961
1.50342
0.495057
1.24642
1.56439
0.506282
1.17519
1.67268
0.507424
1.31918
1.69143
0.5214
1.23598
1.73272
0.520765
1.39435
1.83757
0.531546
2.21545
2.645
0.785846
2.41762
2.84851
0.805553
2.24
2.64977
0.787138
2.46321
2.87105
0.810566
2.11342
2.68046
0.965199
1.69522
2.52221
1.03044
2.04989
2.50318
0.894835
1.9578
2.36426
0.846021
1.69797
2.52309
1.03103
2.13509
2.68852
0.968856
1.97937
2.37811
0.850173
2.09944
2.53251
0.904198
1.84976
2.21412
0.794875
1.91191
2.28932
0.81932
1.82456
2.17459
0.780877
1.81674
2.1439
0.768669
1.93306
2.30326
0.823463
1.91266
2.25642
0.807395
1.83652
2.15737
0.772564
1.88496
2.21565
0.792839
1.76715
2.07884
0.747976
1.7942
2.10919
0.756796
1.78113
2.08304
0.750266
1.81123
2.09355
0.755693
1.81369
2.12249
0.760572
1.82344
2.11643
0.759347
1.82362
2.10175
0.758023
1.82929
2.11489
0.760008
1.78473
2.06644
0.750527
1.79983
2.08181
0.755514
1.81027
2.08871
0.757013
1.81379
2.08584
0.755257
1.59747
1.86201
0.661819
1.22939
1.54938
0.533872
1.13898
1.45737
0.50095
1.30095
1.64789
0.571233
1.27255
1.58429
0.544458
1.26589
1.55982
0.533495
1.22715
1.53256
0.523398
1.37622
1.68917
0.541623
1.41162
1.71506
0.551486
1.39761
1.84874
0.558648
1.5347
1.87149
0.583852
1.43917
1.86943
0.568377
2.14329
2.44266
0.716826
2.24857
2.65289
0.788237
2.47726
2.87879
0.812678
2.27267
2.66298
0.792059
2.51417
2.89977
0.819133
2.14112
2.69088
0.969915
1.70458
2.52506
1.03241
2.11315
2.54016
0.906938
2.03441
2.41092
0.861469
1.70634
2.52556
1.03277
2.1562
2.6972
0.972726
2.04972
2.41954
0.864747
2.14713
2.5583
0.914036
1.93068
2.2675
0.811246
1.9875
2.3363
0.834836
1.9023
2.22653
0.796523
1.88784
2.18995
0.78333
2.0028
2.34497
0.83816
1.97663
2.29418
0.821361
1.90244
2.19864
0.786555
1.94661
2.25245
0.806409
1.83957
2.12641
0.762791
1.86426
2.15436
0.771075
1.84319
2.12338
0.763012
1.85677
2.12228
0.764814
1.87861
2.16278
0.774222
1.88091
2.15077
0.771897
1.8665
2.12799
0.766934
1.87897
2.14424
0.770995
1.82254
2.09132
0.756907
1.83926
2.10674
0.761826
1.84805
2.11195
0.763447
1.84598
2.10493
0.761574
1.87313
2.07993
0.756826
1.38288
1.6554
0.572059
1.4967
1.76371
0.573685
2.16037
2.69902
0.973552
1.71059
2.5268
1.03362
2.15636
2.56304
0.916053
2.08796
2.44031
0.873213
1.98947
2.30135
0.824298
2.04133
2.36593
0.846776
1.95904
2.25937
0.809285
1.93956
2.21986
0.795095
1.98147
2.10577
0.691101
1.93954
2.09879
0.670596
2.57724
2.82046
0.839087
2.39592
2.7442
0.823378
2.65218
2.9952
0.853722
1.76026
1.85505
0.678102
1.74392
1.88476
0.699751
1.73511
1.8112
0.674649
1.67297
1.67494
0.628157
1.86205
1.96357
0.665902
1.83742
1.922
0.662235
2.23865
2.37033
0.742803
1.92183
1.99452
0.648761
1.92379
2.06879
0.668164
1.96503
2.07318
0.686179
2.22229
2.34496
0.73907
2.39673
2.74504
0.823466
2.6527
2.99576
0.853903
2.82071
3.09916
0.8693
2.38729
2.72846
0.813716
2.64438
2.96918
0.849564
0.983039
0.754937
1.04931
0.977914
1.03911
0.840767
1.02012
0.829462
1.14645
1.16663
3.10945
0.796791
2.54087
2.88102
0.809486
2.65928
2.94754
0.80241
3.05721
3.42486
0.822921
2.98437
3.23441
0.784019
1.99386
2.07077
0.711267
1.94337
2.015
0.718582
1.87036
1.98975
0.71412
1.9299
2.13291
0.727664
1.87881
2.01721
0.717317
2.03671
2.18706
0.716458
1.98926
2.05822
0.697917
2.03062
2.17207
0.712288
1.85953
0.598884
1.79525
1.86113
0.68375
1.02056
0.73349
0.950707
1.10404
0.990056
0.823284
1.28764
1.26615
2.57348
2.89466
0.769702
2.5999
2.92045
0.765948
2.8638
3.2858
0.802385
2.70824
3.03753
0.761057
2.77818
3.22003
0.80008
2.88083
3.25057
0.80481
2.69621
3.03646
0.773704
1.88516
2.08637
0.713467
1.84762
1.98325
0.703218
1.88365
2.09234
0.708659
1.7826
1.92106
0.695447
2.01313
2.15681
0.711918
0.939238
0.839798
2.79524
3.07084
0.859701
0.893181
0.852424
0.740133
2.38023
2.68541
0.857921
0.817658
1.00219
0.572783
1.43117
1.70037
0.613112
1.00894
1.32303
0.544005
2.04577
2.35925
0.69402
2.38573
2.69246
0.787127
1.55193
1.83205
0.648861
1.23434
1.60204
0.576298
1.40741
1.7497
0.61927
1.78427
1.9588
0.719338
1.95906
0.843283
1.98988
0.722612
2.53381
2.71524
0.809614
1.29219
0.651233
0.955986
0.849346
2.9927
0.758406
2.70041
0.787059
1.16435
0.903611
2.44031
2.95124
0.9535
2.617
2.98472
0.943662
2.42006
2.89809
0.925591
2.55541
2.9295
0.93327
2.50209
2.97864
0.965689
1.71627
2.03646
0.875141
1.82686
2.05405
0.854024
1.69085
2.00136
0.862612
1.74521
1.99397
0.833608
0.788959
0.977243
0.81228
0.855333
1.30151
0.695323
2.08298
0.736255
1.258
0.716343
2.70285
0.740972
2.42175
0.853991
2.84787
3.16295
0.870697
2.65375
2.92164
0.818119
2.77539
2.99805
0.845427
2.53558
2.82208
0.705022
3.04174
3.1804
0.77105
2.69008
2.96264
0.834692
0.807088
0.821289
0.63337
0.669777
0.884955
0.68236
0.723557
0.935262
0.981818
3.17257
0.782033
2.63638
3.13077
1.0447
2.7794
3.3663
1.08284
3.21475
3.50569
0.984038
2.81025
3.2594
1.05817
3.36676
3.71145
0.924536
3.22685
3.64713
0.909719
2.80587
3.40022
1.11072
2.53721
2.96168
0.776328
2.76707
3.19222
1.05167
2.80423
3.36598
1.10193
0.78902
0.849951
0.88041
0.798398
2.49023
2.79883
0.792766
2.50677
2.75325
0.770757
1.88389
2.03073
0.754432
1.88743
2.05356
0.762504
1.71845
1.78567
0.674269
0.965786
0.996616
0.531197
1.35678
0.633804
3.20486
0.741137
0.948243
2.74607
2.99699
0.837054
1.15971
0.878259
2.78607
3.34791
0.933984
2.95373
3.43781
0.866614
2.89708
3.49339
0.898086
3.20775
3.58224
0.89507
2.08739
2.61187
1.08566
2.03707
2.503
1.11003
2.13779
2.54088
0.925894
2.0562
2.39142
0.972008
2.10149
2.51423
0.925327
2.08066
2.39667
0.968791
1.84309
2.19344
0.998395
2.0611
2.44893
0.901649
2.02328
2.33469
0.945876
2.06682
2.45883
0.902584
2.01944
2.32927
0.946128
2.01954
2.39418
0.881939
1.97479
2.27131
0.925397
2.01406
2.38683
0.881822
1.97823
2.27561
0.924052
1.81796
2.15707
0.978852
1.95892
2.31015
0.850459
1.91508
2.18985
0.88444
1.95399
2.29992
0.842997
1.91892
2.19704
0.891321
1.98092
2.34357
0.866724
1.94655
2.23569
0.909772
1.98566
2.34991
0.867599
1.9434
2.2314
0.909571
1.78101
2.09631
0.940625
1.93127
2.25818
0.829609
1.89226
2.1511
0.869351
1.93554
2.26671
0.829794
1.88936
2.145
0.868664
1.92596
2.25264
0.817619
1.88347
2.14602
0.865095
1.92696
2.25611
0.822627
1.88327
2.1433
0.856758
1.84345
2.18282
0.945249
1.99294
2.2831
0.798037
1.91334
2.18692
0.844956
1.96273
2.29068
0.813068
1.9274
2.17323
0.82369
1.94107
2.2241
0.915938
1.92584
2.17279
0.894719
2.18781
2.41568
0.772095
1.93162
2.2877
0.948963
1.90488
2.25075
0.934869
2.13811
2.36666
0.763542
2.14053
2.36396
0.762517
1.87749
2.20664
0.926393
2.11503
2.3411
0.761334
1.8287
2.06882
0.873551
1.85164
2.04317
0.710415
1.82791
2.12812
0.882823
1.77295
2.01665
0.774756
1.83387
2.09049
0.729353
1.82195
2.11436
0.744728
0.8767
1.9679
0.64427
2.61547
2.94098
0.798003
1.14163
1.21077
0.899262
0.768979
1.10762
0.798492
1.38646
0.897018
2.12795
0.887257
1.34392
0.960265
1.35315
0.8054
3.01979
0.650976
3.35002
0.777723
2.2482
2.46181
0.703276
2.48679
2.65769
0.732787
2.82982
3.03437
0.752835
2.47758
2.62046
0.716435
2.943
3.20125
0.772537
2.53936
2.70048
0.746466
2.54386
2.71812
0.755795
2.52722
2.8948
0.733381
2.52494
2.65923
0.731922
1.61162
1.76403
0.653395
0.723269
0.566635
0.976126
0.567244
0.99554
0.648065
0.891693
1.2596
0.742561
3.08302
3.39096
0.87309
2.96472
3.44052
0.844375
3.03
3.49281
0.87811
2.81734
3.28139
0.838414
2.94234
3.35248
0.85886
2.72375
3.18574
0.822986
2.53211
2.96618
0.782875
2.04952
2.21606
0.79678
1.97146
2.22273
0.75367
2.14778
2.35793
0.762309
2.19557
2.57007
0.964864
2.1947
2.39839
0.912066
2.02759
2.14073
0.829249
1.99346
2.10034
0.813983
1.89618
1.97281
0.76821
1.85852
1.9063
0.752016
1.81264
1.84176
0.709895
1.78932
1.80772
0.704653
1.72644
1.76087
0.691415
1.73571
1.76792
0.694365
1.97375
2.0538
0.699546
1.96891
2.04016
0.698136
1.73161
1.76354
0.695755
1.78013
1.85916
0.720954
1.72028
1.84171
0.666709
1.96369
2.00519
0.695229
1.75837
1.817
0.711897
1.9261
2.17399
0.736711
1.90277
2.15407
0.730763
1.82166
2.01547
0.713136
1.94493
2.1668
0.725533
1.89124
2.119
0.71325
2.02287
2.57288
1.07347
1.99142
2.59802
0.958041
2.00016
2.61472
0.948863
2.03721
2.64874
0.951189
2.05013
2.65583
0.953804
1.66765
1.98425
0.812413
1.60949
1.92993
0.735419
1.76886
2.03125
0.747567
1.71418
1.97379
0.785946
1.59621
1.9102
0.726665
1.67574
1.95818
0.72856
1.20195
1.2108
0.732851
1.5738
1.86976
0.703497
1.24131
1.37058
0.603492
0.798907
0.93678
0.595969
2.24451
2.40393
0.85305
1.06447
1.06371
0.718512
0.960784
1.18346
0.522089
2.37291
2.87054
0.863997
2.324
2.79674
0.778955
2.56589
2.94611
0.812076
2.34728
2.80546
0.775122
2.43692
2.90466
0.881731
2.49539
2.88662
0.79693
2.37973
2.83927
0.79761
1.60942
1.92552
0.72828
1.63701
1.93749
0.719992
1.67659
1.95885
0.724781
1.63645
1.93247
0.714337
1.6982
1.9726
0.722259
1.27774
1.44251
0.595032
1.62941
1.91538
0.701429
1.39468
1.64624
0.604624
0.951829
1.24008
0.543311
1.98864
2.30083
0.705359
0.9959
1.27497
0.501115
1.18249
1.60203
0.497767
2.33581
2.79399
0.774829
2.376
2.68596
0.784568
2.39466
2.81704
0.776279
2.6072
2.96011
0.818825
2.43351
2.84901
0.781406
2.50584
2.89043
0.797234
2.38868
2.83734
0.793724
2.43969
2.85548
0.79617
1.65063
1.94592
0.719622
1.69375
1.97459
0.722189
1.81514
2.05317
0.748429
1.70871
1.9798
0.722794
1.70356
1.98164
0.719789
1.7416
2.00315
0.726558
1.69508
1.96518
0.71085
1.52563
1.81006
0.640876
1.18124
1.54344
0.565612
1.25343
1.70568
0.50989
2.09752
2.41125
0.705354
1.45227
1.93609
0.559808
2.41579
2.82833
0.778857
2.61875
2.96424
0.820895
2.4115
2.70911
0.794203
2.47355
2.862
0.788237
2.65208
2.97869
0.826866
2.51709
2.90053
0.79752
2.45876
2.86524
0.798874
2.60346
2.92746
0.81378
2.51207
2.89531
0.808276
1.70768
1.98365
0.72376
1.82288
2.05634
0.749332
1.7459
2.00799
0.729213
1.84553
2.06642
0.752354
1.75205
2.01041
0.728227
1.76286
2.02292
0.729695
1.7804
2.02912
0.733514
1.74635
2.00004
0.721224
1.61713
1.8722
0.66697
1.37031
1.72346
0.609805
2.11354
2.42368
0.709522
1.5089
1.98602
0.577252
2.15705
2.44998
0.719947
1.64507
2.0806
0.613865
2.49025
2.87167
0.791407
2.66245
2.98371
0.828807
2.43856
2.72466
0.801339
2.53277
2.8967
0.800028
2.69089
2.99898
0.834432
2.61603
2.93355
0.816196
2.52778
2.90467
0.811452
1.75729
2.01483
0.73108
1.85278
2.06986
0.753445
1.78732
2.03223
0.736551
1.78875
2.03424
0.735233
1.63512
1.88045
0.67142
1.68082
2.10029
0.623885
1.86881
2.0065
0.73481
1.78414
1.95841
0.719524
2.10335
2.33281
0.724247
1.90634
2.10518
0.769002
1.92975
2.10216
0.772966
1.90236
2.09361
0.767299
1.86877
2.00649
0.734918
1.88146
2.07056
0.758726
1.76886
1.84753
0.696314
2.40483
2.59995
0.78134
2.10505
2.33447
0.725663
2.42485
2.55266
0.766257
2.10612
2.23731
0.707601
2.68988
3.01194
0.841055
2.56781
2.79246
0.828492
2.679
2.98031
0.835545
2.80778
3.06523
0.863496
1.96084
0.679322
1.16995
2.43526
2.55637
0.771238
1.03702
0.92884
0.781026
0.854813
0.69968
1.02374
0.77838
1.1035
1.04728
0.844697
1.22445
2.76632
1.06878
2.49848
2.81285
0.996271
2.48481
2.9552
1.04699
2.58666
3.13541
1.07905
2.68041
3.07001
1.0355
2.56284
3.10672
1.064
2.51663
3.02236
1.02029
2.38636
2.82962
0.904753
2.47104
2.94482
0.995413
2.62726
3.01153
1.01979
2.61249
3.11468
1.06712
1.9104
2.36093
1.07162
1.73327
2.03846
0.972033
1.71438
2.01003
0.954033
1.68343
1.95441
0.919455
1.74872
2.05054
0.92574
1.85958
2.13833
0.916691
1.8682
2.09794
0.903486
1.79423
2.13234
0.939424
1.76891
2.09585
0.925305
1.67052
1.97016
0.84956
1.74437
2.05884
0.911002
1.78733
2.02886
0.878914
1.69252
1.9771
0.831444
1.74492
2.0344
0.882121
1.80906
0.651378
2.49091
0.806073
1.38534
2.56654
0.691614
2.30162
2.52072
0.762616
2.55221
2.75188
0.798147
2.68352
2.82717
0.809719
2.57733
2.76993
0.786125
2.75117
2.97615
0.837096
2.66439
2.81988
0.810462
2.61243
2.80561
0.802438
2.21082
2.67337
0.97581
2.24772
2.54366
0.927288
2.10607
2.29901
0.847807
2.07134
2.25532
0.832954
1.98217
2.12314
0.790958
1.95102
2.07512
0.785128
1.88967
2.00256
0.765016
1.88537
1.95193
0.754249
1.81926
1.90537
0.737041
1.85228
1.98126
0.745501
1.89929
2.06115
0.764523
1.85159
1.96185
0.748377
1.8189
2.30884
0.896558
1.82591
2.32512
0.879467
1.88641
2.3862
0.87202
1.91186
2.40694
0.874262
2.08531
2.67051
0.960445
1.98659
2.46183
0.884204
2.09547
2.67412
0.962197
2.00923
2.47709
0.887817
0.873673
0.838485
0.686751
0.837888
0.854944
0.673808
1.19944
1.25023
0.662733
2.35218
2.66633
0.810483
2.07422
2.38224
0.785303
0.810949
0.987309
0.53813
0.852648
1.0765
0.556928
2.35578
2.67257
0.779988
0.990828
1.28188
0.515151
1.06736
1.40271
0.548572
2.39493
2.69858
0.789618
2.06331
2.37887
0.697128
1.20666
1.55411
0.548318
1.28373
1.65076
0.587979
2.42588
2.71757
0.798083
2.12891
2.43397
0.713268
1.38104
1.71312
0.592371
1.44059
1.77073
0.627627
1.76401
1.92829
0.703577
1.78436
1.95463
0.718286
2.57903
2.82271
0.838452
1.62054
1.9854
0.805975
1.6047
1.95615
0.792094
1.61959
1.99931
0.787181
1.60349
1.96856
0.773863
1.57264
1.89127
0.762767
1.63019
1.95341
0.77014
1.56849
1.89954
0.744338
1.62243
1.9532
0.751545
1.73429
2.03427
0.781904
1.78044
2.0284
0.771021
1.63588
1.95734
0.770253
1.71977
2.02586
0.763909
1.7716
2.02906
0.754301
1.61724
1.94011
0.74761
1.66071
1.94872
0.780313
1.69279
1.96449
0.753329
1.64181
1.93743
0.74602
1.60051
1.91635
0.738109
1.59215
1.89706
0.719123
1.59268
1.89925
0.729599
1.6804
1.95999
0.736397
1.63338
1.93356
0.720489
1.63324
1.93334
0.72849
1.63138
1.75892
0.748615
1.52038
1.7771
0.717753
1.56968
1.86391
0.711086
1.55116
1.84239
0.693857
1.54988
1.83866
0.702678
1.21337
1.30538
0.62339
1.47812
1.79007
0.683838
1.48193
1.79076
0.695406
0.80897
0.79325
0.623913
0.803551
0.886068
0.628258
0.792109
0.929878
0.557988
0.770496
0.91861
0.513154
0.727272
0.871687
0.496939
0.72572
0.82438
0.522252
0.960149
0.932382
0.687169
0.902296
0.939807
0.599091
0.984914
1.07105
0.617716
0.8984
1.06818
0.508286
0.952939
1.11292
0.55864
2.00853
2.34152
0.744622
2.27426
2.74367
0.836495
2.38177
2.89316
0.842951
2.5646
2.94604
0.82838
2.33648
2.83252
0.811265
2.3405
2.66107
0.788279
2.23998
2.71422
0.813654
2.3647
2.86712
0.822425
2.56155
2.94429
0.815015
2.32209
2.80879
0.788664
2.51464
2.89719
0.859678
2.49455
2.88452
0.81871
2.33815
2.80586
0.781529
2.35756
2.78739
0.76564
2.33912
2.77531
0.769263
2.39811
2.86848
0.83146
2.49009
2.8836
0.801723
2.38087
2.84896
0.808051
1.66801
2.06176
0.773103
1.64981
2.02752
0.759972
1.69312
2.08596
0.773895
1.67395
2.05077
0.760673
1.60648
1.94656
0.729762
1.64776
1.9793
0.73634
1.62809
1.9665
0.730077
1.665
1.99352
0.736191
1.71722
2.02174
0.748128
1.77381
2.03683
0.744586
1.61508
1.92618
0.723922
1.72385
2.02539
0.746869
1.77915
2.03954
0.744808
1.62476
1.93041
0.721328
1.63937
1.93698
0.716891
1.68139
1.96175
0.722972
1.64944
1.94344
0.715523
1.62118
1.92194
0.714865
1.64301
1.93225
0.710351
1.62573
1.91911
0.710014
1.68888
1.96645
0.722257
1.67638
1.96166
0.716218
1.66211
1.95172
0.715447
1.48949
1.79066
0.676708
1.3169
1.51501
0.593994
1.50711
1.79609
0.672288
1.61257
1.90224
0.70007
1.60071
1.88455
0.68977
1.58486
1.87196
0.688688
1.35643
1.58394
0.597802
1.54718
1.81986
0.669412
1.52693
1.80636
0.66999
0.796511
0.979882
0.497218
0.898716
1.15688
0.547363
0.937222
1.20404
0.513853
0.927866
1.1967
0.482831
0.879205
1.14168
0.461829
0.829261
1.06759
0.46276
1.12647
1.46168
0.476138
1.05706
1.36759
0.468591
1.00538
1.29486
0.477013
0.94528
1.17559
0.486284
1.04932
1.37991
0.491465
1.99827
2.30545
0.696623
1.11281
1.48972
0.491239
2.01235
2.31977
0.692736
1.15618
1.53542
0.483731
2.20363
2.65913
0.790917
2.3751
2.83817
0.805832
2.58445
2.95261
0.814584
2.35331
2.79835
0.773711
2.36584
2.67918
0.782091
2.20465
2.65096
0.788165
2.38782
2.83892
0.804806
2.5956
2.95612
0.8167
2.37348
2.80639
0.774417
2.51885
2.89449
0.799132
2.41006
2.83498
0.777924
2.46071
2.85861
0.781755
2.43542
2.84056
0.776346
2.54767
2.90409
0.803923
2.40325
2.84037
0.793051
2.53306
2.89908
0.801494
2.42086
2.84694
0.794123
1.77438
2.15634
0.782494
1.75216
2.11874
0.768897
1.8007
2.1773
0.786458
1.77746
2.13902
0.772727
1.69977
2.02724
0.737
1.72429
2.0406
0.741302
1.72325
2.04589
0.740423
1.74398
2.05571
0.744079
1.75266
2.04402
0.747035
1.79983
2.04734
0.746782
1.66495
1.95541
0.71998
1.76346
2.05157
0.747944
1.80744
2.05019
0.747578
1.67945
1.96495
0.720888
1.69131
1.97217
0.717599
1.71971
1.98758
0.723753
1.70624
1.983
0.719423
1.68699
1.96932
0.717685
1.71465
1.98787
0.718712
1.6974
1.97454
0.715986
1.73077
1.99543
0.72504
1.7349
2.00347
0.723848
1.72085
1.99339
0.721545
1.56714
1.83536
0.670202
1.46525
1.74564
0.622394
1.58636
1.8514
0.672007
1.67973
1.95387
0.708196
1.66535
1.93434
0.698719
1.65
1.92293
0.6961
1.4968
1.78177
0.631966
1.62148
1.88169
0.677473
1.60456
1.86713
0.674528
0.979391
1.26967
0.486542
1.12528
1.47683
0.556084
1.15497
1.49549
0.537376
1.13456
1.45861
0.512071
1.09006
1.40762
0.489828
1.37325
1.74574
0.536807
1.31605
1.74945
0.514994
1.23902
1.6483
0.495628
1.32372
1.79679
0.524821
1.39021
1.87386
0.543123
2.0806
2.39646
0.701172
1.46331
1.90847
0.554369
2.22313
2.64539
0.785804
2.43316
2.85555
0.806878
2.63017
2.96889
0.822916
2.43616
2.84008
0.781845
2.40347
2.70409
0.792005
2.23142
2.64722
0.786305
2.44844
2.86322
0.808592
2.64129
2.97362
0.824905
2.45547
2.8512
0.785014
2.56224
2.90958
0.806417
2.49826
2.88898
0.793428
2.54033
2.91372
0.801247
2.52359
2.90249
0.796978
2.59027
2.92137
0.811359
2.5765
2.91536
0.808876
2.4774
2.87534
0.801873
2.49524
2.88557
0.805068
2.12129
2.68332
0.96651
2.06789
2.51415
0.898139
2.1285
2.68598
0.967724
2.08438
2.52387
0.901264
1.87221
2.22991
0.799117
1.84611
2.1898
0.784988
1.89318
2.24395
0.803341
1.86624
2.20346
0.788991
1.78725
2.0928
0.751909
1.79826
2.09483
0.753586
1.80602
2.10529
0.755726
1.81432
2.10542
0.75687
1.79486
2.07335
0.752049
1.83054
2.05961
0.750293
1.72106
1.99242
0.725501
1.80456
2.07987
0.753641
1.83812
2.06299
0.751303
1.73382
2.0004
0.727337
1.74823
2.01268
0.726256
1.76204
2.01723
0.729971
1.76082
2.02124
0.72872
1.74926
2.01379
0.727158
1.77444
2.0306
0.730381
1.76096
2.02147
0.727486
1.77149
2.02343
0.731751
1.78356
2.03575
0.733555
1.77256
2.02885
0.731142
1.63722
1.89487
0.680652
1.57576
1.8489
0.65582
1.65162
1.90637
0.683866
1.73503
1.99281
0.718774
1.71736
1.96992
0.709249
1.70582
1.96258
0.706736
1.67702
1.92503
0.690006
1.66494
1.91645
0.687012
1.18324
1.50771
0.522937
1.1848
1.49875
0.51241
1.32911
1.69092
0.599316
1.34285
1.68371
0.582179
1.31255
1.61295
0.554468
1.50175
1.85081
0.574837
1.58843
2.01595
0.589463
1.53121
1.9714
0.568652
1.5596
2.02526
0.59073
1.6442
2.05761
0.600031
1.68962
2.08367
0.616798
1.60496
2.05637
0.604279
2.25696
2.65616
0.789438
2.49046
2.8862
0.814852
2.6724
2.98891
0.83072
2.50568
2.88083
0.794449
2.43237
2.72121
0.79979
2.26501
2.65962
0.790755
2.50277
2.89326
0.817013
2.68186
2.99393
0.832597
2.51977
2.88899
0.79732
2.6279
2.93957
0.818525
2.54236
2.91343
0.814471
2.14661
2.69314
0.970911
2.12561
2.54695
0.909488
2.15163
2.69522
0.971846
2.13689
2.55295
0.91185
1.94731
2.27738
0.814851
1.91831
2.23617
0.80003
1.9626
2.28623
0.818225
1.93306
2.24476
0.803334
1.85447
2.13537
0.766017
1.85604
2.13103
0.76583
1.86824
2.14345
0.769062
1.86798
2.13794
0.768503
1.83081
2.09625
0.758517
1.85979
2.07326
0.754561
1.76798
2.02122
0.732958
1.83862
2.10079
0.760086
1.8666
2.07663
0.75569
1.77797
2.02693
0.734749
1.79369
2.04185
0.735796
1.79659
2.03886
0.736921
1.80318
2.04738
0.737975
1.6882
1.93248
0.692823
1.6515
1.88721
0.675287
1.69833
1.93881
0.695431
1.34931
1.63636
0.563726
1.30104
1.58163
0.542549
1.33274
1.5991
0.550539
1.73429
2.11119
0.623624
2.16418
2.70073
0.97433
2.16474
2.56728
0.917915
2.00123
2.30785
0.827027
1.97046
2.26561
0.811958
1.83174
2.02214
0.737569
1.76392
1.929
0.703191
1.76199
1.86191
0.678784
1.72125
1.803
0.654223
2.23524
2.36711
0.744533
1.92238
2.12007
0.77401
1.90652
2.10528
0.769153
1.92247
2.11971
0.774122
1.9275
2.10515
0.774162
1.93763
2.12523
0.775169
1.93467
2.12563
0.776059
1.91665
2.10229
0.772215
1.90582
2.10264
0.769061
1.92175
2.11771
0.773684
1.83188
2.0221
0.737783
1.86887
2.00342
0.734277
1.83235
2.02087
0.73768
1.85518
2.03412
0.748108
1.88499
2.08007
0.76092
1.86194
2.05156
0.751541
1.8472
1.9885
0.729108
1.85092
1.97551
0.732325
1.82154
2.00346
0.73685
1.7616
1.86093
0.679189
1.72138
1.80265
0.654513
1.72016
1.797
0.653497
1.74011
1.807
0.678803
1.76697
1.92111
0.715859
1.71656
1.73822
0.651598
1.69499
1.75529
0.650164
1.95492
1.99913
0.663039
2.23823
2.37186
0.741851
2.10551
2.3341
0.723731
2.40651
2.60097
0.780815
2.23019
2.28415
0.717035
2.09161
2.31872
0.722331
2.39174
2.58019
0.779088
2.39687
2.74571
0.823044
2.65293
2.99539
0.853947
2.82071
3.0983
0.869263
2.68992
3.01116
0.841018
2.57741
2.82229
0.834032
2.39437
2.74604
0.82028
2.65202
2.99239
0.853127
2.81917
3.09439
0.868094
2.6887
3.00763
0.839863
0.950954
0.978674
0.606926
1.18606
0.815707
1.00315
0.951155
1.21638
2.89144
3.15949
0.843155
2.51977
2.7903
0.735672
3.14231
3.47242
0.839939
1.88813
2.02618
0.717356
1.97041
2.04867
0.700468
1.6444
1.6768
0.662414
1.03008
1.02366
1.32536
2.05864
0.904205
2.52801
2.79212
0.748637
2.9152
3.15265
0.770719
2.72755
3.06845
0.75386
2.77137
3.06826
0.75625
2.7099
3.15129
0.794657
2.54497
2.85354
0.736748
1.84762
1.98558
0.704359
1.86247
1.99533
0.698298
1.95232
2.02808
0.698562
)
;

boundaryField
{
    front
    {
        type            cyclic;
    }
    Back
    {
        type            cyclic;
    }
    inlet
    {
        type            fixedValue;
        value           uniform 0.24;
    }
    outlet
    {
        type            inletOutlet;
        inletValue      nonuniform List<scalar> 0();
        value           nonuniform List<scalar> 0();
    }
    upperPatch
    {
        type            slip;
    }
    ground
    {
        type            kqRWallFunction;
        value           nonuniform List<scalar> 
1427
(
1.00506
1.01044
1.19663
1.30789
1.08044
1.2876
1.40259
1.61372
1.09583
1.44148
0.716631
0.834643
0.800961
0.761985
0.847066
0.72027
0.700361
0.773898
0.714781
0.703351
0.78527
0.722136
0.71355
0.8013
0.732173
0.723535
0.760877
0.760296
0.753812
0.83742
0.812191
0.848691
0.724798
0.891086
1.01101
1.0526
0.951032
0.92599
0.874352
0.740681
0.863785
0.871139
0.741061
0.743816
0.881798
0.739661
0.707641
0.755961
0.865399
0.847746
0.770316
0.750693
0.964965
0.845922
1.06346
1.01437
0.648696
0.639969
0.815926
0.732618
0.798245
0.694766
0.653733
0.654223
0.771083
0.711878
0.783454
0.710833
0.75381
1.03714
0.908209
1.01446
0.790135
0.885199
0.832627
0.766512
0.717385
0.818395
0.794105
0.70656
0.718012
0.787158
0.725654
0.714621
0.714301
0.630364
0.711946
0.667775
0.705273
0.671077
0.879128
0.9097
0.921374
1.06202
1.05755
1.02353
0.958702
0.958255
0.928947
0.726703
0.937431
0.704524
0.736814
0.845913
0.818035
0.793398
0.656204
0.788006
0.816587
0.822264
0.941145
0.842919
0.888655
0.632026
0.712098
0.689595
0.673422
0.97979
0.64554
0.785992
0.80451
0.986962
0.774764
0.959117
1.25435
0.898286
0.7101
0.710241
0.737494
0.700036
0.73187
0.747516
0.714631
0.612691
0.625134
0.784683
0.773782
0.794368
0.839397
0.840707
0.812085
0.785498
0.748488
0.744103
0.749639
0.741322
0.737894
0.92427
1.02961
0.836894
0.873733
0.747976
0.849193
0.733729
0.796193
0.691199
0.782637
0.684608
0.72143
0.712045
0.722974
0.698005
0.703851
0.95308
0.899635
0.905361
0.989071
0.727884
0.735299
0.726642
0.710022
0.736543
0.755192
1.03072
0.887814
1.0183
0.820926
1.07162
1.02494
0.982503
1.02131
1.01945
0.817661
1.02432
0.821484
1.01837
0.947305
1.02574
0.824927
1.02896
0.837423
0.948746
1.02106
1.02274
0.956264
0.864117
0.815958
0.796779
0.75118
0.805365
0.817617
0.740388
0.753855
0.829409
0.764934
0.627568
0.496451
0.720475
0.793048
0.74701
0.795652
0.747614
0.736072
0.749173
0.736371
0.745828
0.759253
0.752211
0.481558
0.477497
0.692212
0.798815
0.750144
0.810829
0.760753
0.738805
0.746519
0.749104
0.751341
0.751614
0.752987
0.485072
0.518509
1.02975
0.841753
1.03155
0.85417
0.815084
0.764691
0.827471
0.776322
0.752942
0.753466
0.764217
0.760334
0.75415
0.758589
0.530551
0.560037
1.03201
0.857942
1.03309
0.867788
0.831274
0.779918
0.841245
0.789584
0.767735
0.76263
0.777155
0.768925
0.760199
0.765038
0.567402
1.03337
0.870602
0.844114
0.79243
0.667072
0.781072
0.716395
0.666955
0.638983
0.762366
0.742541
0.746297
0.740223
0.735048
0.717511
1.13058
1.19875
0.683868
0.679903
1.18914
0.835652
0.806674
0.805734
0.860475
0.809403
0.851923
1.10615
0.701156
0.848276
0.967605
0.865146
0.700823
0.884056
0.963926
1.23681
0.91365
1.12102
0.932233
0.95992
0.975868
1.02426
0.99711
0.995364
0.905275
0.937981
0.8893
0.929429
0.856782
0.925102
0.86477
0.933679
0.866836
0.765984
1.24007
0.709191
1.04882
0.623945
1.04021
1.10778
1.3712
0.797977
0.834129
0.985081
1.03153
0.942295
0.891129
0.865299
0.867489
0.850159
0.815578
0.810111
0.800243
0.804476
0.780206
0.778574
0.773805
0.77134
0.934541
0.848183
0.829447
0.872806
0.871145
0.817345
0.818823
0.877251
0.958478
1.02698
0.880636
0.828865
1.02804
0.963771
0.833084
0.891373
0.789632
0.759855
0.75007
0.758503
0.728028
0.721607
0.626693
0.646605
0.738925
0.641365
0.566747
0.829961
0.800747
0.786774
0.713629
0.716673
0.710927
0.689913
0.699549
0.688552
0.524707
0.488806
0.472875
0.506132
0.466902
0.778894
0.767384
0.775214
0.771392
0.711616
0.715963
0.713566
0.691485
0.705656
0.693643
0.520029
0.49521
0.48936
0.485758
0.5048
0.787167
0.789337
0.792298
0.721594
0.724623
0.724554
0.701425
0.716207
0.704115
0.559805
0.5476
0.551328
0.534629
0.56374
0.796245
0.805064
0.804926
0.808514
0.733125
0.734615
0.735808
0.711636
0.725705
0.71388
0.601655
0.58322
0.591836
0.576269
0.598126
0.751863
0.76104
0.751929
0.702594
0.670561
0.691322
0.671016
0.689413
0.839254
0.844823
0.824652
0.830204
0.778202
0.805703
0.778132
0.760121
0.765017
0.799624
0.767903
0.807411
0.781785
0.749528
0.735348
0.763035
0.742465
0.816154
0.793858
0.804066
0.774832
0.755133
0.572068
0.614609
0.559563
0.586069
0.536805
0.562896
0.521668
0.577508
0.488581
0.517409
0.535387
0.543571
0.883575
0.892525
0.868564
0.780406
0.802084
0.813038
0.792274
0.774156
0.761075
0.74561
0.79334
0.775959
0.74599
0.762622
0.731182
0.734559
0.738101
0.746822
0.73484
0.731596
0.745856
0.737153
0.750577
0.755741
0.745145
0.75352
0.746391
0.745356
0.487414
0.479533
0.468422
0.51683
0.48287
0.474437
0.473533
0.480489
0.480112
0.47617
0.795244
0.808279
0.812746
0.786533
0.8048
0.802537
0.778919
0.765455
0.753315
0.806598
0.790634
0.75691
0.77677
0.733988
0.741876
0.738933
0.747759
0.745367
0.744089
0.749408
0.747107
0.746487
0.751616
0.746035
0.75211
0.749135
0.493196
0.464897
0.471158
0.527721
0.501987
0.479772
0.495057
0.506282
0.507424
0.5214
0.520765
0.531546
0.785846
0.805553
0.787138
0.810566
0.965199
1.03044
0.894835
0.846021
1.03103
0.968856
0.850173
0.904198
0.794875
0.81932
0.780877
0.768669
0.823463
0.807395
0.772564
0.792839
0.747976
0.756796
0.750266
0.755693
0.760572
0.759347
0.758023
0.760008
0.750527
0.755514
0.757013
0.755257
0.661819
0.533872
0.50095
0.571233
0.544458
0.533495
0.523398
0.541623
0.551486
0.558648
0.583852
0.568377
0.716826
0.788237
0.812678
0.792059
0.819133
0.969915
1.03241
0.906938
0.861469
1.03277
0.972726
0.864747
0.914036
0.811246
0.834836
0.796523
0.78333
0.83816
0.821361
0.786555
0.806409
0.762791
0.771075
0.763012
0.764814
0.774222
0.771897
0.766934
0.770995
0.756907
0.761826
0.763447
0.761574
0.756826
0.572059
0.573685
0.973552
1.03362
0.916053
0.873213
0.824298
0.846776
0.809285
0.795095
0.691101
0.670596
0.839087
0.823378
0.853722
0.678102
0.699751
0.674649
0.628157
0.665902
0.662235
0.742803
0.648761
0.668164
0.686179
0.73907
0.823466
0.853903
0.8693
0.813716
0.849564
0.754937
0.977914
0.840767
0.829462
1.14645
1.16663
0.796791
0.809486
0.80241
0.822921
0.784019
0.711267
0.718582
0.71412
0.727664
0.717317
0.716458
0.697917
0.712288
0.598884
0.68375
0.73349
0.950707
1.10404
0.823284
1.28764
1.26615
0.769702
0.765948
0.802385
0.761057
0.80008
0.80481
0.773704
0.713467
0.703218
0.708659
0.695447
0.711918
0.839798
0.859701
0.740133
0.857921
0.572783
0.613112
0.544005
0.69402
0.787127
0.648861
0.576298
0.61927
0.719338
0.843283
0.722612
0.809614
0.651233
0.849346
0.758406
0.787059
0.903611
0.9535
0.943662
0.925591
0.93327
0.965689
0.875141
0.854024
0.862612
0.833608
0.788959
0.81228
0.855333
0.695323
0.736255
0.716343
0.740972
0.853991
0.870697
0.818119
0.845427
0.705022
0.77105
0.834692
0.63337
0.669777
0.68236
0.723557
0.935262
0.981818
0.782033
1.0447
1.08284
0.984038
1.05817
0.924536
0.909719
1.11072
0.776328
1.05167
1.10193
0.78902
0.849951
0.798398
0.792766
0.770757
0.754432
0.762504
0.674269
0.531197
0.633804
0.741137
0.948243
0.837054
0.878259
0.933984
0.866614
0.898086
0.89507
1.08566
1.11003
0.925894
0.972008
0.925327
0.968791
0.998395
0.901649
0.945876
0.902584
0.946128
0.881939
0.925397
0.881822
0.924052
0.978852
0.850459
0.88444
0.842997
0.891321
0.866724
0.909772
0.867599
0.909571
0.940625
0.829609
0.869351
0.829794
0.868664
0.817619
0.865095
0.822627
0.856758
0.945249
0.798037
0.844956
0.813068
0.82369
0.915938
0.894719
0.772095
0.948963
0.934869
0.763542
0.762517
0.926393
0.761334
0.873551
0.710415
0.882823
0.774756
0.729353
0.744728
0.8767
0.64427
0.798003
1.14163
1.21077
0.768979
1.10762
0.798492
0.897018
0.887257
0.960265
1.35315
0.8054
0.650976
0.777723
0.703276
0.732787
0.752835
0.716435
0.772537
0.746466
0.755795
0.733381
0.731922
0.653395
0.566635
0.567244
0.648065
0.891693
0.742561
0.87309
0.844375
0.87811
0.838414
0.85886
0.822986
0.782875
0.79678
0.75367
0.762309
0.964864
0.912066
0.829249
0.813983
0.76821
0.752016
0.709895
0.704653
0.691415
0.694365
0.699546
0.698136
0.695755
0.720954
0.666709
0.695229
0.711897
0.736711
0.730763
0.713136
0.725533
0.71325
1.07347
0.958041
0.948863
0.951189
0.953804
0.812413
0.735419
0.747567
0.785946
0.726665
0.72856
0.732851
0.703497
0.603492
0.595969
0.85305
0.718512
0.522089
0.863997
0.778955
0.812076
0.775122
0.881731
0.79693
0.79761
0.72828
0.719992
0.724781
0.714337
0.722259
0.595032
0.701429
0.604624
0.543311
0.705359
0.501115
0.497767
0.774829
0.784568
0.776279
0.818825
0.781406
0.797234
0.793724
0.79617
0.719622
0.722189
0.748429
0.722794
0.719789
0.726558
0.71085
0.640876
0.565612
0.50989
0.705354
0.559808
0.778857
0.820895
0.794203
0.788237
0.826866
0.79752
0.798874
0.81378
0.808276
0.72376
0.749332
0.729213
0.752354
0.728227
0.729695
0.733514
0.721224
0.66697
0.609805
0.709522
0.577252
0.719947
0.613865
0.791407
0.828807
0.801339
0.800028
0.834432
0.816196
0.811452
0.73108
0.753445
0.736551
0.735233
0.67142
0.623885
0.73481
0.719524
0.724247
0.769002
0.772966
0.767299
0.734918
0.758726
0.696314
0.78134
0.725663
0.766257
0.707601
0.841055
0.828492
0.835545
0.863496
0.679322
1.16995
0.771238
1.03702
0.781026
0.69968
0.77838
1.1035
0.844697
1.22445
1.06878
0.996271
1.04699
1.07905
1.0355
1.064
1.02029
0.904753
0.995413
1.01979
1.06712
1.07162
0.972033
0.954033
0.919455
0.92574
0.916691
0.903486
0.939424
0.925305
0.84956
0.911002
0.878914
0.831444
0.882121
0.651378
0.806073
1.38534
0.691614
0.762616
0.798147
0.809719
0.786125
0.837096
0.810462
0.802438
0.97581
0.927288
0.847807
0.832954
0.790958
0.785128
0.765016
0.754249
0.737041
0.745501
0.764523
0.748377
0.896558
0.879467
0.87202
0.874262
0.960445
0.884204
0.962197
0.887817
0.686751
0.673808
0.662733
0.810483
0.785303
0.53813
0.556928
0.779988
0.515151
0.548572
0.789618
0.697128
0.548318
0.587979
0.798083
0.713268
0.592371
0.627627
0.703577
0.718286
0.838452
0.805975
0.792094
0.787181
0.773863
0.762767
0.77014
0.744338
0.751545
0.781904
0.771021
0.770253
0.763909
0.754301
0.74761
0.780313
0.753329
0.74602
0.738109
0.719123
0.729599
0.736397
0.720489
0.72849
0.748615
0.717753
0.711086
0.693857
0.702678
0.62339
0.683838
0.695406
0.623913
0.628258
0.557988
0.513154
0.496939
0.522252
0.687169
0.599091
0.617716
0.508286
0.55864
0.744622
0.836495
0.842951
0.82838
0.811265
0.788279
0.813654
0.822425
0.815015
0.788664
0.859678
0.81871
0.781529
0.76564
0.769263
0.83146
0.801723
0.808051
0.773103
0.759972
0.773895
0.760673
0.729762
0.73634
0.730077
0.736191
0.748128
0.744586
0.723922
0.746869
0.744808
0.721328
0.716891
0.722972
0.715523
0.714865
0.710351
0.710014
0.722257
0.716218
0.715447
0.676708
0.593994
0.672288
0.70007
0.68977
0.688688
0.597802
0.669412
0.66999
0.497218
0.547363
0.513853
0.482831
0.461829
0.46276
0.476138
0.468591
0.477013
0.486284
0.491465
0.696623
0.491239
0.692736
0.483731
0.790917
0.805832
0.814584
0.773711
0.782091
0.788165
0.804806
0.8167
0.774417
0.799132
0.777924
0.781755
0.776346
0.803923
0.793051
0.801494
0.794123
0.782494
0.768897
0.786458
0.772727
0.737
0.741302
0.740423
0.744079
0.747035
0.746782
0.71998
0.747944
0.747578
0.720888
0.717599
0.723753
0.719423
0.717685
0.718712
0.715986
0.72504
0.723848
0.721545
0.670202
0.622394
0.672007
0.708196
0.698719
0.6961
0.631966
0.677473
0.674528
0.486542
0.556084
0.537376
0.512071
0.489828
0.536807
0.514994
0.495628
0.524821
0.543123
0.701172
0.554369
0.785804
0.806878
0.822916
0.781845
0.792005
0.786305
0.808592
0.824905
0.785014
0.806417
0.793428
0.801247
0.796978
0.811359
0.808876
0.801873
0.805068
0.96651
0.898139
0.967724
0.901264
0.799117
0.784988
0.803341
0.788991
0.751909
0.753586
0.755726
0.75687
0.752049
0.750293
0.725501
0.753641
0.751303
0.727337
0.726256
0.729971
0.72872
0.727158
0.730381
0.727486
0.731751
0.733555
0.731142
0.680652
0.65582
0.683866
0.718774
0.709249
0.706736
0.690006
0.687012
0.522937
0.51241
0.599316
0.582179
0.554468
0.574837
0.589463
0.568652
0.59073
0.600031
0.616798
0.604279
0.789438
0.814852
0.83072
0.794449
0.79979
0.790755
0.817013
0.832597
0.79732
0.818525
0.814471
0.970911
0.909488
0.971846
0.91185
0.814851
0.80003
0.818225
0.803334
0.766017
0.76583
0.769062
0.768503
0.758517
0.754561
0.732958
0.760086
0.75569
0.734749
0.735796
0.736921
0.737975
0.692823
0.675287
0.695431
0.563726
0.542549
0.550539
0.623624
0.97433
0.917915
0.827027
0.811958
0.737569
0.703191
0.678784
0.654223
0.744533
0.77401
0.769153
0.774122
0.774162
0.775169
0.776059
0.772215
0.769061
0.773684
0.737783
0.734277
0.73768
0.748108
0.76092
0.751541
0.729108
0.732325
0.73685
0.679189
0.654513
0.653497
0.678803
0.715859
0.651598
0.650164
0.663039
0.741851
0.723731
0.780815
0.717035
0.722331
0.779088
0.823044
0.853947
0.869263
0.841018
0.834032
0.82028
0.853127
0.868094
0.839863
0.606926
0.815707
0.951155
1.21638
0.843155
0.735672
0.839939
0.717356
0.700468
0.662414
1.03008
1.02366
1.32536
0.904205
0.748637
0.770719
0.75386
0.75625
0.794657
0.736748
0.704359
0.698298
0.698562
)
;
    }
    procBoundary1to0
    {
        type            processor;
        value           nonuniform List<scalar> 
310
(
0.0818822
0.0643825
0.220035
0.518503
0.84446
1.11555
1.3134
1.48654
1.48654
1.57085
1.75493
0.0818778
0.0641311
0.219324
0.517722
0.843845
1.11387
1.3114
1.48581
1.48581
1.57039
1.75423
0.0818766
0.0640482
0.219302
0.517907
0.844184
1.11419
1.31159
1.48613
1.48613
1.57054
1.75438
0.0818751
0.0639592
0.21925
0.518027
0.844438
1.11443
1.31174
1.48639
1.48639
1.57064
1.75448
0.0818731
0.0638591
0.219142
0.518052
0.844576
1.11458
1.31186
1.48662
1.48662
1.5707
1.75448
0.0818708
0.0637484
0.218986
0.517997
1.41258
1.49243
1.49243
1.39221
1.41068
1.88026
1.57916
1.57916
1.59257
0.116028
0.463218
0.936303
1.24038
1.24038
1.24206
1.47912
1.39319
0.089945
0.225637
0.618572
0.988615
1.24206
1.39319
1.39319
1.41168
0.0833883
0.108883
0.382944
0.737422
1.04878
1.26724
1.41168
1.41168
1.48709
1.48709
1.57066
0.539145
1.77659
1.81912
1.79365
0.164472
0.869085
1.32509
1.48889
0.081904
0.0655887
0.226478
0.528462
0.855677
1.12449
1.3199
1.49396
1.49396
1.58007
1.76434
1.08725
2.08297
2.09076
2.02829
2.02348
1.97608
1.94995
1.71645
0.275907
0.827761
1.8166
1.2432
1.43393
1.80962
1.54658
1.59206
1.94004
1.62258
1.65748
1.90535
1.70816
1.63559
1.89478
1.68924
1.68924
1.67775
1.66609
1.5722
1.94004
1.65748
1.7042
1.7042
1.80875
1.4956
1.61314
1.82647
1.67606
1.71523
1.77825
1.69863
1.71417
1.77688
2.03533
2.06678
2.04488
2.01341
1.99428
1.91121
1.98317
1.52742
1.40738
1.10033
1.80471
1.67471
1.61452
1.81321
1.7179
1.69607
1.73847
1.7735
1.67437
1.5722
1.53988
1.79395
1.79395
1.94791
1.96287
1.79341
1.94836
1.94836
1.77608
1.85839
1.73702
1.74012
1.92354
1.76759
1.77096
1.85839
1.74012
1.67775
1.8147
1.66609
1.7735
1.94231
1.77205
1.60194
1.53705
1.5722
1.52356
1.53988
0.472364
0.126614
0.284026
1.16087
0.574441
0.924257
1.43641
1.108
1.28952
1.54547
1.54547
1.35407
1.45216
1.45216
1.47912
1.47912
1.15231
0.288543
0.766171
1.88539
2.08312
0.760663
1.72675
2.53121
1.03644
2.21663
2.51469
0.910723
2.18032
2.44746
0.887885
2.06504
2.29447
0.835432
2.04245
2.25646
0.821495
1.99393
2.19457
0.805269
1.97543
2.17481
0.798591
2.21037
2.72451
0.986428
2.25987
2.61841
0.944395
2.13416
2.38713
0.868032
2.10052
2.34321
0.852927
2.02477
2.23341
0.814096
2.01011
2.21662
0.810128
1.94934
2.14932
0.79031
1.97072
2.12067
0.78357
1.93559
2.12906
0.776675
1.93872
2.12848
0.775987
1.93553
1.93553
2.12846
2.12846
0.77676
0.77676
1.86374
2.05836
0.751652
1.9056
2.08118
0.767326
1.90608
2.10488
0.768807
1.86817
2.00571
0.734512
1.9056
2.08118
0.767326
1.92217
2.1198
0.773847
1.86374
2.05836
0.751652
1.83142
2.02179
0.737321
1.91385
2.10535
0.769672
)
;
    }
    procBoundary1to2
    {
        type            processor;
        value           nonuniform List<scalar> 
487
(
1.41274
1.49478
1.52723
1.24183
1.39274
1.48408
1.04941
1.26604
1.41143
1.57809
2.07004
1.69482
1.90751
1.55832
1.55685
1.41314
0.119069
0.465847
0.935437
1.41274
1.23862
1.41274
1.41274
1.49478
1.49478
1.52723
1.52723
1.52774
1.52774
0.0906656
0.231098
0.622189
1.24183
0.989084
1.58151
1.8804
0.0835565
0.112319
0.386635
1.04941
0.739272
1.78514
1.62324
1.62324
1.60887
0.169188
0.169188
0.875514
0.875514
1.31641
1.46606
1.52348
1.47857
1.53779
1.67773
1.60603
1.48312
1.57128
1.67773
1.57217
1.52977
1.57217
2.07947
1.57862
1.75457
1.93816
2.45769
2.40762
1.86237
2.18474
2.03669
2.18474
1.79313
1.79222
1.76997
1.62899
1.49288
1.52285
1.74732
1.73597
1.54243
1.626
1.58018
1.626
1.62312
1.58343
1.45949
1.35228
1.68601
1.61462
1.79313
0.281634
0.809839
0.484012
1.20089
1.38125
1.49288
1.15507
1.81975
1.60603
1.85164
1.88549
2.26121
2.44018
2.4576
2.18683
1.62375
1.73459
1.74098
1.59749
1.55523
1.6983
1.66826
1.56885
1.31574
1.34486
1.30873
1.44097
1.46852
1.5039
1.15693
1.48952
1.16401
2.39761
1.47073
1.57245
1.61622
1.35023
1.63641
1.5339
1.5339
1.63021
1.57542
1.53542
1.60505
1.54494
1.56458
1.55963
1.48312
1.57128
2.18921
1.69645
2.0845
1.65055
2.60382
1.43216
1.80514
1.50588
2.32432
2.3486
2.63494
2.44018
2.11289
2.19538
2.17232
2.18683
2.0024
2.23969
2.60381
2.46276
1.79289
1.79194
1.75696
1.85374
1.62953
1.57081
1.55455
1.73459
1.57455
1.6027
1.60396
1.59749
1.53497
1.61026
1.73612
1.74068
1.6098
1.46189
1.63152
1.61205
1.32467
1.32444
1.25855
1.32017
1.3098
1.30993
1.02196
1.0758
1.24982
1.11657
1.41869
1.68601
1.61462
1.43216
1.0499
1.68294
1.87166
1.86537
1.86845
1.85558
1.82952
1.80779
1.83968
1.00589
1.51885
1.37311
1.27294
1.47132
1.63466
1.6172
1.53588
1.64178
1.56002
1.65469
1.59402
1.51823
1.6081
1.80713
1.50055
1.77682
1.77682
1.8185
1.8185
1.79277
1.79277
1.71989
1.95348
1.85983
2.37072
2.29748
1.93738
1.97888
2.23352
2.10147
1.78876
2.45249
1.93008
2.09199
2.40208
2.10802
2.51328
2.54786
2.57603
2.39507
2.65164
1.72455
1.54083
1.70871
2.07004
1.94701
1.70019
1.87434
2.15342
2.07004
2.15342
1.96201
2.07746
0.484012
0.128803
0.2895
1.15507
0.58606
0.91944
1.41676
1.10806
1.28321
1.55832
1.52012
1.34825
1.47721
1.44722
1.57684
1.47721
1.53536
1.50294
1.5176
1.52542
2.04073
1.81903
1.96071
0.727136
0.519312
1.07189
0.289107
1.74311
1.52977
1.70201
2.06732
1.9799
2.1988
1.87309
2.20864
2.19495
2.24948
2.15908
1.904
2.17709
0.7799
1.88406
2.13812
0.770854
1.86429
2.12119
0.766616
1.904
2.17709
0.7799
1.85983
1.96524
0.666324
2.40208
2.59728
0.780557
2.56482
2.92931
0.808195
2.58072
2.93988
0.811589
1.79847
2.04501
0.736893
1.80887
2.0521
0.738244
1.77505
2.01714
0.727728
1.74692
1.98748
0.715988
1.44672
1.75636
0.609985
1.54282
1.76968
1.91152
2.12612
0.588749
0.636752
1.61234
1.90996
0.603847
2.27989
2.66638
0.793398
2.52467
2.90584
0.821159
1.89259
2.15741
0.774572
1.88917
2.14998
0.773363
1.85292
2.10877
0.763011
1.87944
2.08315
0.757961
1.66663
1.8931
0.678703
1.41346
1.67112
0.579506
1.51932
1.77397
0.579098
2.69935
3.00379
0.836209
1.71173
2.52713
1.03385
2.09848
2.44589
0.875627
2.05202
2.37156
0.849255
1.95001
1.91517
2.22566
2.18322
0.797596
0.782457
1.76294
1.9281
0.702672
1.76117
1.86092
0.678203
1.93738
2.09711
0.669446
1.97888
2.10347
0.690385
2.23352
2.36826
0.740145
2.57603
2.81941
0.838662
2.39507
2.74343
0.823091
2.65164
2.99464
0.853524
2.44441
2.72789
0.802795
2.16993
2.45651
0.722874
2.57822
2.54456
2.9374
2.90361
0.811333
0.802549
1.80876
1.79601
2.05101
2.037
0.739145
0.738205
2.16993
2.45651
0.722874
1.71238
2.11591
0.63047
1.78321
1.95749
0.719136
2.10147
2.33126
0.724473
1.47016
1.78773
0.634958
2.56482
2.92931
0.808195
2.63911
2.94546
0.820814
2.55587
2.92169
0.817392
1.79847
2.04501
0.736893
1.80389
2.04299
0.73853
1.81182
2.05231
0.739954
1.70772
1.94437
0.697847
1.36129
1.61324
0.557552
1.76968
2.12612
0.636752
2.16766
2.70229
0.975059
2.17231
2.57104
0.919633
2.01201
2.31376
0.829581
1.98096
2.2713
0.814457
1.71989
1.80159
0.653654
)
;
    }
    procBoundary1to3
    {
        type            processor;
        value           nonuniform List<scalar> 
100
(
1.57314
1.57314
1.57314
1.69347
2.71127
1.7871
2.11788
1.90844
1.90844
2.71069
2.1216
2.26727
2.31425
2.36541
2.34589
2.65156
2.11567
1.7871
2.11567
2.31107
2.71069
2.31425
2.66331
2.4235
2.47751
2.73375
2.70141
2.78108
2.71986
2.45532
2.49314
2.36837
2.49052
2.41884
2.71191
2.41961
2.7894
2.78882
2.7894
2.13455
2.28727
2.28727
2.37357
2.28658
2.13536
2.13536
2.4235
2.71213
2.42118
1.97255
1.69694
1.8777
1.97631
2.1216
1.97978
2.21733
1.97978
2.10205
2.45681
2.28338
2.37706
2.7419
3.06082
0.855778
2.73379
3.03609
0.851103
2.7139
3.02474
0.847414
2.74217
3.06083
0.855554
2.82024
3.0986
0.869144
2.82024
3.0986
0.869144
2.78687
3.08644
0.867933
2.71227
3.01958
0.852387
2.68945
3.01145
0.840927
2.73379
3.03609
0.851103
2.72708
2.9471
0.835389
2.77321
3.02564
0.854262
2.74125
3.05791
0.854747
)
;
    }
    procBoundary1to4
    {
        type            processor;
        value           nonuniform List<scalar> 
183
(
2.27019
2.02116
2.20918
2.01928
2.18841
2.01849
2.17263
2.01711
2.16301
2.01531
2.02791
2.35209
2.41284
2.2817
2.35252
2.44823
2.4093
2.4093
2.4093
2.25981
2.23867
2.21232
2.1465
2.22153
2.13482
2.47484
2.41361
2.38135
2.41284
2.38135
2.33013
2.38135
2.40124
2.4661
2.51951
2.49348
2.6363
2.6363
2.6363
2.47484
2.32906
2.29318
2.41361
2.26448
2.2225
2.21225
2.19078
2.18679
2.18226
2.18282
2.14471
2.27063
2.14919
2.43037
2.49923
2.30438
2.31014
2.33432
2.38513
2.35765
2.13026
2.19825
2.12571
2.34941
2.36167
2.12091
2.17979
2.1157
2.4071
2.42363
2.11074
2.16701
2.10593
2.47307
2.48884
2.1017
2.09789
2.34274
2.34461
2.28819
2.24862
2.26903
2.23501
2.24142
2.25349
2.39098
2.3757
2.23295
2.20333
2.22766
2.19638
2.2253
2.22533
2.45682
2.4403
2.22745
2.18407
2.23123
2.18258
2.24291
2.23654
2.25026
2.1844
2.25821
2.45762
2.4661
2.51951
2.44823
2.45762
2.45762
2.36927
3.02787
3.52625
0.88951
2.66542
2.8124
0.761444
2.73617
3.07496
0.750531
2.54936
3.01466
0.906411
2.49017
2.94445
0.818709
2.55571
2.97972
0.823505
2.62114
3.02117
0.836981
2.62242
3.094
0.987332
2.92741
3.46285
1.08048
3.02787
3.52625
0.88951
2.96545
3.44908
0.856627
2.73617
3.07496
0.750531
2.48343
2.94626
0.822459
2.53764
2.96822
0.820801
2.60622
3.01173
0.833658
2.74617
3.23601
1.07986
2.50683
2.97597
0.856038
2.50339
2.94901
0.817854
2.57342
2.99097
0.826771
2.63494
3.02996
0.840123
2.48714
2.95617
0.832105
2.51983
2.95766
0.818774
2.59032
3.00166
0.83026
2.88534
3.31978
0.805643
)
;
    }
}


// ************************************************************************* //
