/*--------------------------------*- C++ -*----------------------------------*\
  =========                 |
  \\      /  F ield         | OpenFOAM: The Open Source CFD Toolbox
   \\    /   O peration     | Website:  https://openfoam.org
    \\  /    A nd           | Version:  10
     \\/     M anipulation  |
\*---------------------------------------------------------------------------*/
FoamFile
{
    format      ascii;
    class       volScalarField;
    location    "2000";
    object      omega;
}
// * * * * * * * * * * * * * * * * * * * * * * * * * * * * * * * * * * * * * //

dimensions      [0 0 -1 0 0 0 0];

internalField   nonuniform List<scalar> 
8792
(
2.23085
3.32987
3.06565
3.60477
4.79769
6.17203
0.883146
0.918785
0.90057
0.874646
0.884078
0.93083
1.36967
4.84718
0.654194
0.529419
0.5452
0.537666
0.524685
0.538565
0.683298
1.45137
0.648412
0.42356
0.422028
0.431149
0.426369
0.428975
0.482117
0.716065
1.90541
6.56541
0.653298
0.369972
0.339816
0.353987
0.36157
0.366199
0.392564
0.488722
0.741852
1.05595
0.465489
0.539037
2.09694
2.8401
2.61217
2.65706
4.11006
4.23025
0.879585
0.895983
0.881594
0.85817
0.866308
0.905626
1.2173
3.51294
0.653754
0.528575
0.544585
0.537324
0.524331
0.536832
0.673653
1.30661
0.648355
0.42293
0.42144
0.4307
0.425965
0.427881
0.480005
0.676517
1.70699
4.82138
0.653302
0.369656
0.339453
0.353683
0.361322
0.36548
0.391307
0.487578
0.724882
1.02063
0.464882
0.537771
2.05848
2.71523
2.4924
2.49735
3.79205
3.9206
0.878667
0.894855
0.880341
0.856711
0.86575
0.902781
1.19217
3.04564
0.65347
0.528255
0.54443
0.53736
0.524425
0.536535
0.669026
1.29024
0.648311
0.422742
0.421381
0.430735
0.426005
0.428025
0.480695
0.678551
1.70175
4.51537
0.653295
0.369544
0.33944
0.353729
0.361377
0.365532
0.391537
0.487757
0.726088
1.01526
0.464914
0.537564
2.02975
2.62783
2.41007
2.40455
3.67839
3.81368
0.877652
0.89327
0.878723
0.854365
0.863632
0.898473
1.17105
2.79805
0.653161
0.527932
0.544256
0.537307
0.524366
0.536093
0.664629
1.26683
0.648269
0.42253
0.421282
0.43071
0.425972
0.428051
0.480917
0.679283
1.68392
4.42306
0.65329
0.369429
0.339409
0.353749
0.361399
0.365545
0.39167
0.487797
0.725934
1.00939
0.464856
0.537254
2.01174
2.57144
2.35769
2.35035
3.64609
3.7806
0.876656
0.891309
0.876679
0.851444
0.860994
0.893642
1.15129
2.6631
0.652855
0.527616
0.54407
0.537207
0.52423
0.535572
0.66046
1.24041
0.648231
0.422295
0.421138
0.430634
0.425885
0.428
0.480844
0.678876
1.66553
4.39865
0.653289
0.369304
0.339344
0.35373
0.361384
0.365539
0.391736
0.487771
0.725113
1.00366
0.464743
0.536854
2.00272
2.53999
2.32879
2.32021
3.64567
3.77379
0.875721
0.889121
0.874389
0.848328
0.858233
0.8889
1.13323
2.60615
0.652566
0.527322
0.543893
0.537091
0.648196
0.422053
0.420973
0.430534
0.653289
0.369172
0.339257
0.353686
1.99957
2.52554
0.62565
0.472185
3.67668
0.867484
1.06851
2.58024
0.521171
0.52959
0.632225
1.13322
0.474515
0.655722
1.61889
0.484713
0.714222
0.462072
2.02573
2.52824
2.32795
2.39296
3.89911
3.89757
0.871338
0.886401
0.876109
0.855205
0.869013
0.898111
1.30742
3.49602
0.654991
0.53762
0.553982
0.544773
0.531301
0.543385
0.675177
1.39173
0.648285
0.427723
0.427925
0.436219
0.43075
0.433067
0.487557
0.710883
1.68362
4.55999
0.653165
0.371485
0.343405
0.357585
0.364646
0.368835
0.395957
0.496119
0.736725
1.01803
0.473296
0.549072
1.41593
1.64138
4.40588
6.9857
1.37721
1.70613
2.29447
4.5968
1.8264
4.03695
5.6144
5.31081
1.96013
3.77528
2.45648
9.51303
0.957586
1.54125
1.33819
5.87625
0.903513
1.51117
3.17091
11.666
2.69025
1.63935
1.93414
4.99324
1.59861
1.70909
4.4097
6.73667
3.98942
5.0708
6.61293
6.30975
4.96373
4.72058
6.20746
6.19852
4.64481
4.49269
6.19448
6.05462
4.23454
6.36871
5.57714
1.29098
1.33328
4.27186
4.36142
1.28357
1.30595
2.71951
6.41303
2.79974
5.18024
5.30033
2.62083
2.9071
6.92701
4.74461
5.45849
6.9322
2.31511
0.917666
1.24852
1.25509
1.87354
0.866247
1.14914
9.30097
3.05045
4.7762
16.5147
3.17584
5.544
6.19941
7.05477
5.7903
1.05071
1.35245
1.72244
4.67813
1.0231
1.36852
3.33762
9.2565
3.13545
5.76066
6.63597
2.95359
3.60099
7.2346
1.34641
1.73241
6.20146
1.47231
1.59268
1.68607
3.52955
1.97713
4.04453
6.97876
5.76941
2.39543
4.06454
1.96832
5.8609
0.938195
1.57258
1.33877
8.96865
0.913925
1.5452
2.47009
2.88397
10.8434
1.57798
1.65681
6.66806
1.71854
1.94321
3.12602
9.51785
4.05864
10.9328
6.14694
4.95404
3.23365
13.9603
8.57675
6.50761
7.90703
2.77223
5.59658
11.275
3.49527
4.95995
6.64364
9.78152
7.20281
5.02166
6.75302
7.95931
2.15684
3.72603
3.50025
7.28095
3.86278
3.83987
2.16267
4.65322
4.89256
3.02879
4.70395
5.11588
7.49226
7.7362
4.13735
7.49391
4.05632
3.4097
1.0619
1.23844
2.11295
2.96758
1.05288
1.20785
3.1394
1.31183
1.26769
2.89155
2.72328
1.27935
1.23829
3.30124
1.22706
1.21212
2.66169
2.69174
1.19858
1.1818
4.46024
1.23997
1.20703
2.72931
3.9709
1.20244
1.2511
5.37594
6.09882
5.71648
6.19566
6.14389
5.42401
5.68228
10.334
19.831
1.03908
0.57544
0.777791
0.682396
0.995428
0.560103
0.745497
1.14903
0.752489
0.820258
1.02819
1.11884
0.737149
0.800968
3.75084
4.46646
4.4549
7.37749
4.35166
4.10693
7.2422
6.90935
4.0642
4.1264
6.7938
6.27054
4.16824
6.21569
5.77962
6.11913
3.8652
1.28493
1.28769
4.80174
5.67682
1.32365
1.37063
1.83477
0.893316
1.2245
1.25807
1.89243
0.86586
1.17839
4.20534
1.03145
1.37375
1.8702
5.42784
1.06863
1.35966
9.16288
8.31656
11.1719
9.31151
4.35096
3.77053
2.50088
2.24132
3.63721
2.63457
4.4235
20.9669
6.40229
8.62566
7.04378
13.8695
10.2308
11.1122
4.44573
2.25827
2.42629
1.94832
2.34871
2.70349
3.68748
9.74697
11.9745
5.44392
6.15666
7.8023
10.078
8.04999
7.61129
5.47695
1.5867
1.67238
1.49502
1.52694
1.87466
1.42382
1.58434
8.0757
13.0732
9.47997
11.7562
10.5305
2.32556
1.70224
1.82605
1.63024
2.44312
6.15702
4.24319
5.63823
6.7931
5.95541
6.10656
6.48345
5.8438
5.74013
6.40981
5.57627
5.66991
6.1468
5.48754
5.44306
6.01139
5.24912
5.35621
6.56897
4.80294
5.07636
7.66247
6.33038
9.08365
2.68805
5.04705
2.52653
2.47089
5.52555
4.95661
2.60385
5.45683
6.24064
6.58712
5.84224
6.29185
5.48381
5.7994
15.3159
5.76498
6.32905
5.177
10.3492
7.53288
8.01817
16.5053
8.57329
9.12749
6.95551
20.037
8.77458
8.99208
9.6864
12.9767
13.1348
16.528
16.2422
8.95812
6.39121
7.72393
6.60941
5.34712
10.1
5.34289
5.75131
8.05907
5.92242
8.97922
8.14682
9.14209
4.13509
2.86009
5.39522
4.10199
2.71473
2.26766
2.37484
6.58129
7.82686
10.2612
7.31949
8.01655
6.97432
7.08834
6.35511
2.8356
2.97135
2.8407
5.01863
5.42265
2.5809
9.67885
4.23631
3.40965
3.3688
10.6496
6.83757
4.6392
4.80528
7.23062
8.48401
6.23321
9.24206
14.1471
7.77488
2.70373
5.05602
5.86604
4.71146
8.21337
3.00332
7.8335
2.65924
5.67793
8.74843
4.69765
14.3322
2.90722
8.00291
5.30055
6.80005
8.97269
6.86723
3.09618
3.57703
1.94936
1.99503
7.1099
3.24147
3.64079
6.53452
7.47003
4.80929
4.98468
2.95895
5.31868
5.34257
7.92045
9.36392
7.89286
3.14388
3.6722
3.50981
6.06485
6.58146
3.04329
4.2793
4.3608
9.53551
6.7482
9.33277
6.16024
5.94017
6.83852
8.80974
11.5214
8.9013
8.41696
9.32951
5.79944
5.69927
10.8219
6.42876
7.49001
7.75239
5.61461
9.30185
17.7689
19.2488
19.3238
13.7135
6.27255
7.49224
11.1589
5.3401
4.46101
4.52024
5.11767
5.54252
4.21469
4.67676
10.0671
8.92008
7.89628
7.15965
10.6157
8.19747
10.8745
8.85123
8.36366
8.08099
8.3014
3.26486
3.13312
3.07529
1.9904
2.07473
1.97738
2.08626
3.03322
2.8886
2.85178
1.82842
1.9148
1.82897
1.91783
3.72327
3.06433
3.19262
2.03601
2.1362
1.9745
2.1991
2.44161
5.40108
2.47824
4.86343
5.10775
2.38416
2.54413
2.5982
1.03147
1.17474
2.24126
3.46219
1.07077
1.27324
2.37433
1.25717
1.21396
3.38291
3.19344
1.3465
1.29827
2.34933
1.1795
1.16164
3.11455
3.42889
1.25656
1.2427
3.62191
1.18075
1.24515
3.60448
4.44084
1.27031
1.21564
7.15065
7.15618
6.73217
6.32536
6.32635
7.12798
7.23324
6.99101
7.03436
6.60486
6.2092
6.1998
6.98797
7.03033
6.70436
6.7231
6.29624
5.91538
5.90766
6.70129
6.72657
6.58968
6.61985
6.20891
5.81894
5.81506
6.59128
6.61647
9.16352
5.78313
5.95067
5.5861
9.19959
6.24014
5.98116
6.03343
6.32008
6.94845
7.16726
6.51419
7.21122
7.38997
3.44003
3.20665
3.19968
1.91719
2.15549
2.04028
2.03386
3.20139
2.95395
3.00886
1.90717
1.98353
1.89405
2.00011
3.03607
3.0004
2.82948
1.81176
2.04446
1.90379
1.91408
3.96406
2.41593
4.49759
3.79893
2.31236
2.13463
2.25463
6.21896
4.11459
5.28536
7.33963
5.53859
5.6085
7.12049
5.4468
5.33773
7.04228
5.19728
5.27186
6.75715
5.15453
5.24477
6.58396
6.20289
5.60963
6.59546
6.09979
6.45805
7.91812
8.48192
8.43051
7.17425
6.78715
6.46198
7.50628
6.41828
7.5944
7.15969
6.87883
6.49181
6.08451
6.91715
6.09291
6.87964
6.91984
6.80619
6.40757
6.01556
6.84586
6.00841
6.81228
6.84316
6.56814
6.17278
5.75804
6.58387
5.78287
6.56724
6.58515
6.80749
6.02985
5.639
6.46804
5.64059
6.51738
6.62663
6.46355
6.37983
6.23571
7.05213
7.33627
7.1803
6.9078
10.1374
7.82413
3.92215
4.86734
3.8159
4.55634
4.09233
5.05911
5.27846
2.91732
1.05023
1.20062
2.06702
2.81887
1.04897
1.19704
4.92739
3.8753
4.83873
3.79462
4.50133
3.75306
4.41412
3.84213
4.72443
4.7737
2.79128
1.0476
1.19355
2.03587
2.72067
1.04619
1.19006
3.74482
4.40285
3.73064
4.39939
4.68654
3.77744
4.6576
3.76377
4.61985
4.63585
4.76092
4.52329
4.45184
4.22601
4.45032
4.33824
4.15358
4.10593
4.13089
3.98827
2.67238
1.27285
1.23159
2.74229
2.57636
1.27024
1.22861
2.62583
1.19196
1.17279
2.51821
2.50778
1.18916
1.16818
3.82911
1.19325
1.24237
2.52912
3.58534
1.18828
1.23855
4.20394
1.27744
1.29752
3.84373
3.96455
1.27534
1.29271
6.47335
1.36151
1.64812
3.9695
5.77377
1.35239
1.61759
1.75593
3.69135
1.68983
3.26348
5.02004
4.6184
2.28024
3.13024
2.18088
5.63274
0.892672
1.48854
1.29859
5.07137
0.892876
1.48545
2.62422
2.53116
4.50052
1.01952
1.35696
1.70568
4.20423
1.01898
1.35278
1.57981
1.69343
4.56106
1.56985
1.68327
4.3964
4.17311
4.30587
4.08579
4.10003
4.06201
4.0108
3.98176
3.9634
3.92203
2.55023
1.26752
1.22554
2.64667
2.48483
1.26458
1.22237
2.4777
1.18625
1.1637
2.42771
2.40602
1.18322
1.15929
3.53658
1.18344
1.23464
2.42348
3.44376
1.17855
1.23058
3.91849
1.27247
1.28777
3.69634
3.83144
1.26907
1.28278
5.60317
1.34378
1.59138
3.8307
5.28222
1.33545
1.56728
1.67443
3.17334
1.62948
2.95682
4.53136
4.37493
2.09933
2.84847
2.02784
4.95492
0.892777
1.48131
1.27944
4.73882
0.891823
1.47567
2.50759
2.45266
4.15176
1.01812
1.34831
1.69
4.06101
1.01703
1.34372
1.56063
1.6791
4.43653
1.55204
1.66589
4.29327
4.07301
4.28597
4.06281
3.9975
3.96691
3.98622
3.94385
3.91591
3.91065
2.70117
1.04472
1.18656
2.01523
2.65438
1.04326
1.18313
2.46704
1.26148
1.21911
2.58292
2.42496
1.2583
1.21584
2.38702
1.18006
1.15495
2.36834
2.34273
1.17687
1.15074
3.4255
1.17363
1.22643
2.36135
3.3946
1.16884
1.22236
3.81414
1.26538
1.2779
3.64978
3.78286
1.26166
1.2733
5.22581
1.32764
1.54551
3.78517
5.1494
1.32048
1.52626
1.61432
2.90128
1.57297
2.77687
4.35338
4.3545
1.96592
2.68864
1.91368
4.69909
0.890045
1.46908
1.25377
4.63917
0.887757
1.46215
2.43821
2.40708
4.0452
1.01569
1.33914
1.671
4.02052
1.01423
1.33487
1.54415
1.6607
4.40198
1.53723
1.64751
3.72832
4.40439
3.72514
4.42676
4.28993
4.06531
4.31
4.08036
3.98853
3.94094
4.00358
3.93966
3.91175
3.91945
2.64238
1.04178
1.17971
2.00424
2.61549
1.04033
1.1764
2.41425
1.25507
1.21257
2.546
2.39068
1.25187
1.20937
2.33124
1.17365
1.14667
2.3343
2.30552
1.17049
1.14281
3.38989
1.16418
1.2184
2.32621
3.38542
1.15978
1.21468
3.77716
1.25801
1.26901
3.64436
3.76796
1.25459
1.26516
5.14345
1.31396
1.50935
3.77444
5.1505
1.3082
1.49477
1.55981
2.74794
1.52563
2.69141
4.36975
4.43657
1.87054
2.61531
1.83594
4.63288
0.884984
1.45517
1.22761
4.63398
0.881953
1.4485
2.39912
2.38334
4.01688
1.01264
1.33087
1.65578
4.01208
1.01107
1.32737
1.53115
1.64302
3.72485
4.43495
3.72486
4.45719
4.31778
4.0863
4.33953
4.10258
4.00968
3.94056
4.02699
3.94432
3.92263
3.93208
2.60912
1.03888
1.17315
1.99987
2.59615
1.03749
1.17006
2.38515
1.24872
1.20628
2.52798
2.37426
1.24571
1.20334
2.29902
1.16744
1.13916
2.31787
2.2852
1.16456
1.13579
3.38595
1.15564
1.21121
2.30778
3.39031
1.15185
1.20809
3.7665
1.25146
1.26172
5.15608
1.30313
1.48228
1.51519
2.68081
4.46102
1.80876
3.72499
4.46322
4.34564
4.10695
2.59348
1.03612
1.16709
2.372
1.24284
1.20058
4.9332
1.41548
1.42361
2.62762
4.34008
2.58126
1.72561
1.13248
4.53598
0.833011
1.40901
2.3381
1.62051
0.997044
3.67003
1.24693
3.66936
3.71863
1.24157
1.24869
4.93512
1.27755
1.41595
3.73526
5.57221
1.28407
1.45317
1.42293
2.62659
1.50181
2.90209
4.337
5.07744
1.72517
2.8415
1.79075
4.53313
0.832991
1.40848
1.1635
4.80009
0.84344
1.42739
2.33689
2.37045
3.92728
0.996318
1.30811
1.63576
4.00291
0.998284
1.31335
2.48177
2.64126
2.59377
1.84544
1.77393
1.79985
1.82147
2.3118
2.4475
2.45225
1.70332
1.64207
1.64308
1.6923
2.52
2.66491
2.79649
1.86411
1.65269
1.74654
1.77251
2.31308
3.96185
2.13184
4.45925
2.18131
4.51295
2.26746
2.5069
4.05083
2.189
4.29161
2.30023
4.57366
2.33175
10.2026
4.92416
5.97031
8.14992
8.59987
7.14213
2.26876
5.02464
5.55812
12.4738
2.96789
5.37706
6.45737
3.02532
4.84485
2.56085
5.08556
2.82257
5.36347
2.74409
2.55951
4.70365
4.45662
2.40435
4.78329
2.48455
2.46985
2.89106
8.25487
4.99707
3.72988
5.45086
4.1994
2.7327
5.76404
4.27134
4.73254
5.04478
9.29419
7.24624
3.73646
1.96933
2.80572
2.09655
3.112
2.29362
3.33725
5.4219
4.65852
6.80984
2.76957
8.39698
3.05385
4.67908
5.86874
6.81434
4.19861
8.58714
2.70659
11.1519
2.89677
5.63757
6.22906
4.84036
5.55795
5.52426
2.02615
6.45593
3.12533
3.24901
3.42066
3.4818
1.93407
5.89556
6.36835
2.82321
4.12745
4.44306
4.34128
4.6979
6.55789
6.92669
3.14858
5.29403
5.49853
2.73324
5.9124
2.81962
3.04227
3.8377
6.34025
4.4558
6.69017
4.71692
3.64982
5.40595
5.25377
5.57253
5.29867
4.86322
5.19773
5.04675
4.79946
5.13109
4.96636
4.60016
4.92006
4.76268
4.53867
4.84004
4.43107
4.41615
4.64189
5.39712
5.6693
2.37575
4.53127
4.44271
2.26265
4.72954
2.31771
2.32232
4.62797
2.35264
2.41817
2.38331
4.33781
4.59017
2.32141
4.96814
3.63832
2.53391
3.82204
2.60447
2.18302
2.13026
2.88162
4.68473
3.48731
10.9304
2.51256
5.64819
4.79532
15.2816
8.25071
4.64237
2.59992
1.99169
2.20418
3.12086
3.86457
2.585
6.17575
6.98052
2.33797
5.03032
4.01333
12.2025
3.11383
12.0345
12.0876
4.80291
6.85382
7.41611
2.05397
2.70256
3.19954
7.66131
1.7851
3.42859
3.75482
4.05266
4.09755
2.69413
4.6442
4.66249
6.49524
7.60314
3.73381
6.38519
4.10555
3.37748
7.36151
4.65353
3.05484
2.95739
3.0441
1.84875
1.93047
1.96407
1.81421
2.98069
2.84133
2.92843
1.9215
1.87341
1.90753
1.89016
2.80918
2.7727
2.86018
1.83932
1.79771
1.82859
1.80723
2.74618
2.6256
2.70933
1.76288
1.73519
1.76563
1.73218
2.80339
2.59296
2.67845
1.73936
1.77304
1.81504
1.705
2.851
2.84908
2.97619
1.94026
1.82145
1.87291
1.89006
4.19537
3.35408
2.17867
3.53076
2.23472
2.05163
2.00277
4.6216
3.86466
4.81192
4.65681
4.76612
4.91929
4.23759
4.66239
4.55088
4.17066
4.42257
4.48528
4.0462
4.39394
4.4253
4.08227
4.686
4.56797
4.33168
4.71919
4.90176
5.70548
6.69323
2.176
4.23909
2.29814
2.28598
3.91104
2.15972
4.36333
5.21609
2.32624
2.4231
2.42887
5.23855
5.47072
2.33268
2.71864
4.92381
5.58099
2.51312
2.55962
2.49254
5.22766
3.39592
2.43037
4.72818
3.78941
2.61091
2.21644
2.06914
4.04698
2.83069
5.49226
4.16736
2.84315
2.34605
2.38103
2.60269
2.70749
2.70384
1.73422
1.85578
1.68937
1.90093
2.41588
2.48753
2.52936
1.75463
1.69952
1.70733
1.74625
2.31714
2.60246
2.5132
1.6996
1.64388
1.61476
1.75388
3.04037
2.06378
4.11398
3.43417
2.21036
2.03489
1.89255
3.95389
2.32255
4.75015
4.01468
2.33478
2.23549
2.26324
5.06197
4.72941
4.9325
4.63011
4.76887
4.83879
2.9079
1.92157
1.80105
2.88067
2.87177
1.79218
1.92016
2.84844
2.81235
2.84062
1.78631
1.91791
1.9194
1.7802
4.71629
4.46123
4.67717
4.43293
4.62923
4.64885
2.78629
1.91553
1.77442
2.76564
2.76206
1.76803
1.91226
2.74218
2.71951
2.73985
1.76212
1.90426
1.90852
1.75577
4.60839
3.73858
4.60054
4.61654
4.39755
4.60926
3.73398
4.59247
4.59546
4.39677
4.60588
4.60605
2.79002
1.86072
1.87924
2.80334
1.85546
1.87695
2.7529
2.57651
1.72336
1.71974
1.71631
2.57671
2.5416
1.71949
2.7737
1.79313
1.86636
1.85332
2.6066
2.72052
1.77855
4.26452
2.24406
2.3053
2.2831
3.99619
4.1403
2.21971
4.2685
2.36459
2.4222
2.39876
4.11604
4.15249
2.3377
4.00768
4.65722
4.43318
3.84525
1.78136
0.850463
1.12692
1.20316
1.73528
0.845797
1.12909
7.36242
2.5703
5.02415
4.76214
3.34548
6.66909
2.47462
5.61323
5.40756
5.26903
2.69573
2.99225
2.95756
4.70558
5.12626
2.66545
1.84257
2.69027
1.83751
1.86378
2.66406
1.86801
2.63901
1.69877
2.45841
1.70725
2.46874
1.70325
2.43518
1.70262
1.81202
2.60844
1.73957
2.46953
1.82207
2.57994
1.72897
2.22103
3.92417
2.17473
3.75156
2.2388
3.88138
2.15712
2.32654
3.95701
2.27504
3.88252
2.34267
3.91905
2.25685
3.96955
3.54107
4.05154
3.47162
1.69664
0.842526
1.13056
1.18147
1.66004
0.838927
1.12921
4.19642
5.45538
2.28483
2.97171
4.2967
5.21309
2.23585
5.06474
5.00359
2.86603
4.88131
2.60641
4.48082
2.88628
4.83626
2.58825
1.82124
2.61097
1.84324
2.57696
1.84847
2.56037
1.81572
1.677
2.37741
1.68644
2.3944
1.682
2.36195
1.68127
1.77484
2.51406
1.69683
2.38821
1.78329
2.49769
1.68851
2.17161
3.80341
2.12108
3.66522
2.1853
3.78888
2.10744
2.27126
3.85037
2.21204
3.80101
2.28234
3.83766
2.20001
3.79543
3.33441
3.81932
3.30861
1.62596
0.835228
1.12571
1.16099
1.59472
0.831426
1.12078
3.96292
4.78152
2.10838
2.75558
3.99447
4.70257
2.0745
4.89855
4.87904
2.80852
4.75473
2.54835
4.41343
2.82025
4.73875
2.53689
1.82253
2.52175
1.79982
2.56156
1.82729
2.51219
1.79489
1.65629
2.32546
1.66536
2.34858
1.6606
2.31637
1.66085
1.74588
2.46063
1.66337
2.3411
1.75212
2.45164
1.65746
2.1389
3.76591
2.08366
3.64421
2.1484
3.76266
2.07418
2.23524
3.81702
2.17198
3.77755
2.24145
3.81384
2.165
3.78645
3.27531
3.77887
3.27529
1.56637
0.827705
1.11494
1.14203
1.54103
0.823973
1.10847
3.93237
4.58822
1.98658
2.64327
3.92447
4.57192
1.96413
4.84424
4.83715
2.7786
4.70784
2.51511
4.39627
2.78434
4.70092
2.50892
1.80554
2.49169
1.78152
2.53506
1.80913
2.48711
1.77761
1.6397
2.29632
1.64778
2.32434
1.6428
2.29176
1.64447
1.72538
2.43189
1.63901
2.31539
1.72958
2.42734
1.63524
2.12059
3.75973
2.06154
3.6474
2.12689
3.7599
2.05528
2.21501
3.80979
2.14968
3.77344
2.21761
3.80924
2.14621
3.84703
3.29513
3.82958
3.30566
1.51861
0.820384
1.10179
3.99279
4.56321
1.90674
2.60063
3.97047
4.56288
1.89318
1.79356
2.47836
1.76761
2.52374
1.79587
2.47673
1.76489
1.06756
1.40662
0.777439
1.03486
2.16814
3.69691
2.11221
3.67698
2.16627
3.69966
2.1118
3.7862
3.28234
3.75955
3.29986
1.40809
0.778142
1.0362
1.09822
1.46225
0.794452
1.06075
4.0589
4.37443
1.81095
2.59054
4.04602
4.39397
1.81624
4.71338
4.71311
4.6603
4.62406
4.52333
4.59909
4.39043
4.46428
4.52554
4.35115
4.42479
4.29632
4.29565
4.36787
4.40742
4.31873
4.27739
4.36267
4.23654
4.24594
4.2244
4.11248
4.18335
4.16243
4.09882
4.16211
4.30005
4.06671
4.23093
5.31699
5.27267
4.02136
4.14142
4.17921
5.20722
5.23372
2.72138
1.78601
1.79457
1.7904
2.63569
2.68478
1.78231
2.77133
1.84723
1.85136
1.8745
2.69132
2.7206
1.8718
1.78638
2.60448
2.62493
1.77506
2.65334
1.77858
1.78266
2.54413
1.75178
1.68973
1.6845
2.58001
2.51047
1.74398
1.71168
2.54595
2.4838
1.71182
2.51108
1.71537
1.70825
1.67827
2.54114
2.45605
1.72635
2.48167
1.73349
1.67395
3.24263
2.1599
1.97935
1.96619
3.72672
3.17414
2.13868
1.84257
2.56491
2.64093
1.75232
2.67774
1.76377
1.83246
1.95672
3.64694
3.08014
2.11311
3.12258
2.12757
1.94726
2.32382
4.18711
2.29902
2.27478
4.1
4.08529
2.30279
2.26983
3.90989
3.97871
2.18739
4.04872
2.20597
2.25122
2.25923
4.02318
3.95388
2.26945
4.01065
2.28598
2.2398
4.75376
3.4728
2.64403
2.59755
6.20569
4.59225
3.3265
2.37808
4.03255
4.00557
2.29426
4.06843
2.31506
2.36068
2.55786
5.97948
4.36362
3.16468
4.46431
3.23504
2.52789
6.37234
5.94579
2.64252
2.00705
3.12393
3.00854
1.72471
2.55248
1.97516
6.02881
2.60787
4.24117
3.96936
3.49536
5.6112
2.51618
4.27481
3.62383
3.72271
4.15199
5.66991
5.46089
2.92621
1.70465
2.433
1.94785
2.48667
1.95917
2.85855
3.77537
3.36677
5.0782
2.39947
5.31092
2.45119
3.62204
4.86107
4.7279
4.5014
5.19966
4.89391
4.27524
4.56865
3.22599
5.76192
2.34088
6.15817
2.40046
4.4248
4.72749
3.95971
4.09376
4.52271
2.96442
3.14902
1.89181
1.87272
5.40859
2.87175
3.11824
1.86406
5.21871
2.74233
3.07446
2.80634
3.09772
1.85088
4.02418
4.28511
2.58639
3.96515
4.16325
6.39896
6.27234
5.14658
5.25731
2.55673
3.88806
4.01527
3.92263
4.07796
6.13494
6.19076
3.535
2.50708
2.10788
2.09857
4.36799
3.47773
2.48969
2.09342
4.27344
3.40127
2.46446
3.43586
2.47834
2.08625
6.22931
4.30352
3.53578
3.47556
6.14966
4.20023
2.93183
4.62188
4.94058
2.62358
5.01883
2.64469
2.90764
3.43224
6.0467
4.06146
6.08864
4.12106
3.39724
4.35541
4.2958
4.25486
4.24112
4.1338
4.20053
4.32598
4.2053
4.22548
4.10546
4.15059
4.1711
4.05859
4.06006
4.01804
4.05031
4.02785
4.01336
4.03106
3.96699
3.98825
4.00163
3.96549
3.98572
4.11306
3.94483
4.09175
5.18881
5.17692
3.93135
4.06487
4.07606
5.16838
5.17052
1.7732
2.59844
1.77061
2.52628
1.77802
2.57413
1.76587
2.66747
1.82679
1.83222
1.8589
2.59559
2.61621
1.85394
1.76769
2.50447
2.53192
1.75523
2.55195
1.76049
1.76243
1.66317
2.4322
1.71662
2.45102
1.6681
2.41047
1.70936
1.69301
2.44716
2.39483
1.69217
2.41394
1.69725
1.68809
1.65689
2.42703
2.37274
1.69284
2.39056
1.69977
1.65178
1.92812
3.04414
2.102
3.49797
1.93779
3.01362
2.08761
1.80197
2.44487
2.53311
1.70763
2.55487
1.71714
1.79257
1.9188
3.46754
2.96599
2.06399
2.98768
2.07727
1.90969
2.20901
3.90963
2.25462
3.88219
2.22653
3.87482
2.23975
2.21007
3.72032
3.82275
2.13035
3.84829
2.146
2.19433
2.19791
3.85367
3.8269
2.2142
3.84785
2.22679
2.1829
2.47366
4.28172
3.10405
5.46668
2.49897
4.21545
3.05048
2.31016
3.85314
3.86731
2.22542
3.88973
2.24042
2.29643
2.44912
5.36115
4.12033
2.96195
4.16237
3.00316
2.4284
5.18274
5.30226
2.74027
2.38343
1.93488
1.65968
2.79703
2.33792
1.92085
3.38122
4.8964
2.35136
3.09231
3.49251
4.75381
2.30635
3.9046
3.36935
3.41472
3.85506
5.09866
5.04547
2.688
1.64414
2.2566
1.88985
2.29527
1.90546
2.64035
3.28528
3.02058
4.56469
2.22401
4.64486
2.26361
3.20326
4.46244
4.41057
4.29096
3.83563
4.43163
3.74483
4.10943
2.90552
4.88541
2.14794
5.02857
2.18879
4.04676
4.2585
3.60394
3.65968
4.17192
1.82355
2.68698
3.05028
4.86317
1.83949
2.63146
3.02447
1.8101
4.79259
2.53699
2.97757
2.58405
3.00077
1.79315
3.86049
3.9686
2.48713
3.83825
3.93413
6.09522
6.06787
4.92407
4.95827
2.46844
3.80851
3.89116
3.82151
3.90901
6.03739
6.04944
2.07245
3.37208
2.45262
4.11227
2.0802
3.34761
2.43864
2.06637
4.08277
3.31065
2.41522
3.32746
2.42748
2.0592
3.34434
6.01993
4.01687
3.36829
6.00395
3.98379
2.84903
4.45529
4.77523
2.55931
4.80177
2.57403
2.83327
3.32502
5.99245
3.94244
5.99561
3.95972
3.30946
4.28659
4.19247
4.18547
4.13719
4.0657
4.12944
4.28454
4.18392
4.18299
4.06265
4.12607
4.12609
3.95257
3.98975
3.94359
3.95115
3.95619
3.94157
3.98633
3.93746
3.93889
3.94872
3.93275
3.9357
4.05715
3.91233
4.05216
5.16937
5.17259
3.91067
4.04775
4.04915
5.18282
5.17725
1.75122
2.51375
1.74944
2.45122
1.75656
2.49761
1.74408
2.59604
1.83773
2.53291
1.80499
2.5457
1.81028
1.83264
1.74548
2.4372
2.4708
1.73327
2.48329
1.73839
1.74041
1.64035
2.35643
1.68366
2.37043
1.64537
2.342
1.67728
1.67104
2.38047
2.33611
1.67074
2.34813
1.67565
1.6663
1.63419
2.35556
2.31776
1.66322
2.32903
1.66882
1.62953
1.89291
2.94777
2.05482
3.41176
1.90108
2.93275
2.043
1.76662
2.37371
2.47126
1.67186
2.48345
1.67893
1.75928
1.88535
3.4017
2.91018
2.02547
2.92029
2.03549
1.87831
2.16128
3.81099
2.20348
3.80076
2.17403
3.79895
2.19313
2.1647
3.656
3.7709
2.08884
3.77839
2.10025
2.15326
2.15463
3.79055
3.78383
2.1762
3.79019
2.18448
2.14409
2.3921
4.08718
2.92619
5.1873
2.40839
4.06118
2.89599
2.25952
3.79176
3.82165
2.18012
3.82836
2.18942
2.25102
2.37614
5.163
4.02519
2.84967
4.04091
2.87043
2.3636
5.01275
5.01841
2.55766
2.22062
1.8736
1.60027
2.59688
2.18831
1.85771
3.07447
4.50886
2.18668
2.85291
3.1333
4.47346
2.15248
3.78185
3.28017
3.29091
3.77684
5.02393
5.04763
2.52233
1.58601
2.1322
1.82647
2.15851
1.84173
2.491
3.0254
2.81176
4.44979
2.09164
4.45489
2.12055
2.98528
4.34432
4.34527
4.14433
3.54973
4.18684
3.52197
3.93801
2.71872
4.61054
2.01378
4.64969
2.04156
3.93001
4.19224
3.48526
3.49137
4.17757
1.76248
2.4981
2.95756
4.6704
1.77917
2.45972
2.93886
1.74911
4.65124
2.39947
2.90964
2.42948
2.92358
1.73355
3.79926
3.87871
2.4264
3.79243
3.87044
6.02978
6.02511
4.85291
4.86438
2.41559
3.78493
3.8622
3.78804
3.86517
6.02126
6.02262
2.04742
3.29707
2.40604
4.03388
2.05373
3.28588
2.39603
2.04287
4.02594
3.26984
2.38144
3.27703
2.3891
2.03762
3.28744
5.99245
3.9304
3.29712
5.99415
3.9222
2.79912
4.40669
4.7161
2.52045
4.72617
2.52897
2.79076
3.27994
5.999
3.91365
5.99653
3.9169
3.27418
4.59105
3.72673
4.59075
4.60786
4.41099
4.61133
3.72573
4.59224
4.59123
4.41862
4.62058
4.6157
4.18732
4.29562
4.19242
4.12847
4.06942
4.13257
4.30248
4.20539
4.19862
4.0746
4.14357
4.13776
3.93845
3.99257
3.94118
3.93194
3.93955
3.9327
3.99774
3.94976
3.9451
3.9392
3.93715
3.93456
4.04749
3.91381
4.04815
5.18874
5.19475
3.9164
4.05111
4.04941
5.20605
5.20057
2.6451
1.721
1.88059
2.63197
1.72659
2.63498
1.87586
1.71612
2.62307
2.61885
1.86698
2.62635
1.87136
1.71107
1.73027
2.45985
1.72782
2.40507
1.73492
2.4505
1.72312
1.81768
2.55313
2.49734
1.78576
2.5041
1.79018
1.81348
1.72533
2.39723
2.43581
1.71411
2.44249
1.71821
1.72129
1.61951
2.30771
1.65547
2.32146
1.6237
2.29914
1.65066
1.65113
2.34079
2.30196
1.6521
2.30851
1.65601
1.64742
1.61426
2.31276
2.28537
1.63988
2.29162
1.64381
1.61069
1.86594
2.90187
2.01965
3.38705
1.87186
2.89526
2.01126
1.73981
2.33293
2.43746
1.64537
2.44389
1.65014
1.73467
1.8606
3.38567
2.88581
2.00033
2.88992
2.00712
1.85581
2.13078
3.77948
2.16945
3.77301
2.13945
3.77652
2.16302
2.13594
3.64379
3.75994
2.06322
3.76084
2.0709
2.12826
2.12796
3.77004
3.77361
2.15321
3.77471
2.15801
2.12099
2.34165
4.01314
2.83248
5.14286
2.35104
4.00383
2.81921
2.22771
3.77561
3.81052
2.154
3.81183
2.15899
2.22353
2.332
5.14574
3.99122
2.80094
3.99676
2.80854
2.3253
5.11789
5.07998
2.43906
2.10813
1.81135
1.54794
2.46321
2.08727
1.79722
2.92754
4.45529
2.06472
2.72435
2.95286
4.46876
2.04069
3.79826
3.28607
3.27917
3.81301
5.15828
5.19894
2.41812
1.53611
2.05259
1.77088
2.06848
1.78347
2.40039
2.90822
2.7057
4.51022
1.99914
4.48778
2.01856
2.8943
4.38982
4.41233
4.24414
3.47271
4.24522
3.48205
3.93922
2.62698
4.56145
1.92436
4.56622
1.94205
3.95717
4.32011
3.50116
3.48159
4.32226
1.70732
2.37739
2.89879
4.63055
1.72136
2.35495
2.88898
1.69679
4.63134
2.32434
2.87544
2.34023
2.88187
1.68459
3.78329
3.86076
2.39312
3.78215
3.86041
6.02071
6.02037
4.82713
4.83176
2.38741
3.78179
3.86161
3.78194
3.86078
6.01985
6.02018
2.02968
3.26412
2.37657
4.01454
2.03403
3.25949
2.37076
2.02705
4.01298
3.2531
2.36355
3.25604
2.3677
2.0236
3.26648
6.00111
3.91185
3.26981
6.00263
3.91099
4.59354
3.72474
4.59501
4.62559
4.44291
4.63052
3.72477
4.59794
4.59649
4.45038
4.63938
4.63515
4.21235
4.32544
4.21914
4.14959
4.09212
4.15553
4.33275
4.23143
4.22555
4.0976
4.1663
4.16114
3.955
4.01577
3.96037
3.94021
3.94174
3.94354
4.02157
3.97061
3.96566
3.94302
3.95015
3.94695
4.05304
3.9259
4.05509
5.21104
5.21549
3.92906
4.05908
4.05712
5.22262
5.21937
1.70214
2.61253
1.86284
2.60382
1.70667
2.60711
1.85887
1.69834
2.59957
2.59901
1.85186
2.60271
1.85525
1.69442
1.71346
2.43016
1.70973
2.38068
1.71688
2.42558
1.70624
1.80188
2.5311
2.48061
1.77068
2.48344
1.77397
1.79897
1.70976
2.37706
2.41894
1.69976
2.42184
1.70256
1.70703
1.60301
2.27989
1.63379
2.29371
1.60597
2.27545
1.63066
1.63577
2.32069
2.28501
1.63819
2.28795
1.64083
1.63334
1.59895
2.28896
2.26866
1.62308
2.27163
1.62542
1.59664
1.84761
2.8825
1.99762
3.38709
1.85146
2.88004
1.9921
1.72122
2.31111
2.42039
1.62703
2.42347
1.62987
1.71793
1.84419
3.38857
2.87677
1.9863
2.87812
1.99066
1.84122
2.11399
3.77307
2.14962
3.7655
2.11963
3.77276
2.14613
2.31333
3.98696
2.79496
5.16157
2.31796
3.98342
2.7913
5.27394
5.2379
2.37299
2.03836
1.7587
1.5061
2.38534
2.02666
1.74779
2.87893
4.53436
1.9813
2.67363
2.88467
4.55872
1.96598
4.4853
3.50756
4.39881
4.59925
3.7251
4.6004
4.64311
4.46843
4.64631
4.23668
4.351
4.24121
4.17088
4.11062
4.17482
1.68777
2.59604
1.84876
2.59144
1.69115
2.59359
1.8459
1.70175
2.41655
1.69665
2.37036
1.70389
2.41479
1.69448
3.8337
2.72006
2.24087
3.28318
3.75788
4.94669
2.28096
1.42396
1.94943
1.65401
1.95069
1.65493
2.27873
2.78316
2.6306
4.31914
1.84935
4.3249
1.85097
2.77988
4.34578
4.0546
2.58354
4.3762
1.81291
4.38076
1.81342
4.05477
4.53996
3.59967
3.59538
4.49832
1.62266
4.53928
2.30919
2.83511
2.31351
2.83694
1.6207
4.71491
4.7167
2.33874
3.7204
3.81439
3.72216
3.81537
2.08312
3.67011
2.11443
3.66982
2.08685
3.67058
2.11276
3.74275
2.06313
2.11792
2.09737
3.59891
3.67649
2.04051
2.1283
3.73336
2.1048
2.08833
3.67744
3.68109
2.11516
2.24282
3.83383
2.71956
4.96385
2.23939
3.84193
2.72859
3.80429
2.13185
2.20776
2.17531
3.68702
3.72075
2.11484
4.03898
2.94308
2.32133
2.25999
5.10661
3.88913
2.77692
5.00423
4.95171
2.28759
1.94911
1.65294
1.426
2.27826
1.95656
1.65675
2.79606
4.31975
1.8482
2.63794
2.77996
4.35569
1.85456
3.72447
4.37222
3.91869
3.39383
6.01841
5.24545
2.13466
1.75632
2.51772
2.33854
1.44249
1.99586
1.67817
5.10295
2.00121
3.15868
2.87905
2.69728
4.5288
1.88682
4.36681
4.52592
4.49865
3.58804
4.53416
3.59815
5.08264
1.94575
4.42745
4.13062
2.64585
4.54036
1.84075
3.86792
5.00416
4.64092
3.63657
1.6202
2.31033
2.83396
4.53278
1.62123
2.30859
2.83422
2.40576
2.92447
1.66327
1.62976
4.58263
2.32864
2.85133
3.71917
3.81363
2.33702
3.71897
3.81471
5.88928
5.89383
4.87442
4.72964
3.79542
3.88493
2.34208
3.72752
3.82621
6.05638
5.92328
1.98996
3.19021
2.32974
3.92905
1.9909
3.19087
2.32891
3.24458
2.35522
2.00945
1.99311
3.94229
3.20005
2.33371
2.97157
2.17984
2.82061
1.73157
1.41297
1.81432
1.39234
3.59668
3.5966
3.59989
3.30326
3.46148
3.28506
3.46469
4.85878
5.64296
5.75857
4.40417
4.20447
4.3454
4.23817
0.850701
0.846976
0.669743
0.880618
0.837132
0.840672
0.667107
0.926282
0.674074
0.733082
0.899282
0.910395
0.663185
0.719633
0.885165
0.704288
0.718181
0.884447
0.871685
0.692922
0.707564
0.879514
0.684924
0.696686
0.860837
0.866319
0.676054
0.686798
0.896799
0.677947
0.691369
0.868672
0.881005
0.667745
0.680932
1.06644
0.693996
0.779902
0.910377
1.01628
0.682747
0.747012
2.85653
1.82685
2.69981
1.79725
1.37334
1.32862
1.8984
5.82744
6.67291
6.14892
6.69719
5.78567
6.8858
6.15484
2.6363
1.36832
1.66195
2.08537
2.6123
1.65774
1.36633
0.834289
0.841437
0.665188
0.879148
0.833447
0.842496
0.663945
0.907695
0.661204
0.718715
0.895453
0.907191
0.660907
0.719737
0.86897
0.691377
0.707094
0.880955
0.868083
0.691543
0.708084
0.864238
0.675325
0.686558
0.85753
0.864434
0.675974
0.687591
0.878214
0.667309
0.680815
0.866333
0.877691
0.668217
0.682002
1.0035
0.681414
0.741758
0.904403
1.00062
0.682144
0.74284
0.987535
0.55624
0.744162
0.677148
0.989621
0.555514
0.746754
2.46527
1.27206
1.69266
1.69343
1.70679
2.44891
1.27189
0.900812
0.566472
0.676076
0.725673
0.90114
0.56683
0.677446
1.11169
0.735076
0.798903
1.01803
1.10815
0.735544
0.799683
2.55744
1.3638
1.64978
2.05025
2.54117
1.64589
1.36208
0.832493
0.843462
0.662787
0.878171
0.831422
0.844335
0.661667
0.906628
0.660617
0.720619
0.894145
0.905907
0.660295
0.721395
0.867205
0.691725
0.708924
0.879614
0.866196
0.691904
0.709628
0.864147
0.676509
0.68838
0.855655
0.863511
0.676914
0.688925
0.87658
0.668834
0.682796
0.864813
0.875137
0.669167
0.683258
0.997976
0.682639
0.743865
0.900769
0.994526
0.682825
0.744377
0.991271
0.555219
0.748898
0.678672
0.991771
0.554758
0.750528
1.69099
2.40565
1.27322
1.69912
1.69358
2.3917
1.2726
0.900815
0.567184
0.678482
0.726108
0.900079
0.567283
0.679181
1.10499
0.735798
0.800144
1.01238
1.10192
0.73579
0.800346
2.49932
1.35811
2.02417
1.6343
2.48745
1.62991
1.35624
0.905005
0.659871
0.721939
0.892345
0.904016
0.659447
0.72241
0.865017
0.691941
0.710092
0.877758
0.863764
0.691971
0.710449
0.862587
0.67713
0.689272
0.852962
0.861538
0.677243
0.689464
0.873464
0.669325
0.683463
0.862363
0.871738
0.669323
0.683486
0.990492
0.682753
0.744368
0.896093
0.986242
0.682507
0.744045
0.991707
0.554477
0.751707
0.678793
0.990916
0.554036
0.752533
1.67804
2.35614
1.26963
1.68022
1.68193
2.34697
1.26802
0.89898
0.567389
0.679598
0.725551
0.897783
0.567304
0.6798
1.09883
0.735523
0.800141
1.00653
1.09584
0.735097
0.79979
2.45843
1.61377
1.35231
2.00867
1.618
2.45054
1.35058
0.827675
0.846497
0.658478
0.876188
0.82638
0.847096
0.657509
0.90291
0.658954
0.722702
0.890256
0.901767
0.658482
0.722954
0.862415
0.691889
0.710631
0.875571
0.861056
0.691815
0.710748
0.860344
0.677223
0.689542
0.849905
0.859117
0.677138
0.689513
0.869949
0.66924
0.683369
0.859625
0.868208
0.669051
0.683142
0.981861
0.682119
0.74341
0.89125
0.977556
0.681629
0.742591
0.989888
0.553763
0.753073
0.677988
0.988388
0.553333
0.753365
1.66487
2.32616
1.26301
1.66276
1.66825
2.32138
1.26108
0.896418
0.567273
0.679838
0.724555
0.895097
0.567086
0.67974
1.09292
0.734526
0.799181
0.733868
0.79852
1.5994
2.43216
1.34727
2.00139
1.60306
2.42734
1.34579
0.825037
0.847643
0.656569
0.875289
0.82373
0.848146
0.655687
0.900549
0.657957
0.723062
0.887998
0.89933
0.657466
0.723153
0.859657
0.691646
0.710734
0.873217
0.858296
0.691495
0.710687
0.857827
0.676962
0.689417
0.846794
0.856565
0.676748
0.689243
0.866487
0.668828
0.682842
0.973346
0.681069
0.741593
1.58779
2.4167
1.34329
1.99929
1.59071
2.41401
1.34209
0.65571
0.966872
0.541059
0.743799
0.850691
0.674121
0.845112
0.8515
0.662066
0.674599
0.937525
0.669541
0.722316
0.870455
0.952991
0.670885
0.729311
0.966772
0.540829
0.743515
0.661462
0.975537
0.544181
0.747297
1.63582
2.28051
1.23175
1.61941
1.63683
2.28027
1.23101
0.881008
0.5609
0.672554
0.715369
0.883326
0.561624
0.673882
2.42487
2.06057
2.49749
1.61375
1.34148
1.5849
1.35413
0.815325
0.853157
0.646382
0.88575
0.868186
0.855426
0.67199
0.897072
0.653559
0.723066
0.941245
0.944289
0.686963
0.749445
0.865391
0.692999
0.713941
0.918762
0.900533
0.717761
0.731322
0.86851
0.681005
0.694359
0.885655
0.891699
0.696003
0.706823
0.871319
0.67412
0.683775
0.892636
0.908025
0.687595
0.702191
1.04387
0.683196
0.773595
0.944013
1.05392
0.704205
0.768175
1.03977
0.57162
0.777513
0.69669
1.03063
0.567042
0.780564
2.38902
1.78743
2.608
1.77004
1.25723
1.67883
1.30964
0.913525
0.573188
0.689068
0.757563
0.941973
0.584712
0.706003
1.11836
0.741362
0.811714
1.07597
1.17161
0.767482
0.839054
1.51991
1.49679
1.41893
1.33196
1.49825
1.34782
1.50518
1.88379
2.12115
1.59881
1.6318
2.29459
1.53604
1.91962
1.79932
1.75151
1.65604
1.52929
1.74795
1.55592
1.78026
2.2242
1.74594
2.51764
1.55127
2.60108
1.57542
2.16723
1.81086
1.76349
2.74551
2.1119
1.87482
1.64294
1.57315
5.10128
4.73175
7.19391
4.80931
6.47739
4.58857
4.51533
1.75832
2.50027
2.5716
1.72855
1.27588
1.29376
1.6976
8.00767
9.61349
10.0169
8.24955
1.87423
1.64581
1.92244
1.89136
1.69147
1.85538
1.68868
7.89172
8.03222
3.25678
2.28557
3.97425
4.52504
2.17936
3.72415
2.53729
6.31553
7.29739
8.1021
8.2179
6.41502
6.86413
7.42008
2.14348
2.14705
2.48416
2.57798
2.24617
2.30349
2.36158
8.78067
8.89593
5.89423
7.68895
5.72502
6.36392
8.40107
6.17618
7.47345
7.69688
9.58138
7.38713
2.20588
2.35085
1.51392
1.76197
2.05954
2.5872
1.58028
9.94856
9.04673
1.70698
2.4508
2.47599
1.93341
1.70418
4.25771
4.30962
4.54511
4.01353
6.60241
3.84445
4.23288
3.47612
3.10294
3.44172
3.28879
3.45248
3.18379
3.43494
4.78988
5.1163
4.93796
4.74042
6.10521
4.57623
4.741
11.1567
5.22673
5.07397
5.2294
5.80764
6.67539
6.33011
3.75476
3.79486
3.45486
3.38647
4.0606
3.26973
3.64569
6.06855
4.34128
4.86015
6.31813
4.33143
6.70432
4.92169
5.35769
3.89115
4.35451
4.09204
4.41575
4.01937
4.346
2.13914
2.66816
2.72365
1.68827
1.37066
1.66732
1.37937
4.40727
5.36498
5.34418
4.03819
3.94688
4.09498
3.94711
6.02475
9.26453
7.45981
6.18436
6.02883
6.25451
6.12774
6.14625
6.07878
5.63168
5.95859
6.24549
6.01527
6.13286
4.84022
4.34354
4.99133
5.01529
4.36468
4.65328
4.65285
1.76442
1.66137
1.90859
1.82178
1.79199
1.60164
1.75403
2.85203
1.8867
1.37155
2.88572
1.88822
1.89687
1.37432
5.0302
4.86524
5.37143
5.13109
5.13079
4.71275
5.02949
1.61101
1.37726
1.31569
1.57553
1.50315
1.4969
1.35172
5.02931
5.60434
5.6487
5.24429
5.00011
5.70723
5.27335
4.18381
4.24561
5.3582
3.93331
3.84183
3.69945
3.89636
6.47118
6.92476
6.82283
8.18896
6.56939
5.43124
4.95467
6.30315
6.33831
5.09289
5.68795
5.26734
9.07025
10.0709
8.79487
11.2391
10.1086
5.74392
6.76719
5.84935
6.55652
8.20426
7.37631
6.25318
7.62581
7.99022
12.2347
12.2459
9.45172
10.941
13.4643
13.7698
8.62978
6.44353
8.96639
9.47566
7.31086
7.22754
7.89636
8.6989
6.93702
7.74953
8.14522
4.55026
6.06105
4.79419
4.81014
5.13157
4.87779
5.73732
8.42338
7.7043
7.81427
10.3103
8.48819
7.8133
9.91402
8.66296
8.25512
8.18746
9.00814
3.70681
3.74323
3.70705
3.40218
3.57779
3.43703
3.5683
5.05959
6.3253
4.54457
5.98031
4.58893
4.53539
4.40774
2.99876
2.13916
1.41659
2.6764
1.81985
1.68495
1.38072
3.47414
2.97983
2.19482
2.96161
2.05898
1.84471
2.00788
3.31998
2.91993
2.11173
2.86936
2.12263
1.95049
1.93199
3.25822
2.75938
2.01687
2.80808
2.03739
1.86341
1.85108
3.08442
2.71526
1.94756
2.74769
1.95117
1.82091
1.79773
3.09955
3.37461
2.08102
2.95013
1.95221
1.87547
2.0448
3.72264
3.53039
2.15992
3.65041
2.21678
2.18837
2.11547
4.39965
4.05935
4.58033
4.51972
4.08305
4.34815
4.30508
1.3845
1.23603
1.22164
1.36093
1.39992
1.38634
1.24217
3.98734
4.0045
4.85829
3.77844
3.78552
3.64659
3.7963
6.51197
6.51387
6.44931
6.97193
8.15495
6.97942
6.60604
7.64332
6.44937
2.07602
2.57455
2.5927
1.65575
1.36462
1.65274
1.3659
2.04281
2.51212
2.52616
1.64234
1.35924
1.63811
1.36106
1.695
1.70586
2.42046
1.27309
2.43489
1.27286
1.69453
2.47051
1.53841
2.13533
2.11738
1.6891
2.44105
1.53591
2.10419
1.68593
2.39939
1.53195
2.41888
1.53289
2.09275
1.68857
1.69354
2.36686
1.2708
2.37859
1.27199
1.68501
2.07151
2.38103
1.52862
1.67519
2.08161
2.36428
1.52683
2.06192
1.67023
2.33539
1.52083
2.34892
1.52294
2.05358
2.7011
1.89976
2.68364
1.74987
2.68446
1.7436
1.89498
2.01945
2.46709
2.47683
1.62608
1.35336
1.62177
1.35515
2.66811
2.65659
2.66972
1.73792
1.88535
1.89021
1.73196
1.6749
1.6743
2.33216
1.26469
2.33882
1.26652
1.67116
2.03897
2.32316
1.51663
1.65634
2.04564
2.3127
1.51444
2.0328
1.6514
2.2958
1.50845
2.30351
1.51039
2.02767
1.61024
2.00631
2.4375
1.34808
2.4437
1.60633
1.34965
1.6624
1.6579
2.31405
1.25753
2.31725
1.25939
1.65955
2.01904
2.28894
1.50457
1.63962
2.02288
2.28336
1.5029
1.59651
2.00058
2.4197
1.34383
2.42331
1.59327
1.34513
1.63798
1.62005
2.28141
1.23208
2.28201
1.23256
1.6372
2.30609
1.23627
1.64531
1.63708
1.62101
2.28385
1.23167
5.0423
4.69371
5.28516
5.22273
4.55962
4.86139
4.94941
0.924037
0.576134
0.691379
0.725848
0.903626
0.567099
0.676385
0.830213
0.845124
0.66056
0.877155
0.828982
0.845842
0.659505
1.39539
1.39207
1.29385
1.22666
1.3981
1.23038
1.38506
1.40622
1.26179
1.41855
1.41587
1.33287
1.25941
1.40838
1.65903
1.3021
1.63614
1.48967
1.29065
1.23266
1.52498
1.29996
1.29646
1.24156
1.17087
1.29138
1.17382
1.29924
1.43405
1.16526
1.41886
1.39349
1.20944
1.16074
1.4196
14.4802
29.6088
61.8134
18.9006
38.8697
65.2984
7.98256
16.3817
30.603
7.85086
16.1657
29.9078
9.68622
19.5817
31.4383
7.85337
15.483
28.3873
7.78698
15.403
27.993
9.44538
18.3189
29.4222
7.8985
15.4831
28.2789
7.8355
15.3788
28.0519
9.42318
18.129
29.637
7.96377
15.4921
28.4241
7.87713
15.3467
28.2545
9.41807
18.0065
29.938
7.99941
15.4338
28.6209
7.88838
15.2679
28.4516
7.73265
14.9717
29.1779
8.79414
16.3656
31.5059
8.32142
15.7311
30.5244
10.0603
18.803
32.4357
8.07088
17.0743
32.7748
13.5828
31.1149
13.6294
35.6486
20.8678
39.8603
64.5283
11.1836
23.7198
41.148
9.0449
20.7919
35.2924
8.69863
18.3337
35.1541
8.52827
17.9103
34.7964
8.23159
17.2928
33.8421
15.0443
30.3345
58.6212
8.09584
16.9431
33.6409
8.42495
17.6062
33.5558
14.746
29.8371
57.8425
15.7455
31.7555
57.696
8.18574
17.4008
33.6503
15.5496
31.3637
57.5404
14.3284
28.792
58.1933
14.3081
30.635
66.3978
10.5478
23.7031
51.2187
10.966
24.6546
52.0522
58.8005
54.4985
14.0563
28.9444
56.6999
18.4191
37.893
67.0684
13.4029
30.1554
56.4848
13.5657
29.998
55.5885
15.7009
27.5288
51.2999
13.8146
33.5846
20.7411
38.6946
61.5034
15.3415
28.2565
62.2941
18.2488
41.7744
32.5961
22.3089
55.5096
24.9826
56.4415
28.0664
49.1397
29.94
52.3047
13.5716
29.9616
68.6941
14.6157
30.4161
57.4441
13.9823
30.912
59.5306
9.14372
19.8239
34.3515
9.1461
17.3022
32.6181
11.247
22.7634
39.3748
17.749
30.1375
55.0689
8.9454
16.9363
32.246
8.57647
16.2914
31.3317
17.5818
29.9303
55.0591
17.0006
29.0624
53.8333
8.54499
16.1678
31.1858
8.74921
16.4991
31.7028
16.9437
28.957
53.5046
14.9721
29.4492
57.6869
8.75129
16.5059
31.6891
14.3923
28.7666
57.2517
15.5262
30.6327
56.5534
15.3411
30.3895
56.5469
20.2752
42.1283
41.5457
27.2232
49.2015
38.4224
28.3806
52.2882
19.3266
38.6857
63.0122
19.299
38.4171
63.9299
14.4032
28.0759
51.1217
10.0765
22.6388
40.1601
11.1398
25.1625
56.0216
11.0002
24.7594
55.44
10.6593
24.0061
53.8002
10.4443
23.4178
53.5279
10.9323
23.9764
51.9841
14.6538
29.5698
57.031
10.2655
23.0434
50.8757
14.3953
28.6551
56.1509
16.0184
31.1052
58.1591
29.0794
57.7867
34.6528
26.1087
44.9218
33.4868
52.4823
17.3869
34.3255
59.7175
17.3353
34.8506
61.2
17.7285
35.297
60.8433
16.9573
39.2655
76.5043
18.8161
37.8019
62.4394
17.5919
39.2395
64.6848
16.6592
29.8454
55.8339
11.4416
20.3793
39.1036
12.5643
22.2188
42.5262
16.6366
27.4574
59.4333
23.4054
17.6039
37.0517
27.1687
73.816
28.7345
68.7127
25.8715
66.3144
95.655
29.355
58.3043
31.6361
30.4891
60.5247
15.835
28.5167
48.4367
16.9477
33.1098
57.252
16.2365
28.5457
47.459
18.9481
34.6864
56.3897
15.3498
26.9396
44.2387
19.9501
49.2508
15.3137
28.3283
57.5909
21.7528
49.3639
20.1345
27.8457
68.5898
41.9031
17.0566
35.2172
60.4004
18.1704
36.6199
59.8
18.2732
36.699
61.403
18.4443
36.9308
61.4874
17.9076
36.4008
60.5567
15.6096
31.6299
60.1515
15.1102
30.5673
58.2184
14.6557
29.8036
57.776
14.9311
30.2259
58.0262
15.526
31.2048
57.5963
15.543
31.3025
57.5029
14.2416
25.1486
44.3438
10.2055
21.1068
36.6772
17.0029
28.8996
52.4108
11.9586
21.1699
39.6962
17.3572
29.6085
54.6359
11.8223
20.9288
39.5317
17.1985
29.3744
54.3051
11.4468
20.3104
38.6146
17.2211
29.7563
55.3006
11.4671
20.3029
38.8378
17.2246
31.0097
58.2423
13.8217
23.8984
45.0375
14.2902
28.5207
56.453
13.4358
23.4882
44.4271
14.0881
27.746
55.8916
15.8937
30.1106
56.6926
15.7545
34.9618
66.9221
16.3464
32.6701
68.2054
16.5422
34.0693
64.6865
15.1714
33.2859
76.6881
14.6716
29.6664
57.0883
14.8817
29.9996
57.3654
14.6634
29.7173
57.0224
14.6174
29.0971
56.3687
15.4234
31.0946
57.5598
16.1622
31.5223
58.2911
8.96455
20.5118
34.235
8.50232
17.6709
32.1771
9.01913
20.2075
33.7727
8.53703
17.3456
30.307
9.34439
21.4422
37.3398
9.66553
20.5893
35.4581
9.58444
20.0751
33.5715
8.97798
20.3714
33.8735
9.03172
20.1533
33.7909
8.58775
17.3745
30.2444
9.04872
20.0289
33.8716
8.74347
17.4748
30.315
9.00105
20.276
33.7806
9.64574
19.5531
32.5584
9.05053
19.9957
33.8949
8.79064
17.4896
30.3785
9.05043
19.9145
33.9482
8.90203
17.4684
30.6077
9.66412
19.4655
32.5816
9.04005
20.107
33.8175
9.04544
20.0659
33.8453
9.698
19.2714
32.7104
8.3231
17.2357
31.7752
8.0281
16.5932
30.8868
8.34355
16.9147
29.8569
8.03376
16.2137
28.9916
7.90134
16.2916
30.6922
8.19216
16.6921
30.8578
7.91562
15.9712
28.7903
8.05106
15.9062
29.0424
8.01348
16.553
31.0521
7.94187
15.8053
29.2558
9.62876
12.3626
30.7444
7.4379
13.3517
23.702
9.12472
16.1783
28.4183
8.39107
16.9514
29.7846
8.07386
16.2392
28.9089
8.54065
17.0784
29.8335
8.20278
16.3567
28.9206
7.9577
16.0072
28.7041
8.04086
15.8403
28.9499
8.09263
16.1447
28.7099
8.04818
15.7918
28.8846
7.93962
15.7368
29.1448
7.95697
15.6805
29.0088
7.35111
13.9662
23.3166
7.51083
15.4025
23.2128
8.82889
16.7385
27.8515
8.58691
17.1015
29.8927
8.24357
16.383
28.9694
8.6974
17.0987
30.1167
8.34253
16.395
29.1736
8.13534
16.1758
28.7573
8.05791
15.7923
28.898
8.23956
16.1981
28.9571
8.09133
15.784
28.9912
7.9675
15.6818
28.9973
8.00379
15.6856
29.0238
7.60772
15.6572
23.3962
7.85714
15.8379
24.1891
9.0494
19.893
33.9612
8.92847
17.4457
30.6867
9.0449
19.8415
33.9909
8.97975
17.3545
30.9123
8.72387
17.0799
30.1956
8.36627
16.3812
29.249
8.77561
16.9939
30.4242
8.41217
16.3065
29.4706
8.26488
16.1867
29.0312
8.10069
15.7749
29.0322
8.31518
16.1186
29.2477
8.12051
15.7337
29.1642
8.0146
15.682
29.0462
8.03983
15.6551
29.1315
7.91343
15.7687
24.4684
8.01084
15.4175
25.1391
9.04328
19.8282
33.9984
8.98911
17.3219
30.9804
9.03832
19.7966
34.0161
9.00053
17.2271
31.1577
8.78512
16.9617
30.494
8.42025
16.2764
29.5388
8.79683
16.8658
30.6764
8.429
16.1855
29.7212
8.32461
16.0906
29.315
8.12407
15.7174
29.2082
8.33738
16.0049
29.4942
8.12835
15.6648
29.3285
8.04535
15.6425
29.1624
8.05505
15.5994
29.2551
8.02276
15.2912
25.3039
9.03679
19.7885
34.0207
9.00002
17.1981
31.2082
8.7965
16.8356
30.7286
8.42793
16.1568
29.7747
7.7169
14.2007
27.4428
8.72661
16.2347
29.5859
8.69518
15.9643
31.0277
7.72954
14.2241
27.4723
9.29842
16.5012
31.0282
8.65002
16.2229
31.2937
10.4529
18.658
35.9171
10.178
18.3138
35.308
8.60767
16.0957
31.1877
9.36922
17.2536
33.0762
9.99431
18.1828
34.8105
28.1919
26.4292
13.7189
33.1917
13.6102
31.6417
27.9485
9.889
18.635
32.263
11.536
20.8401
35.7095
11.2143
20.5228
35.1453
8.7659
19.1842
38.9357
8.1611
17.3116
33.3812
9.00079
19.7496
40.138
17.485
12.8
28.062
14.0435
32.7037
26.1938
25.6805
13.92
35.8815
26.1007
26.4328
26.4631
14.52
36.3726
23.4179
10.0847
19.7246
35.719
9.31891
20.0189
35.2679
9.93306
21.2234
35.5368
9.35573
20.2213
41.8804
9.21162
19.5639
35.6564
9.20371
19.8341
41.5455
8.38328
17.5981
34.4284
8.89629
19.2053
40.3978
8.30702
17.4429
34.1252
8.73774
18.7491
40.2116
8.1113
17.0392
33.4855
9.1215
19.6316
39.3515
8.24685
17.481
33.5706
8.76676
19.2402
39.039
8.2623
17.3967
33.4159
11.4775
28.993
18.2999
13.279
29.2699
28.2128
13.3773
33.8513
28.3137
28.4661
26.0745
9.66068
18.0494
32.1231
10.3449
19.1701
32.8151
9.82238
19.0194
33.639
9.48407
20.2865
34.9702
9.4801
17.9217
33.1047
9.93832
18.4021
34.3138
8.76426
16.6539
31.8926
9.76653
18.0955
34.0093
8.65629
16.4677
31.62
9.40759
17.4659
33.141
8.56089
16.1752
31.2988
9.42131
17.4128
33.1264
8.65568
16.3139
31.5967
10.1356
18.3818
35.3588
8.73423
16.4867
31.6448
10.0918
18.326
35.3169
8.8191
16.2999
31.7155
9.04116
18.7831
32.9193
8.46495
17.4261
30.9404
8.49209
17.3485
30.4831
9.06118
18.2174
31.2512
9.09639
18.1858
31.2194
8.64038
17.4121
30.2386
8.6927
17.448
30.2659
9.20268
18.1532
31.3286
9.70445
19.2207
32.7483
9.05121
19.9656
33.9154
9.23349
18.1384
31.389
8.83312
17.4925
30.4509
9.05115
19.9387
33.933
9.71414
19.0999
32.8386
8.87027
17.4848
30.5283
9.30205
18.0689
31.5797
8.0157
16.2962
30.38
7.90142
15.9154
29.2916
7.92585
15.857
29.1031
7.87986
16.2479
30.0756
7.79012
15.7554
28.6896
7.79811
15.7712
28.6279
8.08418
11.8149
27.5821
10.9056
13.7663
30.4592
10.4381
13.056
31.8427
8.93416
12.6364
27.4357
9.31985
13.3727
26.0349
9.73179
19.4167
31.1598
9.56682
18.9605
30.0624
9.57989
18.8069
29.8192
7.87029
15.4713
28.2568
7.85702
15.4621
28.3163
7.8732
15.4586
28.2032
7.78142
15.3692
27.7864
7.797
15.3834
27.9762
7.78864
15.3449
27.7585
6.94112
13.9318
24.2859
7.50624
15.5111
23.4207
7.88214
14.6902
23.0873
7.55675
14.6247
23.8328
7.80959
15.2834
22.9396
9.1283
17.3251
29.5269
9.4239
18.2308
29.3091
9.43219
18.2508
29.4469
9.40265
18.1697
29.3856
7.90948
15.4882
28.2169
7.91613
15.4929
28.3023
7.92441
15.4973
28.2555
7.82069
15.3349
27.8173
7.8484
15.3768
28.0978
7.83217
15.3319
27.8607
7.32455
15.7435
24.1769
7.87742
17.4134
23.5736
7.9361
16.3625
23.4847
7.77133
17.259
23.3475
8.00735
16.4787
23.8523
9.36756
18.062
29.6845
9.42249
18.0959
29.7137
9.35935
18.0316
29.7811
7.96271
15.49
28.414
7.97554
15.4825
28.473
7.97113
15.4772
28.4722
7.85721
15.2973
28.0165
7.88266
15.3294
28.3071
7.86179
15.2776
28.0702
7.74042
16.0708
25.0845
8.18173
16.9679
24.7892
8.14787
16.3337
24.9273
8.1364
17.1799
24.4939
8.16718
16.2053
25.2063
8.92891
17.0602
29.8538
9.33522
17.9442
30.0201
9.41508
17.9803
30.0057
9.32677
17.9178
30.0843
7.98473
15.4212
28.6401
8.00334
15.4146
28.6686
7.98561
15.4002
28.6925
7.86434
15.2081
28.2197
7.88741
15.2461
28.4942
7.86234
15.1837
28.2642
7.91797
15.6663
26.0052
8.23903
16.1323
25.5828
8.15953
15.7782
25.8268
8.24553
16.3291
25.4299
8.14426
15.6477
25.9637
7.68771
14.8862
29.0101
7.73652
14.9782
29.1912
7.69817
14.9009
29.0357
7.65545
14.5941
28.3286
8.04953
14.7859
27.5316
7.72409
14.5342
27.9339
8.01225
14.7372
27.4522
7.78017
14.6172
28.03
8.77031
16.8151
30.6515
8.17565
16.9231
31.424
8.27983
16.9872
30.514
8.10209
16.759
31.1501
7.98205
16.3232
29.6454
8.30247
16.912
30.0436
8.18627
16.5961
29.5038
7.9997
16.227
29.1831
8.11103
16.4127
29.2524
7.90627
16.3177
30.5781
7.85998
16.0468
29.4559
8.03769
16.6137
30.7022
8.10788
16.2589
29.6993
7.87959
15.9706
28.9868
7.88754
15.8937
28.6924
8.07121
16.0306
29.2358
7.97313
15.9585
28.8248
8.05341
16.5255
30.8225
7.96454
16.1491
29.9223
8.36448
16.4716
30.6493
7.94891
15.9292
29.4608
7.93248
15.7594
29.0688
8.6731
12.4453
26.4956
9.94622
12.3399
30.7813
8.49328
12.0722
26.2557
7.43749
12.1451
25.8741
7.96096
12.7346
24.8226
8.28675
12.3392
26.2048
7.69024
12.7706
24.4651
8.15653
12.9985
25.5503
8.08169
14.0798
23.4833
8.50159
13.5676
24.283
7.74287
13.712
24.5214
8.03075
12.8893
24.7581
9.10623
18.7909
32.0686
9.67588
19.8712
32.2598
10.3088
19.7055
31.8317
9.1977
17.4154
29.5574
8.93998
17.6383
30.0336
9.50185
18.644
30.2648
8.44106
16.9976
29.7701
8.23065
16.6321
29.4261
8.15311
16.445
29.1748
8.1166
16.2788
28.8818
8.49133
17.0427
29.7901
8.37276
16.7629
29.4603
8.16003
16.3205
28.8891
8.28717
16.5703
29.2044
7.92005
15.9097
28.6089
8.00244
16.0548
28.6746
7.98682
15.9281
28.7378
8.03826
15.8081
28.9039
8.04788
16.1032
28.6801
8.03272
16.0117
28.617
8.04109
15.7948
28.8852
8.0502
15.9469
28.7191
7.92272
15.6893
28.9788
7.94207
15.7011
29.0768
8.05132
15.6125
28.8735
7.94792
15.6855
29.034
7.92457
15.6241
28.8976
8.00204
15.4588
28.8776
7.37494
14.3253
23.4341
7.26265
13.4188
23.276
7.21516
13.9918
23.0002
6.9889
14.5163
24.1025
7.38992
14.8165
23.3242
7.35998
14.5416
23.1397
7.42187
15.0289
23.1162
7.56036
16.3328
23.2205
7.64879
16.9022
23.2114
7.71409
16.7585
23.1062
8.90038
17.4883
29.9029
9.4796
18.5129
30.1741
9.83028
18.4837
30.178
8.82729
17.249
29.7387
9.46195
18.3344
30.1091
8.62884
17.1117
29.9623
8.41742
16.7895
29.5165
8.32915
16.5962
29.2586
8.28094
16.3977
29.0306
8.66573
17.1102
30.038
8.5253
16.7969
29.7376
8.31401
16.4013
29.0998
8.43003
16.6034
29.4741
8.0699
16.0368
28.6637
8.17456
16.1943
28.817
8.07404
15.9574
28.7537
8.0693
15.7922
28.922
8.20939
16.2015
28.8848
8.16221
16.0517
28.8603
8.0805
15.7897
28.9539
8.13607
15.9527
28.9123
7.93101
15.6211
28.8995
7.97963
15.6845
28.9973
7.99761
15.4245
28.8907
7.99175
15.6864
29.0068
7.95511
15.6162
28.9507
7.61372
15.7029
23.5722
7.395
15.2599
22.9124
7.48818
15.4704
23.0662
7.44727
15.948
24.3551
7.69854
15.7999
23.7814
7.57708
15.5795
23.2761
7.70224
15.8019
23.6357
7.78639
15.8591
23.9022
7.98696
17.4322
23.8625
8.06755
16.4907
24.2413
8.06466
17.34
24.1742
8.25746
17.8676
24.4128
8.81491
17.2051
29.7257
9.46511
18.3041
30.1232
8.79681
17.1105
29.7501
9.4806
18.2336
30.2168
9.71506
19.0682
32.8629
9.04801
19.8737
33.9725
9.31704
18.0397
31.641
8.9499
17.4175
30.7645
9.04655
19.8567
33.9823
9.71308
18.9927
32.9251
8.96682
17.3867
30.8399
9.34254
17.9486
31.8061
8.55131
16.7809
29.8173
8.74541
17.0543
30.274
8.45401
16.5874
29.5519
8.38558
16.3602
29.325
8.76249
17.0251
30.3504
8.6024
16.7022
30.0512
8.40069
16.3347
29.3992
8.50009
16.5073
29.7774
8.18493
16.0413
28.9355
8.28574
16.1681
29.1054
8.15144
15.9398
28.9734
8.10889
15.7632
29.075
8.30229
16.145
29.1779
8.23175
15.9784
29.1547
8.11534
15.7492
29.1198
8.18192
15.88
29.1609
7.96262
15.6112
28.9776
8.02448
15.6753
29.0724
8.03272
15.6663
29.1012
7.97955
15.582
29.0688
7.93577
15.2765
27.2347
7.89543
15.6853
24.525
7.72203
15.5615
23.7843
7.8062
16.0011
25.3393
7.93636
15.5674
24.767
7.83986
15.2106
24.5447
7.81318
15.3492
24.3113
7.95708
15.6661
24.7224
7.98917
15.5456
24.9465
8.21942
16.7549
25.038
8.17056
15.9187
25.6521
8.23306
16.5294
25.2551
8.88527
16.7613
28.3423
8.79398
17.0858
29.7709
9.48535
18.213
30.2561
8.78921
17.0214
29.843
9.4943
18.1552
30.376
9.71141
18.9728
32.9431
9.04158
19.8163
34.005
9.34593
17.919
31.8543
8.99542
17.2894
31.0441
9.03996
19.8059
34.0109
9.70419
18.9244
32.9908
8.99906
17.2577
31.1031
9.34542
17.8378
31.9787
8.6119
16.6718
30.1228
8.79157
16.9292
30.5593
8.50814
16.476
29.8465
8.42551
16.2458
29.6033
8.7953
16.8971
30.62
8.62465
16.5798
30.31
8.4283
16.2152
29.6642
8.51701
16.3831
30.0311
8.24081
15.9519
29.2207
8.33125
16.0618
29.3787
8.18765
15.8556
29.2185
8.12656
15.7002
29.25
8.33531
16.0332
29.4385
8.25252
15.8709
29.3946
8.12809
15.6824
29.2905
8.19267
15.7817
29.3709
7.98299
15.5695
29.1005
8.04977
15.6284
29.1936
8.05287
15.614
29.2247
7.98789
15.5285
29.1901
8.013
15.2104
29.0989
7.99487
15.1541
25.387
8.02724
15.1701
25.4436
9.70138
18.9113
33.0048
9.03525
19.7813
34.0249
9.34268
17.8138
32.0139
8.99808
17.1706
31.2549
8.62497
16.5506
30.3641
8.79478
16.8068
30.777
8.51602
16.3541
30.0846
8.42559
16.1297
29.8248
7.71587
14.5175
27.9107
7.99743
14.7149
27.433
8.76935
16.8111
30.6466
8.74236
16.8538
30.4273
9.42847
17.9971
31.0111
7.66872
14.121
27.8982
8.00874
15.0341
29.1418
8.03151
14.594
28.7699
9.0814
16.0486
31.1126
7.80587
14.3329
27.6408
8.14069
14.764
28.4233
8.23998
15.3396
28.9415
9.15227
16.3421
29.8534
8.27092
15.0553
28.0013
8.05659
14.9655
28.6471
8.44557
15.6037
29.3041
8.74301
16.8564
30.431
9.4288
17.9987
31.0161
9.59263
17.9717
31.2116
8.97731
17.1411
30.7681
9.66318
18.2792
31.4625
23.5444
46.1067
25.7716
56.1753
28.4094
55.8898
29.5826
59.6014
56.3634
51.0193
27.5145
50.9919
18.5537
30.9886
60.7964
19.5511
28.1326
60.5848
19.0561
37.9272
60.9176
17.9892
35.2446
59.3371
16.6483
31.8628
60.88
14.6384
27.7177
57.553
14.2844
26.9967
56.8847
14.2558
28.6693
57.1347
13.9176
26.7054
56.763
15.2643
30.2013
56.6233
15.1876
28.7406
55.8865
15.3378
30.2863
56.4951
20.1878
44.0571
16.174
21.7547
56.3668
27.9232
78.1166
63.4711
60.0661
29.9514
61.7244
53.7578
57.9948
17.0287
33.6766
58.9779
17.0265
34.142
59.1306
18.2792
37.7482
60.3158
17.1323
34.4444
58.5105
17.8612
36.1357
59.9425
17.9674
36.1743
60.169
16.2884
32.7348
59.015
14.3024
28.5888
56.5203
13.9116
26.6402
56.0998
14.3548
28.9092
56.3145
13.7492
26.1333
55.7881
15.2027
30.0805
56.5597
24.7203
51.8636
19.1384
34.4309
64.997
9.43875
12.0286
32.782
9.63128
18.4286
31.8505
6.88712
13.115
25.3623
7.93121
15.4979
26.2133
7.11484
15.3741
24.714
8.82911
16.8051
27.8878
8.98581
17.1595
29.6823
7.93741
15.4326
26.9667
7.57761
16.0196
25.437
7.81688
15.7078
26.3683
7.62034
14.5026
28.4496
12.0254
30.8197
13.4964
33.6736
10.0502
18.4786
33.2546
19.0482
47.0511
13.3891
36.5953
27.6833
50.9667
14.4357
30.7191
13.3304
31.52
10.0258
20.9066
35.3061
10.7113
20.8739
35.0753
9.99973
20.9049
34.7495
10.2497
20.5165
35.0637
9.75613
20.6685
35.6262
8.15385
17.4676
33.9215
8.65896
17.3459
33.3808
8.22564
17.3827
33.6593
8.07664
16.9617
33.0057
46.3581
32.0392
63.8356
22.1266
26.5964
45.3482
27.4024
42.8062
18.381
49.4346
13.2405
29.7836
13.4511
30.6414
18.9212
33.0752
65.1811
10.334
19.0334
32.406
10.5441
19.2464
33.0871
19.2282
35.7385
58.0624
19.607
35.7633
59.0101
10.1346
18.9354
32.8052
20.5213
26.7968
69.5991
36.707
27.3438
51.081
34.0352
35.8562
37.252
26.6214
53.7705
12.8264
28.7562
56.4058
13.7259
30.7013
57.7057
19.5791
37.9171
66.705
14.1895
29.4537
57.1384
20.7683
39.7291
64.7358
19.6585
39.0704
63.9275
13.8203
30.2306
57.7942
17.6533
35.3031
60.4739
13.6326
28.7605
56.8355
13.289
29.7512
57.9604
46.43
31.4041
31.9347
61.8977
18.2808
32.3087
60.2034
18.3474
33.2945
59.4433
8.86123
16.3823
31.4733
8.28096
15.6986
30.5244
14.4274
25.6647
49.2069
17.4483
24.6958
51.9926
20.1816
46.8689
29.9654
56.2198
32.8699
20.1248
35.6131
65.3218
27.8724
49.8678
17.344
40.3693
74.8257
19.309
39.2191
63.1828
18.1363
40.4616
64.826
19.1971
38.301
63.4476
11.2302
24.151
47.4403
11.5156
25.9819
56.2514
15.385
34.3987
66.4402
14.8382
33.2972
79.4645
15.1722
34.2385
66.5751
14.9747
33.1897
78.7127
10.8381
24.3872
54.8352
14.9289
33.6742
65.8078
14.6676
32.9161
78.6364
14.9848
33.8077
65.8184
14.6327
32.8379
78.7254
14.7289
33.2416
65.1023
14.3913
32.3562
78.055
14.6697
33.1361
65.1099
14.4382
32.4357
77.8823
10.7377
24.1607
54.3412
14.3921
32.5056
63.9372
14.1554
31.7384
76.0591
14.4512
32.4832
63.6262
14.1014
31.7577
76.6319
14.5061
32.7763
64.563
14.2592
32.098
77.4714
14.5403
32.8549
64.5944
14.2347
32.0334
77.4783
10.527
23.7263
53.1475
14.3225
32.0538
63.0756
14.0884
31.4558
75.0592
14.3579
32.1909
63.0957
14.0784
31.3539
74.9247
14.4519
32.3545
62.625
14.0869
31.7267
75.3128
14.3647
32.2962
62.7811
14.2114
31.8342
74.707
10.6953
24.3434
53.0357
15.0209
32.5426
61.2573
14.4779
32.4816
72.685
14.6933
32.7749
62.1373
14.8097
32.1432
69.4986
10.4649
23.1888
50.6088
11.1033
23.3958
51.3173
16.1224
32.4505
58.7814
11.0432
24.7773
53.7045
11.1155
24.6213
53.2344
15.8332
31.9866
58.4583
15.8227
31.9481
58.4334
11.0662
24.1158
52.5013
15.6397
31.6958
58.4298
10.2901
22.6046
50.4073
14.8884
29.6225
58.2369
10.7659
23.8285
51.205
14.0468
31.1407
68.9403
14.5161
31.0865
58.5127
14.2882
31.496
59.2834
32.434
31.6351
49.7526
17.5577
34.4112
59.9454
33.7332
37.8431
28.5376
77.5076
59.6719
83.4603
27.9035
52.8613
28.235
49.2089
30.6341
62.398
62.1248
34.3292
22.6315
48.6106
28.791
54.9738
15.0194
27.073
46.1382
15.905
28.1909
47.4019
18.9257
35.8106
58.2939
15.769
27.5077
45.7119
18.4224
35.6214
58.8931
14.8794
26.2859
43.6132
14.0238
25.0083
41.8467
17.651
34.3246
58.4925
15.7438
27.7251
46.574
16.2463
25.127
55.8968
19.776
49.7037
24.3958
54.6828
22.0523
50.1116
41.664
29.3413
51.5978
20.1078
39.1814
64.0542
19.0493
39.2296
61.8933
19.6332
39.5028
62.8369
18.482
37.0081
61.3148
18.7099
37.1473
62.0909
17.5152
35.9476
61.218
17.6502
35.3189
59.6825
15.7148
31.8161
64.7657
14.9053
30.2576
58.1066
15.9007
31.8465
58.4042
11.5619
21.2393
37.7514
11.9718
21.2862
39.2671
11.6429
20.6572
39.1764
11.5275
20.4696
38.8762
11.8237
20.8923
39.9629
12.8035
22.3766
42.7441
13.5903
23.698
44.4968
13.4489
23.5271
45.5118
13.6285
23.68
45.8045
13.6259
23.6666
45.6663
15.0217
28.6556
55.956
15.022
28.4803
55.9099
13.4833
23.3587
44.72
11.278
20.1236
38.7755
14.887
27.3377
52.4936
15.2314
28.0556
55.8994
12.3592
21.7463
41.5497
14.9039
30.1028
57.4248
14.8093
30.0728
57.183
14.4915
29.4594
59.1132
15.3447
30.6549
57.3103
14.8709
30.5452
56.905
10.0608
21.7286
39.5867
9.59553
19.8208
32.8252
9.62252
19.6642
32.5968
9.67839
19.3923
32.6235
9.68944
19.328
32.6683
7.94246
16.4431
30.8296
7.86563
15.5547
28.6862
8.08867
15.7005
28.9225
7.90627
16.1619
30.3062
7.85694
15.5435
28.5152
7.85924
15.4827
28.553
10.5537
13.3576
31.4281
7.78007
15.4504
28.0582
8.36248
14.1818
26.0276
7.03977
12.4336
25.8955
11.2153
14.6064
32.4574
10.0627
12.479
30.3342
7.7699
14.036
24.1619
9.71943
19.5795
31.7544
9.52183
18.3915
29.5198
9.89441
18.6153
30.1669
9.46827
18.4298
29.4493
9.47061
19.3711
32.1554
9.45184
18.2654
29.8823
9.28856
18.2427
29.9216
7.86493
15.4784
28.5444
7.88995
15.4296
28.3816
7.85889
15.422
28.4762
7.88121
15.4718
28.2701
7.86795
15.3673
28.4266
8.15981
14.5923
25.8265
7.82223
15.378
28.0135
7.94454
15.3915
26.0313
6.99629
14.9498
24.6982
8.96618
16.3609
28.1154
7.63414
14.9437
23.6669
7.83457
17.1075
23.5886
9.50129
18.2759
29.4398
9.00875
17.1892
29.634
9.48951
18.1271
29.4667
9.72569
18.2551
30.2907
9.42363
18.1635
29.564
9.40111
18.1303
29.888
9.26926
18.1307
29.8514
9.25437
17.971
29.8973
7.90505
15.4314
28.3743
7.95063
15.4275
28.4248
7.9983
15.3446
28.937
7.87336
15.3646
28.4371
7.94935
15.4976
28.3778
7.89045
15.3525
28.5111
7.86958
15.3609
28.201
7.93466
15.495
26.8003
7.47913
15.9887
25.2
7.95816
17.4414
23.8742
8.86037
16.8514
28.1146
8.28108
17.537
25.0155
9.49294
18.0966
29.5156
9.70841
18.2074
30.3289
8.94
17.0835
29.8155
9.50207
18.0155
29.6928
9.67982
18.1086
30.4391
9.42027
18.0349
29.8673
9.25616
17.9403
29.9481
9.30375
17.7137
30.1966
9.26436
17.865
30.1238
7.96407
15.419
28.4558
8.00056
15.3234
28.9545
7.9934
15.3788
28.5627
8.00766
15.2688
29.0128
7.8947
15.3432
28.5438
7.99331
15.4525
28.5724
7.90068
15.3027
28.6472
7.88808
15.2892
28.4061
7.9313
15.195
27.3404
7.77732
15.8196
26.166
8.87062
16.8301
28.1976
8.34852
17.3944
25.4023
8.8894
16.7208
28.404
8.46143
16.8768
26.1955
9.50361
17.9889
29.7525
9.67466
18.0846
30.4748
8.9029
16.9997
29.9491
9.50169
17.919
29.9141
9.66378
18.0298
30.578
9.30013
17.6846
30.2414
9.26595
17.8429
30.1829
8.00018
15.3621
28.5993
8.00961
15.253
29.0339
8.01135
15.3102
28.7061
7.90054
15.2864
28.6808
7.92509
15.1172
27.4315
8.46897
16.711
26.4084
7.66061
14.4681
28.7
7.60997
14.4862
28.4263
8.28356
15.4906
28.4523
7.75247
15.0226
29.3326
8.13167
15.4295
30.0342
7.89141
15.2086
29.6302
7.66789
14.482
28.7217
7.89608
15.1942
29.5284
9.08504
16.5684
31.7786
8.72807
16.2405
29.5943
8.28339
15.4926
28.4856
9.33744
17.1522
30.7545
9.10802
16.5577
30.0981
9.41902
17.8064
30.6734
9.11291
17.2632
31.2911
9.67355
18.1144
31.135
9.85496
18.2917
31.7038
13.7755
34.2113
26.8918
12.1966
21.6858
38.5219
25.4073
13.5002
36.7622
14.0132
35.7137
14.9257
35.1594
26.5879
13.7403
33.1564
20.0148
17.0037
42.1913
11.2532
22.6998
43.9
10.1389
22.6458
42.6197
10.8367
24.0669
43.1027
11.6857
23.5078
42.4683
10.9975
23.7914
43.0764
10.9325
23.7893
41.9979
10.1005
20.7197
34.4366
11.0849
23.6114
41.5991
11.2272
23.0858
42.3583
10.6668
23.4748
43.244
9.80996
21.4602
41.8935
9.05885
19.5241
41.1129
8.97644
19.3601
40.7376
8.77108
18.9388
39.9445
8.91434
19.5331
39.8939
8.89583
19.29
38.7431
9.38016
19.2826
39.2692
8.89358
19.7632
40.6827
8.99807
19.6641
40.3187
8.26849
17.2443
33.358
9.03257
19.4234
39.8149
8.66794
18.748
38.9068
8.21395
17.3213
32.9458
8.90015
19.3667
38.9662
12.8535
34.4042
13.6643
32.5068
21.2388
16.6563
33.8885
11.4705
20.6674
36.2604
12.2254
21.8228
36.9727
12.3809
21.8247
37.3182
12.0741
21.443
36.3377
10.026
18.673
32.5808
11.5341
20.7225
36.1465
11.9101
21.3963
36.8249
10.3274
19.6918
34.6798
10.1772
18.8804
34.5708
9.58819
17.8178
33.6648
9.47928
17.6305
33.3961
9.5693
17.6187
33.6329
9.90583
18.0802
34.6814
10.0816
18.332
35.3396
10.313
18.406
35.8592
10.5283
18.7046
35.9877
9.28045
17.1285
32.9685
8.43796
15.9293
30.8919
9.65814
17.6033
34.0202
9.01037
18.4488
31.7915
9.02932
18.2898
31.387
9.13272
18.1727
31.235
9.16868
18.1638
31.2752
9.70911
19.1757
32.7819
9.26041
18.1189
31.4525
9.71231
19.1355
32.8117
9.28331
18.0953
31.5167
9.48645
12.1201
32.0604
8.03952
11.6348
28.4551
9.33702
13.4341
27.928
9.42224
17.8484
30.2847
9.98426
15.5246
29.9627
6.96847
13.3065
24.598
6.85538
13.7925
25.006
9.07672
17.2664
29.5474
7.19905
15.4366
24.0633
7.24202
15.6836
24.8175
8.96769
17.1329
29.7293
8.83797
16.844
27.9502
7.65827
16.0972
24.8258
7.65955
15.9881
25.6934
8.91938
17.0387
29.8882
8.8796
16.7989
28.2719
7.8932
15.788
25.8038
7.84534
15.5907
26.5456
7.57592
14.485
28.1578
7.68921
14.5958
28.5966
8.78047
16.8323
30.6589
8.12919
16.6725
30.1661
8.05617
16.5012
29.9036
8.14859
16.5953
29.6946
8.07507
16.417
29.4407
7.85472
16.0281
29.3569
7.97596
16.2286
29.4879
7.86238
15.9188
28.8865
7.96692
16.043
29.019
7.98112
16.1081
29.7023
8.22646
16.0548
29.5076
7.88733
15.9626
29.4945
7.95006
15.8849
29.2546
8.14374
15.8342
29.0722
7.87174
15.6993
28.9425
7.99967
16.403
30.1895
7.86825
15.7881
29.1664
7.93461
15.9692
29.0226
7.87053
15.6701
28.7575
7.87496
15.5205
28.3674
7.8905
15.6317
28.5919
7.86118
15.5919
28.7246
7.89925
15.6119
28.3942
7.91078
15.7392
28.5699
10.0835
12.968
30.4823
8.95495
13.8115
28.7288
7.7784
15.5515
28.2299
7.778
15.4241
27.8697
7.7804
15.5399
28.0773
8.70709
13.7652
26.5653
8.1561
14.6919
27.688
8.42653
14.3895
27.9811
10.1081
12.5904
30.9264
7.37814
11.8785
26.7456
7.11198
12.689
25.0761
7.60317
13.2195
24.0819
7.42688
12.8488
23.7284
7.78007
12.3608
24.5203
10.1562
12.4654
30.2374
8.70621
12.2952
26.3841
8.76465
12.6058
26.6425
7.67055
13.8344
23.8789
8.10194
13.1799
25.0393
9.41846
15.9376
28.9271
9.03632
18.1963
30.7647
9.58884
19.2258
30.9156
10.1067
19.1317
30.5918
9.61198
18.9516
30.2567
9.29089
17.5667
29.726
8.98547
17.8575
30.2619
9.53686
18.8597
30.4525
9.98291
18.8111
30.2382
9.55645
18.5946
29.7212
9.84519
19.3597
31.7457
9.64666
18.7734
30.4316
9.50566
18.6224
29.5908
9.45478
18.328
29.2813
9.50168
18.4986
29.3725
9.36946
18.7584
30.6896
9.52811
18.4581
29.9915
9.3197
18.4317
30.1334
8.27785
16.6784
29.4061
8.19774
16.4889
29.1536
8.3257
16.7248
29.4211
8.24286
16.5333
29.1671
7.95636
15.9419
28.5811
8.00528
15.9246
28.7032
7.99442
15.9787
28.5873
8.02681
15.934
28.7003
7.91915
15.6514
28.9312
8.02651
15.5488
28.8626
7.86881
15.4429
28.4589
7.92005
15.6326
28.9069
8.01102
15.4995
28.8669
7.87742
15.4301
28.4079
7.89433
15.5412
28.3208
7.86023
15.3898
28.4401
7.89374
15.505
28.2936
7.867
15.4616
28.2806
7.89444
15.4757
28.1918
7.88206
15.4629
28.1851
7.86339
15.3742
28.4263
7.90299
15.4783
28.3078
7.89727
15.4866
28.2923
8.01167
14.8659
27.5342
8.0416
14.9404
25.8014
7.93406
14.9765
27.443
7.80907
15.3779
27.9864
7.80946
15.3351
27.7828
7.79806
15.3372
27.761
7.97694
15.208
25.884
7.872
15.1094
27.3843
7.89251
15.0534
27.3961
7.43139
13.775
23.6728
6.90213
14.416
24.7902
7.08213
15.0247
24.0329
7.44772
15.2165
23.3232
7.30763
14.9395
22.8367
7.24022
14.5109
22.8597
7.86801
16.1331
23.1652
7.81569
15.7739
22.9809
7.58029
15.9658
23.1266
7.58546
15.0039
23.3494
7.64037
15.8244
23.439
8.88283
16.5145
27.9403
7.71129
16.524
23.4335
8.84253
16.6403
27.862
7.8178
17.3072
23.2889
8.86872
17.382
29.8215
9.46696
18.4293
30.1284
9.78342
18.3878
30.2121
9.49125
18.2078
29.4182
9.03803
17.2233
29.5872
8.84447
17.306
29.7695
9.46192
18.374
30.1092
9.74982
18.3135
30.2514
9.48855
18.1613
29.4314
9.36764
18.028
29.9236
9.42628
18.2019
29.4981
9.37661
18.0932
29.5823
9.38761
18.1274
29.4798
9.33063
17.8833
30.0131
9.25877
18.0581
29.8387
9.34548
17.948
29.9677
9.25452
18.0087
29.8589
8.45817
16.8032
29.5841
8.36742
16.6097
29.3243
8.49423
16.8052
29.659
8.4011
16.6116
29.3973
8.10442
16.0514
28.7225
8.09698
15.9623
28.7998
8.1353
16.0562
28.7891
8.1177
15.9606
28.8537
7.93879
15.6201
28.9101
7.99617
15.3945
28.9052
7.92064
15.4335
28.3813
7.94687
15.6192
28.9277
7.99668
15.3683
28.9206
7.93639
15.4319
28.3992
7.91112
15.4729
28.3351
7.87935
15.3626
28.456
7.91928
15.4673
28.3711
7.93377
15.4976
28.3363
7.95165
15.4981
28.3572
7.93909
15.5004
28.3034
7.88527
15.3587
28.4813
7.93435
15.4483
28.4582
7.9275
15.459
28.4129
7.86247
15.1497
27.4004
7.92818
15.5418
26.411
7.85942
15.1768
27.4373
7.85987
15.3709
28.1484
7.85083
15.3133
27.9624
7.8422
15.3249
27.91
7.93093
15.5357
26.6133
7.86033
15.194
27.5487
7.85933
15.1911
27.4887
7.52673
15.5117
23.4127
7.36583
15.8841
24.9869
7.56006
16.0622
24.5769
7.77605
15.8204
24.0191
7.65629
15.6064
23.5188
8.11591
16.4367
24.5968
8.10631
17.8276
24.0297
7.99986
17.6972
23.5735
8.08657
17.6038
24.2212
8.18896
17.6183
24.6399
8.84824
16.8577
28.0312
8.33173
17.7534
24.9314
8.80663
17.1687
29.7249
9.46988
18.2782
30.1479
9.69578
18.1688
30.3663
9.49631
18.069
29.5722
8.95253
17.1073
29.7742
8.80063
17.1381
29.7344
9.4753
18.2554
30.1799
9.68671
18.1359
30.4029
9.49987
18.0416
29.6321
9.32036
17.83
30.0596
9.42185
18.064
29.7906
9.34357
17.9723
29.9488
9.3515
18.0016
29.8689
9.30786
17.7468
30.1516
9.31323
17.7851
30.1054
9.25904
17.913
30.0042
9.26179
17.8887
30.0639
9.71502
19.0401
32.8852
9.32848
18.0095
31.6994
9.71439
19.015
32.9059
9.3369
17.9789
31.7545
8.57252
16.7578
29.8967
8.47347
16.5645
29.6296
8.58936
16.7313
29.9756
8.48862
16.5372
29.705
8.20374
16.0245
29.0115
8.1641
15.9226
29.0374
8.21923
16.0031
29.0851
8.17399
15.9026
29.1006
7.96937
15.6034
29.007
8.00299
15.3037
28.9731
7.97536
15.4081
28.4899
7.97495
15.5937
29.0376
8.00545
15.2857
28.9925
7.98546
15.3941
28.526
7.94022
15.4341
28.5055
7.89782
15.3318
28.578
7.94436
15.4182
28.5538
7.98572
15.4688
28.5227
7.98205
15.4419
28.5865
7.97776
15.4606
28.5298
7.89981
15.3179
28.6128
7.94869
15.3814
28.6484
7.9473
15.4001
28.6012
7.86079
15.1868
27.6132
7.93778
15.3568
27.111
7.86025
15.172
27.6784
7.88624
15.3101
28.3578
7.86513
15.2323
28.1723
7.86426
15.2558
28.1224
7.8552
15.1278
27.8023
7.8584
15.1517
27.7419
7.84171
15.7751
24.2726
7.77432
15.4704
24.0548
7.72553
15.9172
25.94
7.8567
15.9027
25.5809
7.96578
15.4332
24.9936
8.17318
16.0624
25.4532
8.46639
17.4215
25.7084
8.4341
17.6367
25.2505
8.40452
17.2291
25.6971
8.5263
17.2582
25.9378
8.52518
17.0262
26.2977
8.43568
17.0487
25.9901
8.79216
17.0625
29.7936
9.48921
18.1928
30.2965
9.67037
18.0641
30.5099
9.50372
17.9642
29.8096
8.9106
17.0182
29.9201
8.79045
17.0414
29.8184
9.49223
18.1739
30.3367
9.66693
18.0458
30.5444
9.50325
17.9406
29.8634
9.29685
17.6592
30.2845
9.267
17.822
30.239
9.70926
18.9549
32.96
9.34727
17.8905
31.899
9.70689
18.9388
32.9759
9.34703
17.8634
31.9404
8.61844
16.6409
30.1896
8.51341
16.4444
29.9121
8.62253
16.61
30.2521
8.51622
16.4133
29.9738
8.24706
15.9247
29.2824
8.19117
15.8308
29.2724
8.25079
15.8974
29.3406
8.19273
15.8058
29.3234
7.98553
15.5561
29.1314
8.01112
15.2379
29.0553
8.00503
15.3449
28.636
7.98708
15.5425
29.1615
8.01231
15.2238
29.0771
8.00894
15.327
28.671
7.94897
15.3616
28.6921
7.89951
15.27
28.7137
7.94821
15.3415
28.7346
7.85086
15.1017
27.859
7.91733
15.0439
27.5104
7.84552
15.075
27.9114
7.98469
15.2937
25.2014
7.85696
15.0643
24.7521
7.86534
14.9187
24.9337
8.55666
16.8729
26.4428
9.6984
18.8995
33.018
9.33912
17.7915
32.0465
8.62375
16.523
30.4143
8.51369
16.3265
30.1343
7.64165
14.7722
28.7458
7.56301
14.4648
28.1188
7.56787
13.9735
27.6597
7.441
13.6322
27.1879
8.20408
15.2857
28.8916
7.78458
15.0642
29.4289
7.7551
15.0278
29.3431
7.78923
15.0714
29.4425
8.04858
15.3776
29.9859
7.92666
15.1756
29.5789
7.86527
15.1511
29.5812
7.96198
15.2883
29.8198
7.77892
15.0575
29.3956
7.82015
15.1156
29.5066
7.64573
14.7788
28.7588
7.71673
14.5499
28.8291
7.66998
14.812
28.8149
7.97526
15.2676
29.6513
7.76623
15.0151
29.2563
7.75629
14.9709
29.1651
8.19022
15.5783
29.9743
7.93849
14.8343
29.3479
7.79072
14.9483
29.0842
7.58229
13.9984
27.7054
7.4555
13.6572
27.2326
7.54027
13.7782
27.4274
9.21249
16.7783
31.8578
7.99863
14.9864
29.3261
9.23918
16.4408
31.591
7.89485
14.2495
28.2988
9.1008
16.5441
30.8615
8.2277
15.3351
28.8482
8.31211
15.5262
28.4996
8.74656
16.2682
29.6227
9.23786
16.7923
30.8921
8.44604
15.6825
28.809
8.85693
16.3897
29.8434
8.75013
16.8663
30.4358
9.43474
18.0068
31.0301
9.60084
17.9822
31.2269
9.42724
17.8162
30.6884
8.83822
16.9159
30.7218
8.79309
16.9222
30.4641
9.47419
18.0585
31.0993
9.64804
18.0458
31.3091
9.47343
17.8788
30.765
19.0929
23.5832
55.6036
19.7865
53.366
34.0588
68.2823
60.824
19.782
29.7763
65.1486
16.5395
32.188
57.5424
18.8436
37.6302
61.4637
13.813
26.6144
56.6872
14.8725
28.2902
55.9866
17.4948
21.8724
56.2486
58.2388
59.1051
44.2619
38.0552
71.692
16.3148
32.0728
58.0487
20.213
38.3825
59.9629
17.1651
33.9861
58.1354
17.2397
34.0098
58.2708
17.0796
35.1246
60.0645
16.0668
30.8814
57.649
13.9132
26.6612
56.1498
13.9851
27.2172
55.9016
14.8759
28.2135
55.9621
)
;

boundaryField
{
    front
    {
        type            cyclic;
    }
    Back
    {
        type            cyclic;
    }
    inlet
    {
        type            fixedValue;
        value           uniform 1.78;
    }
    outlet
    {
        type            inletOutlet;
        inletValue      nonuniform List<scalar> 0();
        value           nonuniform List<scalar> 0();
    }
    upperPatch
    {
        type            slip;
    }
    ground
    {
        beta1           0.075;
        blended         0;
        type            omegaWallFunction;
        value           nonuniform List<scalar> 
1427
(
6.92701
6.64364
7.20281
8.48401
14.1471
8.21337
7.8335
8.97269
5.45849
6.23321
61.8134
65.2984
30.603
29.9078
31.4383
28.3873
27.993
29.4222
28.2789
28.0519
29.637
28.4241
28.2545
29.938
28.6209
28.4516
29.1779
31.5059
30.5244
32.4357
32.7748
31.1149
35.6486
64.5283
41.148
35.2924
35.1541
34.7964
33.8421
58.6212
33.6409
33.5558
57.8425
57.696
33.6503
57.5404
58.1933
66.3978
51.2187
52.0522
58.8005
54.4985
56.6999
67.0684
56.4848
55.5885
51.2999
33.5846
61.5034
62.2941
41.7744
32.5961
55.5096
56.4415
49.1397
52.3047
68.6941
57.4441
59.5306
34.3515
32.6181
39.3748
55.0689
32.246
31.3317
55.0591
53.8333
31.1858
31.7028
53.5046
57.6869
31.6891
57.2517
56.5534
56.5469
42.1283
41.5457
49.2015
38.4224
52.2882
63.0122
63.9299
51.1217
40.1601
56.0216
55.44
53.8002
53.5279
51.9841
57.031
50.8757
56.1509
58.1591
57.7867
34.6528
44.9218
52.4823
59.7175
61.2
60.8433
76.5043
62.4394
64.6848
55.8339
39.1036
42.5262
59.4333
23.4054
37.0517
73.816
68.7127
66.3144
95.655
58.3043
31.6361
60.5247
48.4367
57.252
47.459
56.3897
44.2387
49.2508
57.5909
49.3639
68.5898
41.9031
60.4004
59.8
61.403
61.4874
60.5567
60.1515
58.2184
57.776
58.0262
57.5963
57.5029
44.3438
36.6772
52.4108
39.6962
54.6359
39.5317
54.3051
38.6146
55.3006
38.8378
58.2423
45.0375
56.453
44.4271
55.8916
56.6926
66.9221
68.2054
64.6865
76.6881
57.0883
57.3654
57.0224
56.3687
57.5598
58.2911
34.235
32.1771
33.7727
30.307
37.3398
35.4581
33.5715
33.8735
33.7909
30.2444
33.8716
30.315
33.7806
32.5584
33.8949
30.3785
33.9482
30.6077
32.5816
33.8175
33.8453
32.7104
31.7752
30.8868
29.8569
28.9916
30.6922
30.8578
28.7903
29.0424
31.0521
29.2558
30.7444
23.702
28.4183
29.7846
28.9089
29.8335
28.9206
28.7041
28.9499
28.7099
28.8846
29.1448
29.0088
23.3166
23.2128
27.8515
29.8927
28.9694
30.1167
29.1736
28.7573
28.898
28.9571
28.9912
28.9973
29.0238
23.3962
24.1891
33.9612
30.6867
33.9909
30.9123
30.1956
29.249
30.4242
29.4706
29.0312
29.0322
29.2477
29.1642
29.0462
29.1315
24.4684
25.1391
33.9984
30.9804
34.0161
31.1577
30.494
29.5388
30.6764
29.7212
29.315
29.2082
29.4942
29.3285
29.1624
29.2551
25.3039
34.0207
31.2082
30.7286
29.7747
27.4428
29.5859
31.0277
27.4723
31.0282
31.2937
35.9171
35.308
31.1877
33.0762
34.8105
28.1919
26.4292
33.1917
31.6417
27.9485
32.263
35.7095
35.1453
38.9357
33.3812
40.138
17.485
28.062
32.7037
26.1938
25.6805
35.8815
26.1007
26.4328
26.4631
36.3726
23.4179
35.719
35.2679
35.5368
41.8804
35.6564
41.5455
34.4284
40.3978
34.1252
40.2116
33.4855
39.3515
33.5706
39.039
33.4159
28.993
18.2999
29.2699
28.2128
33.8513
28.3137
28.4661
26.0745
32.1231
32.8151
33.639
34.9702
33.1047
34.3138
31.8926
34.0093
31.62
33.141
31.2988
33.1264
31.5967
35.3588
31.6448
35.3169
31.7155
32.9193
30.9404
30.4831
31.2512
31.2194
30.2386
30.2659
31.3286
32.7483
33.9154
31.389
30.4509
33.933
32.8386
30.5283
31.5797
30.38
29.2916
29.1031
30.0756
28.6896
28.6279
27.5821
30.4592
31.8427
27.4357
26.0349
31.1598
30.0624
29.8192
28.2568
28.3163
28.2032
27.7864
27.9762
27.7585
24.2859
23.4207
23.0873
23.8328
22.9396
29.5269
29.3091
29.4469
29.3856
28.2169
28.3023
28.2555
27.8173
28.0978
27.8607
24.1769
23.5736
23.4847
23.3475
23.8523
29.6845
29.7137
29.7811
28.414
28.473
28.4722
28.0165
28.3071
28.0702
25.0845
24.7892
24.9273
24.4939
25.2063
29.8538
30.0201
30.0057
30.0843
28.6401
28.6686
28.6925
28.2197
28.4942
28.2642
26.0052
25.5828
25.8268
25.4299
25.9637
29.0101
29.1912
29.0357
28.3286
27.5316
27.9339
27.4522
28.03
30.6515
31.424
30.514
31.1501
29.6454
30.0436
29.5038
29.1831
29.2524
30.5781
29.4559
30.7022
29.6993
28.9868
28.6924
29.2358
28.8248
30.8225
29.9223
30.6493
29.4608
29.0688
26.4956
30.7813
26.2557
25.8741
24.8226
26.2048
24.4651
25.5503
23.4833
24.283
24.5214
24.7581
32.0686
32.2598
31.8317
29.5574
30.0336
30.2648
29.7701
29.4261
29.1748
28.8818
29.7901
29.4603
28.8891
29.2044
28.6089
28.6746
28.7378
28.9039
28.6801
28.617
28.8852
28.7191
28.9788
29.0768
28.8735
29.034
28.8976
28.8776
23.4341
23.276
23.0002
24.1025
23.3242
23.1397
23.1162
23.2205
23.2114
23.1062
29.9029
30.1741
30.178
29.7387
30.1091
29.9623
29.5165
29.2586
29.0306
30.038
29.7376
29.0998
29.4741
28.6637
28.817
28.7537
28.922
28.8848
28.8603
28.9539
28.9123
28.8995
28.9973
28.8907
29.0068
28.9507
23.5722
22.9124
23.0662
24.3551
23.7814
23.2761
23.6357
23.9022
23.8625
24.2413
24.1742
24.4128
29.7257
30.1232
29.7501
30.2168
32.8629
33.9725
31.641
30.7645
33.9823
32.9251
30.8399
31.8061
29.8173
30.274
29.5519
29.325
30.3504
30.0512
29.3992
29.7774
28.9355
29.1054
28.9734
29.075
29.1779
29.1547
29.1198
29.1609
28.9776
29.0724
29.1012
29.0688
27.2347
24.525
23.7843
25.3393
24.767
24.5447
24.3113
24.7224
24.9465
25.038
25.6521
25.2551
28.3423
29.7709
30.2561
29.843
30.376
32.9431
34.005
31.8543
31.0441
34.0109
32.9908
31.1031
31.9787
30.1228
30.5593
29.8465
29.6033
30.62
30.31
29.6642
30.0311
29.2207
29.3787
29.2185
29.25
29.4385
29.3946
29.2905
29.3709
29.1005
29.1936
29.2247
29.1901
29.0989
25.387
25.4436
33.0048
34.0249
32.0139
31.2549
30.3641
30.777
30.0846
29.8248
27.9107
27.433
30.6466
30.4273
31.0111
27.8982
29.1418
28.7699
31.1126
27.6408
28.4233
28.9415
29.8534
28.0013
28.6471
29.3041
30.431
31.0161
31.2116
30.7681
31.4625
46.1067
56.1753
55.8898
59.6014
56.3634
51.0193
50.9919
60.7964
60.5848
60.9176
59.3371
60.88
57.553
56.8847
57.1347
56.763
56.6233
55.8865
56.4951
44.0571
56.3668
78.1166
63.4711
60.0661
61.7244
53.7578
57.9948
58.9779
59.1306
60.3158
58.5105
59.9425
60.169
59.015
56.5203
56.0998
56.3145
55.7881
56.5597
51.8636
64.997
32.782
31.8505
25.3623
26.2133
24.714
27.8878
29.6823
26.9667
25.437
26.3683
28.4496
30.8197
33.6736
33.2546
47.0511
36.5953
50.9667
30.7191
31.52
35.3061
35.0753
34.7495
35.0637
35.6262
33.9215
33.3808
33.6593
33.0057
46.3581
63.8356
22.1266
45.3482
42.8062
49.4346
29.7836
30.6414
65.1811
32.406
33.0871
58.0624
59.0101
32.8052
69.5991
36.707
51.081
34.0352
35.8562
37.252
53.7705
56.4058
57.7057
66.705
57.1384
64.7358
63.9275
57.7942
60.4739
56.8355
57.9604
46.43
31.4041
61.8977
60.2034
59.4433
31.4733
30.5244
49.2069
51.9926
46.8689
56.2198
32.8699
65.3218
49.8678
74.8257
63.1828
64.826
63.4476
47.4403
56.2514
66.4402
79.4645
66.5751
78.7127
54.8352
65.8078
78.6364
65.8184
78.7254
65.1023
78.055
65.1099
77.8823
54.3412
63.9372
76.0591
63.6262
76.6319
64.563
77.4714
64.5944
77.4783
53.1475
63.0756
75.0592
63.0957
74.9247
62.625
75.3128
62.7811
74.707
53.0357
61.2573
72.685
62.1373
69.4986
50.6088
51.3173
58.7814
53.7045
53.2344
58.4583
58.4334
52.5013
58.4298
50.4073
58.2369
51.205
68.9403
58.5127
59.2834
32.434
49.7526
59.9454
33.7332
37.8431
77.5076
59.6719
83.4603
52.8613
49.2089
62.398
62.1248
34.3292
48.6106
54.9738
46.1382
47.4019
58.2939
45.7119
58.8931
43.6132
41.8467
58.4925
46.574
55.8968
49.7037
54.6828
50.1116
41.664
51.5978
64.0542
61.8933
62.8369
61.3148
62.0909
61.218
59.6825
64.7657
58.1066
58.4042
37.7514
39.2671
39.1764
38.8762
39.9629
42.7441
44.4968
45.5118
45.8045
45.6663
55.956
55.9099
44.72
38.7755
52.4936
55.8994
41.5497
57.4248
57.183
59.1132
57.3103
56.905
39.5867
32.8252
32.5968
32.6235
32.6683
30.8296
28.6862
28.9225
30.3062
28.5152
28.553
31.4281
28.0582
26.0276
25.8955
32.4574
30.3342
24.1619
31.7544
29.5198
30.1669
29.4493
32.1554
29.8823
29.9216
28.5444
28.3816
28.4762
28.2701
28.4266
25.8265
28.0135
26.0313
24.6982
28.1154
23.6669
23.5886
29.4398
29.634
29.4667
30.2907
29.564
29.888
29.8514
29.8973
28.3743
28.4248
28.937
28.4371
28.3778
28.5111
28.201
26.8003
25.2
23.8742
28.1146
25.0155
29.5156
30.3289
29.8155
29.6928
30.4391
29.8673
29.9481
30.1966
30.1238
28.4558
28.9545
28.5627
29.0128
28.5438
28.5724
28.6472
28.4061
27.3404
26.166
28.1976
25.4023
28.404
26.1955
29.7525
30.4748
29.9491
29.9141
30.578
30.2414
30.1829
28.5993
29.0339
28.7061
28.6808
27.4315
26.4084
28.7
28.4263
28.4523
29.3326
30.0342
29.6302
28.7217
29.5284
31.7786
29.5943
28.4856
30.7545
30.0981
30.6734
31.2911
31.135
31.7038
34.2113
26.8918
38.5219
25.4073
36.7622
35.7137
35.1594
26.5879
33.1564
20.0148
42.1913
43.9
42.6197
43.1027
42.4683
43.0764
41.9979
34.4366
41.5991
42.3583
43.244
41.8935
41.1129
40.7376
39.9445
39.8939
38.7431
39.2692
40.6827
40.3187
33.358
39.8149
38.9068
32.9458
38.9662
34.4042
32.5068
21.2388
33.8885
36.2604
36.9727
37.3182
36.3377
32.5808
36.1465
36.8249
34.6798
34.5708
33.6648
33.3961
33.6329
34.6814
35.3396
35.8592
35.9877
32.9685
30.8919
34.0202
31.7915
31.387
31.235
31.2752
32.7819
31.4525
32.8117
31.5167
32.0604
28.4551
27.928
30.2847
29.9627
24.598
25.006
29.5474
24.0633
24.8175
29.7293
27.9502
24.8258
25.6934
29.8882
28.2719
25.8038
26.5456
28.1578
28.5966
30.6589
30.1661
29.9036
29.6946
29.4407
29.3569
29.4879
28.8865
29.019
29.7023
29.5076
29.4945
29.2546
29.0722
28.9425
30.1895
29.1664
29.0226
28.7575
28.3674
28.5919
28.7246
28.3942
28.5699
30.4823
28.7288
28.2299
27.8697
28.0773
26.5653
27.688
27.9811
30.9264
26.7456
25.0761
24.0819
23.7284
24.5203
30.2374
26.3841
26.6425
23.8789
25.0393
28.9271
30.7647
30.9156
30.5918
30.2567
29.726
30.2619
30.4525
30.2382
29.7212
31.7457
30.4316
29.5908
29.2813
29.3725
30.6896
29.9915
30.1334
29.4061
29.1536
29.4211
29.1671
28.5811
28.7032
28.5873
28.7003
28.9312
28.8626
28.4589
28.9069
28.8669
28.4079
28.3208
28.4401
28.2936
28.2806
28.1918
28.1851
28.4263
28.3078
28.2923
27.5342
25.8014
27.443
27.9864
27.7828
27.761
25.884
27.3843
27.3961
23.6728
24.7902
24.0329
23.3232
22.8367
22.8597
23.1652
22.9809
23.1266
23.3494
23.439
27.9403
23.4335
27.862
23.2889
29.8215
30.1284
30.2121
29.4182
29.5872
29.7695
30.1092
30.2514
29.4314
29.9236
29.4981
29.5823
29.4798
30.0131
29.8387
29.9677
29.8589
29.5841
29.3243
29.659
29.3973
28.7225
28.7998
28.7891
28.8537
28.9101
28.9052
28.3813
28.9277
28.9206
28.3992
28.3351
28.456
28.3711
28.3363
28.3572
28.3034
28.4813
28.4582
28.4129
27.4004
26.411
27.4373
28.1484
27.9624
27.91
26.6133
27.5487
27.4887
23.4127
24.9869
24.5769
24.0191
23.5188
24.5968
24.0297
23.5735
24.2212
24.6399
28.0312
24.9314
29.7249
30.1479
30.3663
29.5722
29.7742
29.7344
30.1799
30.4029
29.6321
30.0596
29.7906
29.9488
29.8689
30.1516
30.1054
30.0042
30.0639
32.8852
31.6994
32.9059
31.7545
29.8967
29.6296
29.9756
29.705
29.0115
29.0374
29.0851
29.1006
29.007
28.9731
28.4899
29.0376
28.9925
28.526
28.5055
28.578
28.5538
28.5227
28.5865
28.5298
28.6128
28.6484
28.6012
27.6132
27.111
27.6784
28.3578
28.1723
28.1224
27.8023
27.7419
24.2726
24.0548
25.94
25.5809
24.9936
25.4532
25.7084
25.2505
25.6971
25.9378
26.2977
25.9901
29.7936
30.2965
30.5099
29.8096
29.9201
29.8184
30.3367
30.5444
29.8634
30.2845
30.239
32.96
31.899
32.9759
31.9404
30.1896
29.9121
30.2521
29.9738
29.2824
29.2724
29.3406
29.3234
29.1314
29.0553
28.636
29.1615
29.0771
28.671
28.6921
28.7137
28.7346
27.859
27.5104
27.9114
25.2014
24.7521
24.9337
26.4428
33.018
32.0465
30.4143
30.1343
28.7458
28.1188
27.6597
27.1879
28.8916
29.4289
29.3431
29.4425
29.9859
29.5789
29.5812
29.8198
29.3956
29.5066
28.7588
28.8291
28.8149
29.6513
29.2563
29.1651
29.9743
29.3479
29.0842
27.7054
27.2326
27.4274
31.8578
29.3261
31.591
28.2988
30.8615
28.8482
28.4996
29.6227
30.8921
28.809
29.8434
30.4358
31.0301
31.2269
30.6884
30.7218
30.4641
31.0993
31.3091
30.765
55.6036
53.366
68.2823
60.824
65.1486
57.5424
61.4637
56.6872
55.9866
56.2486
58.2388
59.1051
44.2619
71.692
58.0487
59.9629
58.1354
58.2708
60.0645
57.649
56.1498
55.9016
55.9621
)
;
    }
    procBoundary1to0
    {
        type            processor;
        value           nonuniform List<scalar> 
310
(
0.657253
0.348518
0.285528
0.294625
0.310603
0.321463
0.339412
0.386548
0.386548
0.366136
0.401694
0.657265
0.348386
0.285296
0.294403
0.310424
0.32097
0.338591
0.385853
0.385853
0.365715
0.40094
0.657267
0.34832
0.285282
0.294435
0.310474
0.321007
0.338627
0.385934
0.385934
0.365703
0.400865
0.657269
0.348258
0.285261
0.294452
0.310505
0.321025
0.338636
0.385927
0.385927
0.365647
0.400746
0.657272
0.348197
0.285224
0.294447
0.310513
0.321039
0.338622
0.385869
0.385869
0.365552
0.400579
0.657276
0.348133
0.285172
0.294422
0.521132
0.528385
0.528385
0.425452
0.389936
3.67794
0.843813
0.843813
0.868104
0.650259
0.524094
0.541775
0.535095
0.535095
0.424101
0.661211
0.426327
0.648026
0.419419
0.418968
0.429142
0.424101
0.426327
0.426327
0.390937
0.65342
0.367567
0.337767
0.352743
0.360444
0.365057
0.390937
0.390937
0.384615
0.384615
0.363915
2.01474
2.49351
2.28791
2.29204
0.868889
0.872923
0.861385
0.832693
0.657187
0.34882
0.287674
0.297183
0.313015
0.323418
0.341479
0.391125
0.391125
0.370554
0.407143
3.71376
4.37477
4.25549
4.00669
3.9545
3.91403
3.94224
2.56503
1.02445
1.15448
2.33856
1.23573
1.19313
2.25898
1.15489
1.12135
3.41815
1.13343
1.19589
3.67139
1.24758
1.41683
4.93625
1.27822
1.27822
2.2412
2.72177
0.937261
3.41815
1.19589
1.23901
1.23901
2.44729
1.75928
1.78589
2.26135
1.62516
1.62136
2.41231
1.60788
1.70055
4.56255
4.57753
4.13998
4.07217
3.91073
3.9044
4.08692
5.2843
2.57197
1.84193
1.67523
2.38063
1.68473
1.69269
2.24673
1.60397
1.58401
2.88424
1.99368
1.83235
0.937261
0.722249
2.09054
2.09054
3.66141
3.58391
2.09437
3.66258
3.66258
2.03318
3.69779
2.11317
2.16861
3.67114
2.11502
2.08536
3.69779
2.16861
2.2412
3.83529
2.72177
1.99368
3.35487
1.97182
0.851425
0.674451
0.937261
0.669911
0.722249
0.804569
0.852924
0.641742
0.884717
0.645827
0.71712
0.846415
0.685212
0.705532
0.844306
0.844306
0.670308
0.683274
0.683274
0.661211
0.661211
2.40233
1.33694
1.57602
7.73288
14.9705
29.1727
9.03046
19.7431
34.126
8.89926
17.0007
32.0764
8.68775
16.6201
31.6803
8.3095
15.9645
30.7454
8.25104
15.8027
30.5292
8.19836
15.7252
30.5187
8.17732
15.6933
30.437
9.66116
18.8492
33.3133
9.26453
17.6679
32.639
8.50392
16.3357
31.3248
8.39544
16.1483
31.0511
8.19902
15.7268
30.473
8.19295
15.732
30.5154
8.13314
15.6382
30.3234
8.18906
15.3941
30.2541
7.81736
15.0837
29.4805
7.87992
15.1097
29.485
7.82407
7.82407
15.0934
15.0934
29.498
29.498
7.68696
14.8837
29.0028
8.18627
15.4213
29.9556
7.75292
15.0216
29.3281
7.661
14.465
28.6914
8.18627
15.4213
29.9556
7.78475
15.0626
29.4244
7.68696
14.8837
29.0028
7.64177
14.7704
28.7397
7.97245
15.1565
29.4822
)
;
    }
    procBoundary1to2
    {
        type            processor;
        value           nonuniform List<scalar> 
487
(
0.524065
0.535013
0.65647
0.425777
0.427908
0.480579
0.361346
0.365514
0.391762
0.487703
1.00098
0.464603
0.536401
0.856901
0.88669
1.12498
0.652301
0.527049
0.543727
0.524065
0.536965
0.524065
0.524065
0.535013
0.535013
0.65647
0.65647
1.21523
1.21523
0.648166
0.421813
0.420802
0.425777
0.430427
0.677698
1.65155
0.653292
0.369039
0.339157
0.361346
0.35363
0.723995
2.31556
2.31556
2.30473
0.87486
0.87486
0.886816
0.886816
0.872005
0.845267
0.626916
0.473003
1.06796
1.13301
0.833422
0.777947
1.03522
1.13301
0.656603
0.541672
0.656603
4.63814
0.878632
1.44225
2.37924
4.39284
4.01135
1.00947
1.52605
1.32426
1.52605
4.03182
3.9456
3.93483
2.28174
1.16188
1.13269
3.65146
3.3921
1.14836
1.24869
1.20528
1.24869
1.25878
1.29881
1.47178
1.78811
4.3977
3.53247
4.03182
1.03482
1.16433
0.822391
1.24018
1.19806
1.16188
0.898066
1.72836
0.833422
1.40953
0.997401
2.77437
4.39435
4.69495
2.50564
2.12056
3.6494
3.76028
2.05497
2.21048
3.77325
3.80891
2.14325
3.86456
3.31699
1.49909
0.816833
1.095
4.00819
2.59672
4.56693
1.87949
4.82358
1.79111
2.52249
2.47557
1.76243
2.28252
1.63511
1.63511
2.31389
1.62997
1.63306
2.41772
1.62243
1.71453
1.40814
0.777947
1.03522
4.06321
2.58688
4.38353
1.8159
4.71843
2.3158
2.87118
1.67582
3.78215
3.86263
6.01926
4.39435
3.25089
2.50135
2.36175
2.50564
2.02169
3.26399
6.00344
3.91075
3.97516
3.95312
4.06087
5.22529
2.26605
1.61851
1.59312
3.6494
2.8757
2.04995
1.98583
2.05497
1.83854
2.11386
3.76476
3.7727
2.14372
2.30781
5.16659
3.98053
2.7885
5.30592
2.36282
1.49711
2.01635
1.73737
2.87606
2.66915
4.5821
1.95206
4.50797
4.3977
3.53247
2.3158
3.72519
4.60136
4.47277
4.64894
4.35558
4.24509
4.11358
4.03605
4.17807
1.68508
2.59001
2.59178
1.8434
1.69924
2.36914
2.41344
1.69203
2.28359
1.42488
1.95251
1.65637
2.78712
2.63416
4.33131
1.85336
3.76129
3.76129
3.28645
3.28645
4.95167
4.95167
7.44098
4.35215
7.71706
4.50474
3.60773
8.00211
7.71624
8.22371
8.28048
1.62187
4.54244
2.31276
2.83796
8.72779
2.33994
3.72357
3.81638
8.76979
8.74234
9.429
0.986878
0.553054
0.753459
1.00098
0.893718
0.566978
0.679555
1.09022
1.00098
1.09022
0.733138
0.797712
0.822391
0.848606
0.654827
0.898066
0.656925
0.723116
0.85693
0.691257
0.710535
0.856901
0.855294
0.676467
0.66853
0.689029
0.864872
0.66853
0.682472
0.969382
0.680451
0.7405
2.31114
1.25591
1.65754
1.58563
1.99941
2.4119
1.34171
0.967322
0.541672
0.744249
1.63806
1.62164
2.28278
1.23267
2.01548
1.63576
2.27848
1.49942
8.33751
15.9778
29.5463
8.1275
15.6476
29.3652
8.05619
15.5851
29.2853
8.33751
15.9778
29.5463
7.71706
14.1957
27.4227
8.72779
16.2343
29.5757
9.41155
17.9554
30.0665
9.31801
17.8933
30.1415
8.0061
15.3942
28.713
7.98512
15.3786
28.7399
7.88534
15.225
28.5339
7.85914
15.1598
28.3059
7.93268
15.5445
26.1846
8.23667
8.53454
15.9678
16.6626
25.7037
26.7197
8.12463
15.5266
26.0876
8.78778
17.0035
29.8682
9.49555
18.1379
30.4136
8.25245
15.8451
29.4455
8.19125
15.7583
29.416
7.98802
15.5147
29.2176
8.01336
15.1978
29.1207
7.9088
14.9771
27.5799
7.99769
15.0205
25.5517
8.02581
15.0586
25.5633
9.66094
18.0155
30.6105
9.03381
19.7749
34.0286
8.99509
17.1447
31.2981
8.79187
16.7794
30.822
8.42209
8.33626
16.104
15.9517
29.8716
29.5947
7.5635
14.4614
28.1042
7.56814
13.9675
27.6429
8.00211
14.7192
27.4088
7.71624
14.5137
27.8946
8.22371
15.3231
28.8075
8.76979
16.8102
30.6386
8.74234
16.8528
30.422
9.429
17.9961
31.0071
8.89575
16.9824
29.9763
8.89082
16.6799
28.4617
9.40805
9.49971
17.932
17.8993
30.1248
29.9612
8.00719
8.01308
15.3746
15.2931
28.7568
28.7383
8.89082
16.6799
28.4617
8.47679
16.5642
26.5474
7.61015
14.4836
28.4152
8.28048
15.4869
28.458
7.8643
15.4757
26.7002
9.41155
17.9554
30.0665
9.29355
17.6366
30.3268
9.26707
17.8026
30.2932
8.0061
15.3942
28.713
7.8977
15.2534
28.745
7.9463
15.3217
28.7731
7.83936
15.0482
27.9599
7.86659
14.78
25.092
8.53454
16.6626
26.7197
9.69537
18.8887
33.0303
9.33494
17.7707
32.0764
8.62103
16.4969
30.4613
8.51023
16.3007
30.1806
7.44098
13.6268
27.17
)
;
    }
    procBoundary1to3
    {
        type            processor;
        value           nonuniform List<scalar> 
100
(
0.483991
0.483991
0.483991
0.461922
4.28015
0.71489
0.980997
0.532258
0.532258
4.3546
0.984252
1.19067
1.5088
1.73673
1.61804
3.92793
1.30898
0.71489
1.30898
1.50255
4.3546
1.5088
4.63603
2.48705
2.74526
4.59093
5.25162
5.99734
3.90042
3.24587
2.56577
1.86763
2.86508
2.46133
4.28135
2.46037
5.88967
5.89044
5.88967
1.99229
3.19098
3.19098
2.3295
3.1919
1.99101
1.99101
2.48705
4.29403
2.46545
0.88172
0.561197
0.672823
0.722911
0.984252
0.724801
1.07814
0.724801
0.791474
2.26227
1.48662
2.00102
9.28729
17.795
30.9404
9.49686
18.0477
31.3216
9.36852
17.9815
31.2246
9.29302
17.8025
30.9492
9.5914
17.9692
31.2078
9.5914
17.9692
31.2078
10.1672
19.2858
33.262
9.46244
17.9967
31.5109
9.41799
17.8038
30.6698
9.49686
18.0477
31.3216
11.8636
21.6303
36.947
9.42448
17.8118
31.4445
9.32933
17.8496
31.0123
)
;
    }
    procBoundary1to4
    {
        type            processor;
        value           nonuniform List<scalar> 
183
(
1.32426
0.561661
1.2018
0.559234
1.18868
0.558701
1.17694
0.558063
1.1668
0.557311
0.570416
2.16721
2.93525
1.86338
2.19302
2.97704
5.14445
5.14445
5.14445
1.32238
1.24423
1.1734
0.850544
1.21463
0.82975
6.52611
5.42792
2.74796
2.93525
2.74796
2.01861
2.74796
4.8607
5.33091
5.31983
5.14941
5.54917
5.54917
5.54917
6.52611
4.63965
4.54919
5.42792
1.83702
1.80311
1.79324
1.76716
1.7587
1.73846
1.73202
0.832811
1.28653
0.86643
4.97416
5.2862
1.91511
2.8649
2.98771
4.8002
4.68992
0.826379
1.19506
0.825996
4.5001
4.46408
0.82546
1.18265
0.824703
4.39944
4.38805
0.823602
1.17166
0.82241
4.36965
4.36641
0.821041
0.819697
4.54686
4.60769
2.79278
1.82391
2.7434
1.81248
2.67206
2.70485
4.41509
4.43625
2.64291
1.78435
2.61759
1.77517
2.5754
2.59501
4.37393
4.37986
2.55817
1.75166
2.54337
1.7443
2.51978
2.53054
2.51029
1.72719
2.50241
2.98064
5.33091
5.31983
2.97704
2.98064
2.98064
2.16967
18.7693
38.3737
63.1256
15.8799
28.1751
46.9129
16.749
34.1863
58.008
9.75291
19.7138
32.5331
9.41756
18.4394
30.2663
9.37091
18.2998
30.3551
9.36557
18.2144
30.6025
10.1177
21.0719
35.8502
13.6598
30.1845
56.86
18.7693
38.3737
63.1256
18.3094
38.0554
61.9498
16.749
34.1863
58.008
9.45482
18.5447
30.3385
9.37464
18.3218
30.3053
9.36716
18.2353
30.5417
11.1102
23.9681
42.8778
9.59651
19.0714
31.0927
9.39418
18.3819
30.2506
9.36938
18.2785
30.4153
9.36331
18.1944
30.6599
9.51049
18.7342
30.5361
9.38096
18.3469
30.2678
9.36826
18.2567
30.4794
17.6542
36.9552
60.1002
)
;
    }
}


// ************************************************************************* //
