/*--------------------------------*- C++ -*----------------------------------*\
  =========                 |
  \\      /  F ield         | OpenFOAM: The Open Source CFD Toolbox
   \\    /   O peration     | Website:  https://openfoam.org
    \\  /    A nd           | Version:  10
     \\/     M anipulation  |
\*---------------------------------------------------------------------------*/
FoamFile
{
    format      ascii;
    class       volScalarField;
    location    "2000";
    object      p;
}
// * * * * * * * * * * * * * * * * * * * * * * * * * * * * * * * * * * * * * //

dimensions      [0 2 -2 0 0 0 0];

internalField   nonuniform List<scalar> 
8792
(
0.193588
0.730719
0.806565
0.391573
0.320914
1.05185
0.270803
0.467096
0.503744
0.42831
0.351366
0.504481
-0.126404
-0.456696
0.29531
0.442645
0.494954
0.472683
0.48058
0.531141
0.573382
-0.024883
0.242106
0.367978
0.431
0.431676
0.436756
0.451093
0.481588
0.163558
0.174994
0.635323
0.196497
0.285779
0.344475
0.36381
0.374406
0.372896
0.400565
0.478503
0.36905
0.356407
0.382956
0.379913
0.166273
0.158705
0.134773
0.169614
0.132132
0.204626
0.132428
0.095611
0.082912
0.117288
0.138868
0.135768
0.036522
0.0193248
0.109049
0.0836586
0.0720485
0.0811383
0.0964073
0.115115
0.110674
-0.0330621
0.114818
0.101643
0.0918903
0.0948833
0.10655
0.135413
0.149506
0.191049
0.173459
0.049316
0.118056
0.11533
0.109767
0.109572
0.118386
0.142286
0.146408
0.109377
0.0933376
0.00371832
0.0194626
-0.0275249
0.0833727
0.0531184
0.0415676
0.0500871
0.0302527
0.00757566
0.0664886
0.0489524
0.0413677
0.0447591
0.0360518
0.0297192
-0.0144077
-0.0767606
0.0401417
0.0154437
0.00458207
0.00535493
-0.00145792
-0.016982
-0.00608306
-0.0202008
0.0397473
0.0171752
0.00277838
0.000641206
-0.00528076
-0.0184854
-0.0127344
-0.0344662
-0.00526319
-0.0708557
0.0445862
0.0260736
0.0118002
0.00682622
0.00119839
-0.0101544
-0.0189156
-0.0386368
-0.0280129
-0.050773
-0.0610998
-0.0824967
0.0610693
0.027697
0.0167848
0.0171708
-0.002232
-0.0211111
0.0501351
0.0325405
0.0254891
0.0244869
0.0145158
-0.00260887
-0.0315823
-0.053772
0.0472634
0.0367247
0.0333866
0.030014
0.0200615
0.000140563
-0.0117268
-0.0271062
0.0470568
0.0393322
0.0347642
0.0307571
0.0212541
0.00188038
-0.00718165
-0.0244038
-0.0330155
-0.0914123
0.0470918
0.0401641
0.0345063
0.0302514
0.0217799
0.00572383
-0.00674428
-0.024282
-0.0390242
-0.0663513
-0.0420972
-0.0570569
0.0619645
0.0337232
0.0245262
0.0207746
0.00289681
-0.00308153
0.0530638
0.0390958
0.032989
0.028608
0.021161
0.0142047
0.00734266
0.013309
0.0543156
0.046189
0.0427088
0.0385895
0.0333351
0.0260499
0.0225951
0.0246314
0.0560695
0.0518239
0.0482796
0.0439071
0.0382891
0.0289036
0.0246648
0.00847857
-0.00811515
-0.0756914
0.0563013
0.053467
0.0504242
0.0467935
0.041232
0.0318346
0.0227407
0.00303481
-0.0218247
-0.053765
-0.0271563
-0.0420973
0.067282
0.0418632
0.033328
0.0280892
0.0141988
0.0163047
0.0567854
0.044293
0.0380222
0.0330757
0.0282495
0.0279551
0.0376296
0.0550798
0.0543848
0.0456821
0.041299
0.0372527
0.0547948
0.0497477
0.0447091
0.0402973
0.0552321
0.0514836
0.0471297
0.0432264
0.0722857
0.0478437
0.0865305
0.0801414
0.0619943
0.0704263
0.0488131
0.0744478
0.142121
0.122155
0.144483
0.0418957
0.119527
0.0581953
0.0573079
0.110604
0.049419
0.0746721
0.0593207
0.103375
0.040774
-0.0852991
-0.123904
-0.0628183
0.03087
0.0525362
-0.0232522
-0.125225
-0.152709
-0.16936
-0.938332
-0.579342
-0.125856
-0.283697
-0.331498
-0.300799
-0.283098
-0.27521
-0.245714
-1.15926
-0.0941265
-0.229794
-0.287634
-0.280329
-0.270598
-0.253798
-0.263103
-0.744408
-0.252368
-0.0857621
-0.0625366
-0.162001
-0.218307
-0.231984
-0.236432
-0.22065
-0.229082
-0.305585
-0.196942
-0.155574
-0.30867
-0.345
0.313764
0.137368
0.28425
0.367593
0.49298
1.02916
-0.439605
0.194567
1.05721
1.20799
0.763584
0.975287
0.156326
1.14693
2.00982
0.509765
0.0665305
0.485708
1.48449
0.611925
1.17318
1.05838
0.00915205
0.368604
0.380211
0.035819
0.236598
0.14961
0.264796
0.120716
0.21824
1.07246
0.171699
0.202919
1.00968
1.0457
0.241212
0.266453
1.14158
0.338364
0.138949
0.214105
0.307248
0.310201
0.182338
0.311989
0.412994
0.0815319
0.32354
0.221341
0.239179
0.448477
0.413641
0.763761
1.42727
0.553956
0.902057
0.823102
0.837842
0.662857
0.925069
-0.328126
-0.809043
1.77774
0.269624
0.111451
0.281293
1.46775
1.67937
1.08175
1.37493
-1.03499
-0.267755
0.323115
-0.990997
0.111859
0.38686
0.491369
0.98072
0.390046
0.409402
0.136513
0.435316
0.103474
0.465685
0.333443
0.400114
1.08648
0.12618
0.645726
0.226926
0.548649
0.414553
0.0815664
-0.183933
-0.621182
-0.544087
-0.123838
0.864529
-0.446952
-0.529526
1.5671
3.69928
-0.387134
2.79351
-1.3861
3.30555
1.43226
-0.0245255
-0.930244
-0.766558
1.22296
0.922365
0.748812
0.478851
-0.252232
0.647741
0.160339
-0.160498
-0.138319
-0.174275
-0.310377
-0.0324578
0.7091
1.27241
0.113134
1.50887
0.836747
0.974435
0.624935
0.0955479
1.66123
-0.358153
1.11404
0.676052
-0.32972
-0.395068
-0.390481
1.23672
1.18279
1.26108
1.98618
0.0444063
1.02795
1.32318
0.460244
-0.322673
0.572453
-0.0758669
0.634415
0.0936644
0.0957892
0.384025
0.355535
0.667971
0.822112
0.181266
0.294418
1.08797
1.39622
1.91552
0.520324
0.726561
0.34507
0.532
0.184486
0.19593
0.375936
0.441291
0.718541
0.586366
0.586464
0.234343
0.239553
0.499102
0.49578
0.296625
0.61866
0.578216
0.16534
0.19782
0.481406
0.435001
0.311363
0.21195
0.140035
0.163836
0.230248
0.349356
0.418638
0.642158
1.51836
0.541374
0.402546
0.496259
0.530406
0.861155
-0.0517226
-3.12969
0.33998
0.25029
0.338709
0.972026
0.826666
0.726682
0.662581
0.412742
0.315856
0.294049
0.335912
0.361218
0.359442
0.34605
0.0689237
0.150655
-0.449239
-2.04188
0.137717
0.0899695
-1.90877
-1.57494
0.0732934
-0.0481686
-1.84514
0.303708
-0.0775686
0.414375
0.260094
0.261348
-0.0513033
-0.182813
-0.140747
0.326314
-0.35707
-0.143233
-0.159907
-1.0785
-0.749997
-0.946185
0.998839
2.99924
0.577186
0.867545
-0.13447
-0.208124
-0.126817
0.381157
0.202389
-0.203728
-0.101429
0.79527
0.443723
-1.21352
0.789506
0.252074
-1.05972
0.237964
-0.155269
-0.524311
0.0341975
0.237774
-2.22325
0.917503
0.737013
-0.429185
-1.73853
-1.41724
0.874257
-0.737697
0.0683625
0.0895164
0.462534
0.230679
-0.219651
-0.439672
0.727673
-0.408704
0.316806
0.565344
0.493769
-0.192896
-0.0684158
-0.379533
0.43713
0.378227
0.775874
0.0621291
0.366995
0.12197
0.44353
0.239071
0.506306
-0.582779
-0.517425
-0.126199
0.547492
0.991211
0.35473
0.657494
0.728731
0.515374
0.378296
0.823685
1.264
0.358713
1.12518
1.1883
0.901921
0.994904
0.949157
0.835543
0.797532
0.837291
0.905861
1.41115
0.926922
0.761878
0.977693
0.881604
0.309729
1.15067
1.11953
0.223444
1.0311
0.408489
0.39736
1.07114
0.877494
0.805376
0.609361
0.976669
0.297408
0.646993
1.55391
0.441417
0.87215
0.486148
0.59875
0.897158
-4.073
-0.328638
-1.69346
-0.650667
-2.89389
-2.503
-0.425088
-2.25521
0.215643
2.18138
0.390853
-0.900147
-1.27017
0.912228
-0.622538
0.46129
0.648835
-1.42732
-1.31056
0.419942
-0.462283
-1.73299
0.616725
-0.128437
-1.54415
-0.452149
0.265205
0.566282
0.366907
0.895514
0.154084
0.0674855
0.344652
0.129704
0.680607
0.898194
0.52926
0.682385
0.162033
0.0171916
0.962332
-0.270784
0.81334
-0.295529
0.00603675
0.406
-0.206558
-0.267671
0.0285733
-0.156144
-0.00418416
-0.137248
-0.0909461
0.701967
1.61291
0.868815
-0.0683101
-0.633841
-0.164301
-0.231352
0.890289
2.38826
0.523202
2.31133
3.25877
-0.0892846
2.90981
2.63334
3.42427
0.140241
0.467786
0.341137
0.293491
0.191735
2.51142
2.86104
1.17556
0.721862
1.84312
0.636592
2.91286
3.19355
3.04285
-1.18935
-0.43017
2.32851
0.797286
1.24699
0.137414
0.407033
0.0585291
0.154391
0.767563
-0.548962
0.688671
0.371671
-0.534848
-0.66942
-0.63322
0.474595
-1.31616
0.217216
-0.131294
0.102657
-0.606834
-0.551243
-0.448835
-0.474657
0.341656
-1.66206
-1.97987
0.789544
0.633682
0.984029
0.690794
1.01722
1.18196
0.353168
0.848648
1.2467
0.412779
0.543426
0.983405
-0.140868
1.05766
0.0776528
-0.749478
1.01444
0.968916
-1.86672
-1.97974
-2.47587
-1.3505
1.00466
-0.661861
1.46354
-0.164953
0.0194205
0.374356
1.06227
-0.152568
0.347034
0.730838
0.90269
1.29399
0.617418
0.0692667
0.384932
-0.369651
-0.0315252
-0.0277076
0.945136
0.38487
0.864949
0.686016
1.06462
1.03826
0.897357
0.399283
0.910415
0.38429
0.726654
1.25361
0.990051
0.869243
0.436433
0.992773
0.460379
0.409598
1.1051
1.06159
0.943106
0.302374
0.978714
0.265294
0.704593
0.425896
0.107973
0.915697
0.9966
0.625844
0.211989
0.114801
0.0391633
0.0771467
-0.340965
-1.44299
-0.302178
-0.621082
0.0606241
0.0565785
0.0334237
-1.37726
-1.14946
-0.702486
-0.656189
-0.0524848
-0.0236697
-0.0718236
-1.25877
-0.0266636
-0.614392
-0.491469
-0.10928
-0.138029
-0.0686618
0.143359
0.324324
-0.342347
-0.0258246
0.759548
2.10063
0.889094
0.969999
0.922547
0.795551
1.92379
0.748983
2.01039
0.997382
0.957934
0.922786
0.782927
1.98395
0.609111
1.92564
0.826006
0.928468
0.797178
0.752411
1.67165
1.08279
2.25709
1.22768
1.12918
1.16073
1.03783
2.39395
0.0145827
0.490565
0.156563
0.195922
0.74722
0.283068
0.00909854
-0.0560932
0.272738
-0.50514
-0.496781
0.347384
-0.494385
-0.470508
0.50668
1.15442
1.17787
0.939801
0.360964
0.928951
0.266039
0.624306
0.957969
0.950721
0.842976
0.430179
0.871435
0.368088
0.490486
1.03814
0.909845
0.801348
0.327673
0.895365
0.387891
0.34217
0.0444984
0.906797
0.926465
0.628474
0.778979
0.161582
-1.02772
-0.157426
-0.163085
-1.7865
-0.0211903
0.0280712
-1.82527
-0.0484763
-0.0484333
-1.71567
-0.0473544
-0.02708
-1.24987
-0.205982
-0.170863
-0.576784
-1.11436
-0.566147
0.458211
-1.12413
-1.02552
0.433647
-0.961121
0.294209
0.614498
0.870209
0.668823
0.933769
0.796753
0.569615
1.68146
0.708577
0.919902
0.841291
1.8332
0.887207
0.663286
1.86296
0.557881
0.796494
0.791496
1.71671
0.75192
0.610087
1.66533
0.786697
1.12269
0.747021
1.78439
0.950604
0.566225
2.06427
0.154886
0.588204
0.546386
1.46098
0.365768
0.323322
1.1607
0.26854
-0.047594
-0.0467002
0.351061
-0.0612135
-0.404557
0.357741
-0.315415
-0.395009
0.177956
0.151788
0.0904345
0.0499292
0.375198
0.111329
0.33519
0.146717
0.120701
0.0866482
0.0886235
0.0575883
0.0686048
0.0489559
0.149526
0.140165
0.104027
0.0853854
0.0423605
0.0667366
0.0270746
0.103278
0.0647654
0.0706195
0.0529136
0.0695488
0.0592553
0.0645955
0.0329595
0.0559186
0.0444394
0.0639576
0.0263725
0.0645788
0.0305046
0.0613573
0.0792284
0.0556335
0.0710844
0.0444522
0.0482233
0.162514
0.168051
0.0519499
0.0412149
0.138714
0.179235
0.0367648
0.0461231
0.186013
0.0530679
0.155944
0.0752425
0.0683546
0.0603838
0.0496601
0.0391978
0.0333489
0.164379
0.0598559
0.0831332
0.0464382
0.0511761
0.0301803
0.0413253
0.146211
0.0933409
0.110676
0.0561264
0.0616478
0.0525431
0.0513176
0.205699
0.120142
0.12634
0.051657
0.0423973
0.046596
0.0436283
0.157575
0.0962328
-0.0876001
0.0150874
-0.063404
0.0207412
-0.0877835
0.158564
0.0811469
-0.0410313
-0.106956
0.0741805
-0.113982
-0.219627
-0.129466
-0.245589
0.201674
0.120659
0.0383831
-0.160351
-0.0248553
-0.102415
-0.0707572
0.143431
-0.0123036
0.0207255
0.081433
-0.00496152
0.00126253
-0.0652904
-0.0134015
-0.0608898
-0.0120764
0.0252633
-0.0571796
-0.0545361
-0.0701471
0.041919
0.03066
0.0231498
0.00830254
0.029629
0.0378759
0.0093334
0.0101552
0.0437526
0.0116212
0.0428353
0.0508813
0.0460037
0.0288453
0.0162256
0.0333706
0.0279712
0.0460402
0.0418809
0.0427697
0.0164238
0.0145791
0.0241095
0.0240549
0.0429959
0.0423069
0.0377096
0.0148854
0.016765
0.0222514
0.0179339
0.0296559
0.0322775
0.0255394
0.00613635
-0.00322994
0.0117899
0.00384435
-0.0488894
0.0210402
-0.0152031
-0.0216375
-0.0553544
-0.00537181
-0.0251873
-0.00198767
-0.0546321
-0.0302148
-0.0578117
-0.0781184
-0.0658978
-0.0475458
-0.0659892
-0.0450039
-0.0356096
-0.0319839
-0.0188613
-0.0148659
-0.0437816
-0.0200179
-0.0296658
-0.0208007
-0.0496556
-0.0805786
-0.0303524
-0.0689731
-0.0360781
-0.102276
-0.0489671
-0.0875054
-0.0587653
-0.0692691
-0.0877416
-0.0743856
-0.0961415
0.0224305
0.0088643
0.0265491
0.0133167
0.0102452
0.0114565
0.0153219
0.0129897
0.0118599
0.0118838
0.0317476
0.0495526
0.0384215
0.0619312
0.0354972
0.0501562
0.0403055
0.0163225
0.0277271
0.0228442
0.0308854
0.0191348
0.0312122
0.0266239
0.0168897
0.0197124
0.0196734
0.0200598
0.0156498
0.0240865
0.0235015
0.00909192
0.0174826
0.0120356
0.0138852
0.0158435
0.0202367
0.0152745
-0.00589099
0.00556468
-0.00100318
0.00708424
0.00220282
0.00968755
0.00519096
-0.0485563
-0.0122943
-0.0273044
-0.00969746
-0.0202192
-0.00344172
-0.0107254
-0.0282398
-0.0502316
-0.0105662
-0.00921002
-0.0561765
-0.0101064
-0.047977
-0.00852943
-0.0137137
-0.045817
-0.0341512
-0.0349678
-8.82845e-05
-0.00657887
-0.0130097
-0.0142683
-0.0449986
-0.0297222
-0.107413
-0.0494073
-0.0882613
-0.0192884
-0.093639
-0.0407379
-0.0811951
-0.0737094
-0.0848437
-0.0767444
-0.0654917
-0.0778868
0.0652333
0.0327517
0.0702411
0.0399224
0.0292013
0.0169698
0.0362539
0.023625
0.0191293
0.0181468
0.0255348
0.0223151
0.016673
0.020093
0.0377974
0.0529922
0.0442836
0.067214
0.0439535
0.0552044
0.046896
0.0235645
0.0360502
0.0321759
0.0394765
0.0286138
0.0394572
0.0351861
0.0230298
0.0296964
0.0284048
0.0294638
0.0242478
0.0327922
0.0314977
0.0122947
0.0243536
0.020053
0.0215652
0.0249039
0.0274238
0.0240134
0.00557385
0.0157827
0.0140972
0.0182208
0.0178156
0.0210185
0.021193
-0.00788237
0.00919508
0.00918318
0.0118794
0.0155919
0.0186945
0.0231912
0.00602713
0.00906998
0.0288108
0.0443042
0.0107108
0.0441965
0.0189553
0.0447229
0.0414075
-0.00302493
0.00567105
0.00594814
0.0450252
0.0270544
0.0280632
0.0224229
-0.0177854
-0.00405488
-0.0933127
-0.0286366
-0.0714711
0.00457332
-0.0762198
-0.020146
-0.0642231
-0.056316
-0.0647494
0.0709476
0.041814
0.0754673
0.0463656
0.038634
0.0269512
0.0428822
0.0312605
0.0287769
0.0268329
0.0329674
0.0300441
0.0244872
0.027791
0.0457251
0.057676
0.0499808
0.0722076
0.050059
0.0595416
0.0520362
0.0327362
0.0428127
0.0388024
0.0456045
0.03594
0.045063
0.0407681
0.0311537
0.0366723
0.0349613
0.0363054
0.0314023
0.0389105
0.0373857
0.0215741
0.0308324
0.0277887
0.0286554
0.0332822
0.0336001
0.0312548
0.0199553
0.0257
0.0269871
0.022076
0.0260704
0.0322343
0.038768
0.052405
0.0528846
0.0531106
0.0761526
0.0478977
0.0448653
0.0342589
0.0515998
0.0621832
0.0551539
0.0398473
0.0488493
0.04479
0.0683481
0.076649
0.0792031
0.0911175
0.0945829
0.0893021
0.107577
0.109098
0.0831787
0.0969245
0.0822835
0.0533207
0.0611317
0.0358929
0.0681029
0.0735415
0.0644906
0.0179212
0.079249
0.0506997
0.0633526
0.0592575
0.0450248
-0.0107502
-0.290099
0.0148286
-0.0388548
0.0667483
0.0753137
-0.221464
-0.442661
0.0811116
-0.484247
0.0321536
-0.454023
-0.00108423
0.0684061
0.0420655
0.0390659
0.102667
-0.17663
0.128695
0.078046
0.0503541
-0.04854
-0.0104995
0.0353591
0.00752983
-0.040894
-0.0133144
0.00898635
-0.0637938
0.0933684
-0.184023
-0.186978
-0.163035
0.101472
0.0907374
-0.153832
0.0122673
-0.246168
-0.236074
-0.215451
0.0364401
0.0114851
-0.209533
-0.0885327
-0.00662345
0.00270028
-0.113199
-0.0892178
-0.0941572
-0.132096
-0.156045
-0.113869
-0.129561
-0.0602454
-0.127704
-0.0215928
-0.186341
-0.268742
-0.105416
-0.0914845
-0.202858
-0.149863
-0.285655
-0.189216
-2.81659
-0.0164046
-0.22761
-2.00007
-2.76301
-0.104455
-0.834445
-2.38782
-0.306583
-3.42712
-1.45946
-0.227468
-0.625064
-0.24258
-0.106006
-0.104894
-0.210816
-0.133867
-0.207421
-0.229692
0.629201
0.474807
0.381344
0.300765
0.580593
0.519224
0.407269
0.673639
1.58451
0.226627
0.514028
0.537993
2.08066
0.401448
2.23307
0.873551
3.16966
0.536814
1.38706
0.786978
2.07677
1.59685
0.93701
1.04702
2.23902
1.87834
0.733459
1.86707
2.19797
1.16241
1.10569
2.15858
1.86
0.882222
2.50208
2.97552
2.49518
1.49873
1.4527
3.44637
2.20934
1.65943
2.51103
0.798759
2.40025
1.02563
1.64089
2.0239
0.818715
0.685965
2.08202
1.49782
0.983453
0.450518
1.10679
0.844428
0.393599
0.262129
0.981739
0.55851
0.114445
0.465358
0.244218
0.548628
0.140258
0.17363
0.293915
0.465722
0.113966
0.192191
-0.0799108
0.0331795
-0.0728711
0.364306
-0.15863
0.429706
0.187113
0.370683
0.472328
0.257578
0.542285
0.487538
0.293387
0.604005
0.289099
0.207262
0.356072
0.394266
0.245443
0.479376
0.3196
0.16151
0.289927
0.213989
0.438484
0.548371
0.698599
0.223322
0.268092
0.615192
0.577945
0.271924
0.457149
0.260202
0.485559
0.472364
0.201184
0.438584
0.235074
0.5517
0.0752679
0.133658
0.539131
0.438734
0.485372
0.153941
-0.444181
-0.158581
-0.148092
-2.21286
-0.319968
-0.573664
-1.76195
-3.28153
-0.289615
-2.01958
-0.253456
-0.596079
-0.903159
-0.483988
-1.35402
-1.40116
-2.57107
-0.326312
-0.637712
-2.28162
-0.513263
-3.0726
-1.60348
-3.24637
-3.82962
-0.207267
0.00181565
-3.00538
-1.22948
-0.366338
-0.216381
-1.51737
-0.522525
-1.9539
-1.06963
-0.249497
-0.187204
-0.334406
-0.422909
-0.263196
-0.17464
-0.284816
-0.279924
-0.188653
-0.0923877
-0.201884
-0.196515
-0.0770045
0.487567
0.181415
0.413638
0.477927
0.241243
0.523539
0.224856
0.510459
0.242881
0.553835
0.571241
0.265114
0.543307
0.27618
0.488386
0.277047
0.569869
0.559076
0.261266
0.52877
0.291175
0.482278
0.200966
0.43621
0.511339
0.227765
0.566496
0.241866
0.406085
0.229835
0.475646
0.499852
0.229737
0.466526
0.254628
0.347226
0.158951
0.352474
0.429916
0.186665
0.419036
0.184469
0.710163
0.189912
0.26736
0.516283
0.585747
0.490791
0.207002
0.0735412
-0.0741692
-0.111476
0.139414
-0.198469
-0.145299
0.127215
-0.201965
-0.198678
0.113116
-0.215158
-0.194465
0.0362082
-0.27101
-0.238988
-0.00186167
0.0899374
-0.189729
-0.0815959
0.0447828
0.0569617
-0.0818825
-0.0246657
-0.0779407
-0.16328
-0.168637
-0.17373
-0.0761556
-0.101611
-0.162447
0.339893
0.334611
0.217834
-0.551474
-0.898227
-0.902865
-0.563602
-0.190976
-0.148835
0.0354517
-0.14553
0.0503668
-0.345944
-0.437628
-0.146715
-0.13227
-0.110722
-0.276766
-0.204685
-0.271275
-0.136735
0.33992
0.156267
-0.967814
-1.11106
-0.73472
0.1671
-0.776395
0.112716
-0.174584
-0.122276
-0.0954824
0.109336
0.106542
-0.143377
0.0808928
-0.202471
-0.182584
-0.156254
0.0603798
0.0814004
-0.176605
-0.0191691
-0.00897944
-0.209132
-0.216645
-0.0496659
-0.0182564
-0.127475
-0.0816084
-0.0860023
-0.0790927
-0.0664296
-0.167689
-0.116693
-0.0689369
0.290854
0.333011
-0.888559
-0.874445
-0.605157
0.175328
-0.667443
0.17896
0.0734998
0.102397
0.0520335
0.0651769
0.0706643
0.169868
0.130559
0.13905
0.0825089
0.109095
0.0887276
0.0733252
0.0631444
0.0719086
0.0814478
0.0716974
0.0553875
0.0613261
0.0649956
0.0582593
0.0345939
0.0508262
0.0294571
0.0404772
0.0439367
0.0663934
0.0553807
0.0638994
0.0454537
0.0590683
0.0593009
0.0480431
0.0378852
0.0446269
0.0490063
0.0483221
0.0333256
0.0389406
0.0447172
0.0420215
0.0635053
0.0421666
0.0387615
0.0267991
0.0391393
0.0631479
0.0434782
0.0418769
0.0283494
0.0415241
0.0395964
0.145363
0.130981
0.125462
0.0872707
0.0682712
0.0560642
0.0721495
0.151851
0.108014
0.120076
0.0584348
0.0708714
0.0814763
0.0508897
0.163448
0.143463
0.140236
0.0941285
0.106852
0.105657
0.0927239
0.16302
0.143356
0.166857
0.109496
0.0858239
0.0979821
0.0997071
0.251861
0.186285
0.211855
0.0718048
0.0817692
0.0807142
0.084045
0.103209
0.00645567
-0.0865768
0.0142996
-0.0804507
0.171886
0.109854
-0.105004
-0.171025
-0.059036
-0.0945096
0.222688
0.0265924
0.247558
-0.264222
-0.276717
-0.24461
-0.331303
0.169556
0.0520699
0.0658843
0.0586322
0.042745
-0.0203059
-0.0248924
-0.0154928
-0.00585574
0.0538147
0.0430725
0.0449714
0.035606
0.045393
0.047042
0.0345428
0.0329211
0.0462013
0.0419911
0.0298678
0.0466187
0.0326227
0.0307064
0.0340892
0.0463892
0.0521844
0.0322196
0.0477128
0.0328059
0.0330416
0.0366302
0.0332339
0.0390346
0.0227041
0.0410068
0.0245716
0.0358358
0.0120767
0.0184771
0.0173524
-0.00451618
0.0305235
0.00211505
0.00449171
-0.0727568
-0.0128131
-0.0756202
-0.0225425
-0.0260101
-0.018001
-0.00194026
-0.0244502
-0.0282398
-0.0219228
-0.00134575
-0.0336538
-0.0853606
-0.0677549
-0.0608837
-0.0624511
-0.0464735
-0.051768
-0.00656915
-0.0131472
-0.0773163
-0.0723405
-0.0548778
-0.0767762
-0.0665855
-0.0820878
-0.0623143
0.0287464
0.0270759
0.0202263
0.0224804
0.0223665
0.0210728
0.0285752
0.0167008
0.019073
0.017336
0.0153078
0.0201856
0.0165992
0.0156019
0.0137857
0.0157292
0.0199058
0.0115455
0.0176887
0.0130419
0.0123566
0.0109234
-0.000522407
0.000549125
0.00323414
0.00261997
0.00496261
0.00962212
-0.0154542
-0.0174959
-0.0171393
-0.019942
-0.00874334
-0.0193893
-0.0172097
-0.0666537
-0.037086
-0.073723
-0.0330445
-0.0301458
-0.0271866
-0.0100038
-0.0168941
-0.00775062
-0.0177212
0.00411936
-0.0295506
-0.0335276
-0.0555234
-0.0454223
-0.0288671
-0.0230499
-0.0527718
-0.0221929
-0.0159934
-0.0876237
-0.0924185
-0.0837367
-0.0846963
-0.0902485
-0.0892323
-0.074584
0.0311247
0.0300678
0.0366977
0.0354591
0.031543
0.0309843
0.0380833
0.0274093
0.0262112
0.0271565
0.0251549
0.0293732
0.0260052
0.0268561
0.0210126
0.0196578
0.0247964
0.0178445
0.0227888
0.0195036
0.0195164
0.0210532
0.00578829
0.00511445
0.0125781
0.00833274
0.0149005
0.0189502
0.0076585
0.00194364
-0.00020986
0.00223917
0.00878615
0.00445332
0.00456765
-0.0123633
0.00199656
-0.0251842
0.0126346
0.0210907
0.00397243
0.0286273
0.0258275
0.04248
0.0195683
0.0463844
0.0368887
0.0360367
0.00587129
0.0243727
0.0361505
0.0481621
0.0126262
0.0124115
0.0206403
-0.0690383
-0.0765803
-0.068748
-0.067172
-0.0740992
-0.0712173
-0.0569426
0.0391746
0.0391784
0.0439645
0.0429072
0.0401122
0.0394634
0.0446792
0.0351752
0.0349539
0.0355077
0.0334725
0.0376196
0.03419
0.0348628
0.0283973
0.0276811
0.0317073
0.0253381
0.0303411
0.0273552
0.0263298
0.0315478
0.0175306
0.0152817
0.0232956
0.0192103
0.0259095
0.0287083
0.0245751
0.0217883
0.0184704
0.0194794
0.028142
0.0215854
0.0214014
0.020553
0.0392134
0.0164515
0.0431329
0.0553727
0.0303182
0.0581646
0.0648474
0.0790299
0.0450062
0.056078
0.0755962
0.0798765
0.0434693
0.0454633
0.0458891
0.0500958
0.0489279
0.0467313
0.0459672
0.0510223
0.089658
0.101009
0.0850727
0.10981
0.0439824
0.0606537
0.0619694
0.0538086
0.0637146
0.0445483
0.0530309
0.0199201
0.0851326
0.0557661
0.0555015
0.0488754
0.0802525
0.0876735
0.0377551
-0.109622
0.0567417
0.0096768
0.049489
0.110337
0.0512416
0.0326557
0.0912186
0.0718921
0.0159992
0.0861706
0.083593
0.151648
0.0789354
0.0670667
0.161261
0.0738902
0.0711319
0.0568103
0.0428343
0.0468624
0.047118
0.0423277
0.0481649
0.165948
0.0595788
0.0776592
0.179746
0.0942002
0.0907118
0.0371216
0.0451632
0.0492245
0.0559055
0.0494426
0.0570823
0.17603
0.103821
0.103529
0.181303
0.111119
0.0641644
0.0512865
0.0625485
0.0493905
0.0640204
0.159855
0.123498
0.135176
0.0620342
0.0784091
0.0793664
0.0568568
0.0678594
0.0540501
0.0593624
0.049579
0.050488
0.0558705
0.0450277
0.0530199
0.0568959
0.0515314
0.043062
0.0591915
0.0484074
0.0471716
0.168161
0.142343
0.141371
0.0779983
0.0969275
0.0962129
0.0829513
0.0505391
0.0509575
0.0513853
0.040353
0.0579814
0.0444004
0.0441711
0.0617221
0.0652024
0.0561146
0.0479234
0.0674143
0.0651824
0.0503291
0.154304
0.152972
0.133244
0.0926938
0.099389
0.101847
0.112586
0.0714948
0.0721774
0.0535672
0.0532439
0.0700356
0.0728034
0.0522219
0.067558
0.0721588
0.045839
0.0740645
0.0635498
0.0814819
0.0492974
0.189431
0.179485
0.168744
0.104976
0.11193
0.100245
0.111693
0.0722544
0.0613475
0.0533515
0.0621284
0.0642267
0.0685896
0.0627479
0.0627614
0.0618989
0.0404701
0.0483869
0.0554062
0.0700212
0.048353
0.197191
0.00424755
0.0714274
-0.0740102
-0.0641722
-0.00296491
-0.131036
0.0433285
0.0318091
0.0209413
0.0210177
0.0324685
0.0431401
0.0249836
-0.052885
-0.0843131
-0.027929
-0.0773987
-0.0310659
-0.0978957
-0.0452421
0.18354
-0.0906387
0.108829
0.132634
0.0323332
-0.104445
-0.0657139
-0.031196
-0.109659
0.202669
0.0814465
0.0978414
-0.139671
-0.229145
-0.152344
-0.182436
-0.0827765
-0.00583437
0.0138959
-0.0831891
-0.0990753
-0.0805353
-0.0740055
-0.0363936
-0.0182584
-0.0725468
-0.000127684
-0.0796537
-0.072554
-0.111305
-0.158065
-0.087568
-0.094117
-0.123937
-0.128002
-0.0878141
-0.212031
-0.1659
0.0433338
0.0566105
-0.111448
-0.104028
-0.178373
-0.181331
-0.126068
-0.166206
-0.172792
-0.230533
-0.13711
-0.134723
-0.0358372
-0.0958529
-0.0136186
0.0647969
0.168885
0.157275
-0.0654328
0.0217769
-0.0702906
0.011745
-0.0724979
-0.0120966
-0.0341183
-0.0334399
-0.0622547
-0.00976198
-0.0534268
0.147777
0.102215
0.0488864
0.0506335
0.00175721
0.0408915
-0.0306433
-0.00351472
0.0159291
0.0179606
-0.00307804
-0.0617806
0.019899
-0.0354848
-0.0789987
-0.0659342
0.0248262
0.0244978
0.046395
-0.0057696
-0.035076
-0.0205595
-0.0212486
-0.0353425
-0.0583673
-0.0635775
-0.0538972
-0.0504965
-0.0489471
-0.0503433
0.00834453
0.0487281
-0.0437812
-0.0660227
-0.0515187
-0.00718939
-0.0491756
-0.0512161
-0.0623016
-0.0392583
-0.0532673
-0.0315586
-0.0593044
-0.0935383
-0.0778369
-0.0515305
-0.0806075
-0.0408981
-0.0948287
0.0319547
0.0340195
0.023762
0.0323362
0.0186068
0.0211369
0.0263796
0.0156079
0.0190715
0.0127362
0.0119818
0.0160484
0.0364016
0.0187298
0.0236954
0.0401417
0.023265
0.026031
0.0133155
0.013004
0.0178754
0.0171977
0.0135096
0.0196443
0.0426968
0.027752
0.0289621
0.0388785
0.0253634
0.0200553
0.012972
0.020277
0.00818574
0.014942
0.0360366
0.0447625
0.044135
0.0304676
0.0478968
0.0328013
0.0321551
0.0351325
0.0294234
0.0358143
0.0290308
0.0219908
0.0288966
0.0205858
0.0286343
0.0236584
0.0190976
0.0160322
0.026438
0.0246245
0.0202023
0.0342918
0.0498662
0.0489028
0.0298111
0.0495266
0.0344872
0.0310017
0.0270356
0.0235022
0.0181771
0.0157001
0.0264863
0.0236252
0.0171062
0.0275061
0.0249159
0.0184528
0.0141794
0.0277423
0.0275266
0.0169738
0.0296471
0.0357633
0.0517993
0.0338479
0.0412148
0.0238823
0.0473367
0.0262759
0.0263521
0.0157436
0.0149841
0.0245429
0.0287377
0.0162108
0.0195791
0.0181613
0.00727006
0.0249396
0.0135994
0.0244298
0.0118577
0.0224727
0.0229064
0.037129
0.0159379
0.0288276
0.0132552
0.0235135
0.0146372
0.00632397
0.00713771
0.0146125
0.00819909
0.0127741
0.0154331
0.00294807
0.00331756
-0.00401435
0.00294306
-0.00202919
0.0100729
0.00214987
-0.0231122
-0.018391
-0.0535191
-0.0500785
-0.0167521
-0.0250618
-0.0535684
0.00270495
-0.0148974
-0.0198774
-0.0166021
-0.00761573
-0.0079559
-0.0134506
-0.0232362
-0.0520201
-0.035858
-0.0592674
-0.0274679
-0.0553685
-0.034408
-0.0591973
-0.06323
-0.0534911
-0.00649475
-0.0324231
-0.00728633
-0.0560146
-0.0138261
-0.0335759
-0.0550194
-0.0638433
-0.0352221
-0.0479586
-0.059245
-0.0569697
-0.0308955
-0.0759158
-0.0400298
-0.0322436
-0.0793547
-0.0608038
-0.0641147
-0.0590318
-0.0166136
-0.0329401
-0.0539046
-0.0233407
-0.0428162
-0.0643581
-0.0575628
-0.0528056
-0.0621943
-0.0462315
-0.0592208
-0.0365459
-0.0623004
-0.0658497
-0.06371
0.0194656
-0.0636876
-0.0779811
-0.0197253
-0.0334862
-0.0595674
-0.0426666
-0.0648735
-0.0469624
-0.0507657
-0.0411441
-0.0853167
-0.0289898
-0.0738458
0.00868367
-0.0157569
-0.0435688
-0.0283171
-0.0344277
-0.0292787
-0.0195708
-0.0307082
-0.0342089
-0.0478933
-0.0304999
-0.0408121
-0.053677
-0.0403331
-0.0288885
-0.00908286
-0.0799161
-0.0353819
-0.0196682
-0.0907365
-0.0926905
-0.100065
-0.0241902
-0.0210558
-0.0410714
-0.0328641
-0.104477
-0.0269992
-0.100277
-0.113075
-0.110314
-0.069376
-0.0755672
-0.072249
-0.0882035
-0.0646446
-0.0802432
-0.0796087
-0.0845925
-0.100891
-0.0927071
-0.0977903
-0.0916581
-0.0987816
-0.084959
-0.103155
-0.0811851
-0.0606832
-0.0945543
-0.0903275
-0.0721
-0.0862468
-0.0878316
-0.0926852
-0.0768465
-0.0897689
-0.0784007
-0.0906077
-0.106452
-0.0977233
-0.078259
-0.0951755
-0.0754198
-0.109312
0.0224195
0.0161089
0.0160674
0.012641
0.0086256
0.0123995
0.0244323
0.0210593
0.0191295
0.0115813
0.0173125
0.0155802
0.0138801
0.0102929
0.0132944
0.0142064
0.00923505
0.0127999
0.0134551
0.0179909
0.0166493
0.0132838
0.0165119
0.0160943
0.0121654
0.00909156
0.0104367
0.00566751
0.00447059
0.0128989
0.0135802
0.0128872
0.00703939
0.00561244
0.0197958
0.0194313
0.017596
0.0146109
0.0217782
0.0177803
0.0154151
0.0292238
0.0258947
0.0258402
0.0332824
0.0248762
0.0316369
0.0257025
0.0252805
0.0183116
0.0223981
0.0210415
0.0215827
0.021078
0.0253373
0.0157986
0.0191964
0.0199659
0.0121496
0.0197147
0.0160889
0.0127081
0.0236763
0.0191603
0.0209795
0.0213893
0.0210763
0.0211609
0.0220312
0.02249
0.018555
0.0195634
0.0169293
0.0205727
0.0225351
0.0203274
0.00871763
0.00502484
0.0112243
0.0130707
0.0106938
0.00417508
0.0190591
0.0188718
0.017219
0.0152679
0.0154408
0.0160336
0.0209269
0.0167297
0.0115332
0.00916561
0.00702459
0.0214315
0.00527803
0.0104723
0.0118315
-0.000300192
-0.010445
-0.000553493
-0.00442333
-0.00798326
-0.00517244
-0.000170577
0.00316685
-0.00143552
0.00885542
0.0132376
0.000349124
0.000884225
0.0151426
-0.00564174
-0.0024029
0.000708099
0.00606184
-0.00755552
0.00177546
0.00550226
-0.0289154
-0.0298304
-0.0528241
-0.042807
-0.0261553
-0.0292087
-0.0464518
-0.00317891
-0.0144818
-0.00823792
-0.00727968
-0.0101131
-0.0115394
-0.00500732
-0.0136422
-0.0304479
-0.0121483
-0.0234568
-0.0168362
-0.0338747
-0.0121307
-0.0497429
-0.0573174
-0.0548257
-0.0298892
-0.0503896
-0.030041
-0.0594089
-0.0285441
-0.0492655
-0.0474348
-0.054302
-0.0403825
-0.0416203
-0.0542107
-0.0455286
-0.0371105
-0.0532235
-0.0114125
-0.0219633
-0.0407502
-0.0347734
-0.0215064
-0.0414934
-0.0164412
-0.00748172
-0.0260459
-0.0163261
-0.0348041
-0.0303917
-0.0314116
-0.0243144
-0.0140757
-0.0108815
-0.0292328
-0.0212842
-0.0182285
-0.0459528
-0.0263646
0.0220678
-0.0695721
-0.0833153
-0.0133332
0.00173764
-0.0230442
0.0158228
-0.0181917
-0.000902582
-0.0277016
0.00696916
-0.0504037
0.0225523
-0.0390291
0.0604893
-0.0223157
-0.0509249
-0.0408376
-0.0319426
-0.0401026
-0.0163548
-0.0314461
-0.0174227
-0.0254248
0.0161344
-0.00797178
-0.0232463
-0.0217325
0.00640777
-0.0299402
-0.105097
-0.0444729
-0.0265802
-0.102372
-0.115349
-0.111495
0.00305893
-0.00640927
-0.0334159
-0.0100937
-0.0920715
-0.0167332
-0.098338
-0.102783
-0.109411
-0.0827485
-0.0959017
-0.106483
-0.101438
-0.089457
-0.0906446
-0.096792
-0.0839567
-0.102694
-0.0821924
-0.0897334
-0.0903438
-0.102432
-0.0743142
-0.103592
-0.0952752
-0.0735148
-0.105218
-0.0931578
-0.0708394
-0.0839035
-0.0853548
-0.0806045
-0.066514
-0.0862128
-0.0780973
-0.0786425
-0.0971469
-0.0839987
-0.0603954
-0.0880841
-0.0639284
-0.0941722
0.0440911
0.0674404
0.0467198
0.0425615
0.0354505
0.0453521
0.0680621
0.049554
0.0471807
0.0377598
0.0488499
0.0464882
0.0246275
0.0312729
0.0263914
0.0209446
0.0185171
0.0225022
0.0341607
0.0313611
0.0297809
0.0221756
0.0274484
0.0261422
0.0221539
0.0206258
0.0232704
0.020863
0.0180213
0.0215131
0.0241597
0.0279907
0.0270086
0.0226491
0.0257957
0.0253633
0.0170914
0.0161277
0.0181426
0.00925294
0.0113748
0.0206058
0.022272
0.0213843
0.0156201
0.0136435
0.0446703
0.048693
0.0390094
0.0399743
0.0449322
0.047908
0.0406225
0.0481578
0.0421092
0.0509945
0.0437787
0.0480691
0.0424979
0.0517478
0.0307568
0.0269219
0.0269592
0.0240706
0.0311761
0.0273343
0.0263851
0.0360554
0.0380848
0.0355174
0.0414362
0.0349733
0.0405928
0.0353095
0.0353679
0.0281835
0.0317135
0.0304759
0.0314183
0.031089
0.0347925
0.0251162
0.0252498
0.0273252
0.0203409
0.0275801
0.0241112
0.0217214
0.0335139
0.0291439
0.0301985
0.0308339
0.0307801
0.031332
0.0312391
0.0313929
0.02714
0.0278977
0.025305
0.02917
0.0311949
0.0287645
0.0162078
0.00902791
0.0135846
0.020348
0.0155669
0.0114385
0.0259354
0.0266102
0.0243783
0.0233983
0.0228672
0.0237137
0.0281959
0.0246535
0.0195784
0.0171156
0.0157003
0.0299043
0.0134652
0.0177277
0.0200247
0.0135117
5.51e-05
0.00966774
0.0105967
0.00178369
0.00872797
0.0145252
0.0140227
0.00884884
0.0208295
0.0239624
0.0120706
0.0104261
0.0266019
0.00930826
0.0133972
0.0161518
0.0216378
0.00801949
0.0172609
0.0206434
0.00513095
0.000219547
-0.0102741
0.000892502
0.00364315
0.00485615
-0.00132657
0.0197797
0.00776156
0.0142286
0.0139589
0.013248
0.010196
0.0172852
0.0182266
0.0101343
0.0174727
0.014145
0.0150972
0.00856224
0.017612
0.00898873
-0.00457656
-0.00316851
0.00710318
-0.00821382
0.012469
-0.0143918
0.0163824
0.000625315
0.0125097
0.00353293
0.00699338
0.0229449
-0.000569497
0.0182051
0.0171472
0.000452776
0.0312758
0.0242838
0.0082602
0.02198
0.0297228
0.010253
0.0256512
0.0339832
0.0195832
0.0284771
0.0153505
0.0165358
0.0260554
0.0360233
0.0395867
0.0363268
0.0309849
0.0308345
0.0335188
0.0236283
0.0375144
0.088895
-0.00731525
-0.0158163
0.049079
0.0614474
0.0398166
0.0685231
0.0323207
0.0630897
0.0306821
0.0553265
0.00860459
0.0657883
0.0159686
0.106942
0.0294605
0.00520934
-0.000914171
0.0129071
0.00777881
0.0406903
0.0108614
0.0287268
0.0140717
0.057033
0.0244617
0.0269647
0.0157141
0.0461425
0.000148201
-0.0863133
-0.0149115
0.00591059
-0.0801014
-0.0989341
-0.0924374
0.0337593
0.028089
-0.00455288
0.0178319
-0.0709826
0.0144709
-0.0756438
-0.0841656
-0.0897938
-0.0641589
-0.080311
-0.093632
-0.0839906
-0.0740626
-0.072179
-0.0803746
-0.0656004
-0.0847888
-0.0641851
-0.0732552
-0.0716063
-0.0857958
-0.056496
-0.0840443
-0.0780385
-0.0524934
-0.0868596
-0.0740875
-0.0493593
0.0501075
0.0730166
0.0523936
0.0498415
0.0435492
0.0520321
0.0734463
0.0547904
0.0526304
0.0449184
0.0545431
0.0526295
0.0343449
0.0400147
0.0354212
0.030597
0.0279471
0.0314118
0.0417265
0.0386681
0.0375956
0.0302605
0.0346404
0.0336488
0.0315614
0.0297001
0.0321899
0.0294381
0.0264582
0.0296632
0.0320508
0.0355788
0.035061
0.0301482
0.0331151
0.0327449
0.0254929
0.0240087
0.0263539
0.0178421
0.0198696
0.0277522
0.0301588
0.0292766
0.023855
0.0218662
0.0549595
0.0512624
0.0458614
0.047286
0.0514984
0.0540699
0.0470324
0.0541634
0.0486063
0.0565788
0.0498252
0.0540206
0.0484874
0.0575432
0.038621
0.0355024
0.0353747
0.0330143
0.0393964
0.0355241
0.0346218
0.0431529
0.0446463
0.0422088
0.0474781
0.0422487
0.0465494
0.0418279
0.0422775
0.0359419
0.0382722
0.0373492
0.0383605
0.0383763
0.0411697
0.0323187
0.033127
0.0350155
0.0281694
0.0353814
0.031471
0.0289353
0.0405242
0.036341
0.0370976
0.0376174
0.0380861
0.0384699
0.0379852
0.0382813
0.0343921
0.0348071
0.0318495
0.0362438
0.038166
0.0353139
0.023897
0.0176805
0.0216905
0.0292486
0.0233831
0.0199512
0.0338881
0.0336056
0.0313074
0.0309795
0.0291197
0.0312879
0.0348021
0.0317505
0.0269016
0.0256483
0.0239052
0.0375481
0.0216522
0.0253404
0.0274827
0.0266987
0.0147559
0.0236499
0.0237395
0.0157639
0.0223393
0.0275066
0.0263399
0.0258869
0.0210152
0.0251603
0.0286448
0.0263736
0.0240389
0.0419945
0.0379089
0.0289097
0.0427521
0.0305121
0.0396973
0.0259345
0.0455092
0.0319042
0.0462203
0.0477078
0.0454157
0.0569754
0.0422668
0.0522963
0.0478977
0.0555824
0.028844
0.0219282
0.055357
0.0782577
0.0576413
0.05535
0.0496531
0.0575105
0.0415627
0.0462921
0.0426869
0.0376025
0.0353362
0.0386224
0.0606673
0.0566482
0.0517656
0.0532534
0.0570593
0.0595589
0.053171
0.0447485
0.0419765
0.0422701
0.0399365
0.0458574
0.0419718
0.0411724
0.0684405
0.0639241
0.0661797
0.0880481
0.0606116
0.0819016
0.0753477
0.0900764
0.0866824
0.0688639
0.0951557
0.0817503
0.0661934
0.0924115
0.102652
0.0929017
0.0808083
0.10221
0.0939597
0.0823703
0.105942
0.132439
0.105298
0.121932
0.0777915
0.140022
0.0999223
0.0998669
0.0800606
0.117021
0.0825856
0.163907
0.0914722
0.0806793
0.10429
0.0740293
0.0883579
0.0766788
0.0947111
0.0940894
0.0972568
0.0594815
0.0780934
-0.0119664
0.0824783
-0.0130288
0.076601
0.0714168
0.0693645
0.0656296
0.0694703
0.075393
0.065862
0.0691363
0.0436997
0.0456691
0.0750002
0.0730052
0.073191
0.0725141
0.00997466
0.0360799
0.0252766
0.0614789
0.0548223
0.0624466
0.0545927
0.0355602
0.0632536
0.0566178
0.0385457
0.0603694
0.040669
0.0327415
-0.0629963
-0.0142523
-0.067987
0.0304849
0.0406262
0.0269668
0.0392589
-0.17705
-0.253749
-0.159528
0.0188695
0.0459908
0.0161104
0.0391374
0.0326982
0.0742016
0.0236598
0.08099
0.0564738
0.0451316
0.0590786
0.0534059
0.0256707
0.0303135
0.0815393
0.0653516
0.0301357
0.072315
0.0345896
0.0236789
-0.303155
-0.430389
0.00517228
0.0600982
-0.476152
0.000536139
-0.267356
-0.343422
-0.400824
0.00255659
0.0621159
0.0513386
0.0334711
-0.488838
-0.412517
-0.463154
-0.0105262
-0.00245016
-0.00669037
-0.010608
0.0366932
0.00980349
0.130605
0.0648465
0.0583596
0.0888318
-0.394115
-0.396928
-0.363872
0.137552
0.0154385
0.126119
0.0255111
-0.272205
-0.234283
0.103571
0.105306
0.0683343
0.0692328
0.05777
0.064368
0.0605625
0.0807736
0.0571092
-0.224718
-0.121979
-0.165417
0.0957412
0.0755367
0.0877651
0.0821527
0.0721743
-0.0128695
0.0460406
0.0691743
-0.0124009
-0.0192982
-0.0138891
-0.0383363
0.0836511
-0.031046
-0.0558303
0.0444174
0.0690338
-0.0222676
-0.0314168
-0.0212673
0.00611593
-0.000703447
-0.0142033
-0.00179604
0.00411156
0.00454009
-0.00622054
-0.0188895
-0.042298
-0.0432983
-0.0233457
-0.0139001
-0.00775856
-0.0365578
0.289613
0.698259
1.09478
0.811934
0.172815
0.159305
0.5442
0.394013
0.134983
0.0598354
0.221398
0.198248
0.273282
0.217038
0.358439
-0.625269
-0.614242
-0.139187
0.193813
-0.13665
0.240526
0.409603
0.216629
0.279981
0.366401
0.445884
0.327021
0.392517
0.494564
0.347635
0.371933
0.508423
0.518984
0.463299
0.486112
0.49128
0.393804
0.409592
0.510762
0.465354
0.491442
0.467487
0.401725
0.372718
0.367532
0.423219
0.448073
0.431471
0.45377
0.443176
0.339834
0.401698
0.46914
0.482843
0.45685
0.486222
0.386784
0.429185
0.318054
0.555208
0.99142
0.51999
0.867402
0.319601
0.637597
0.506887
0.514747
0.260519
0.56852
0.267764
-0.0748313
0.932754
0.132228
-0.379049
-0.0818922
-0.380826
0.336007
0.140135
0.153988
0.144542
0.131165
0.107677
0.107236
0.112644
0.103329
0.148766
0.14074
0.0653071
0.0442817
0.0702279
0.0572878
0.0842845
0.132029
0.129955
0.0316307
0.0220833
0.0351427
0.0305905
0.0906279
0.12328
0.123487
0.0220282
0.0274047
0.0226079
0.0264457
0.121928
0.12849
0.141697
0.0480778
0.0398781
0.0332254
0.0356433
0.148856
0.150639
0.166889
0.0428126
0.0428923
0.0368266
0.0419111
0.0371264
0.163226
0.178166
0.0321648
-0.0667896
0.0300895
-0.0231238
0.0997134
0.222948
0.173223
-0.0568631
-0.0442976
-0.00957601
-0.00134042
0.112806
0.171879
0.0960807
0.0145483
0.0665572
0.0278197
0.0625214
0.0168632
0.111412
0.0384685
-0.0121523
-0.0563593
-0.004495
-0.0585183
-0.0268615
0.0310661
-0.00189064
-0.0565576
-0.0823026
-0.0569539
-0.0878232
0.0657303
0.0771009
0.0691934
0.0779447
0.0602454
0.0649472
0.0729203
0.05628
0.0568162
0.0506586
0.0548915
0.0462118
0.0480177
0.0449126
0.0438587
0.0361986
0.0350812
0.0359714
0.0318037
0.0310497
0.0302363
0.0393297
0.028217
0.0266787
0.0279447
0.0261187
0.0238384
0.0223697
0.0370628
0.0263702
0.0244635
0.0283526
0.024299
0.0204797
0.0203177
0.0297068
0.0192226
0.0184248
0.0203496
0.0113674
0.0117879
0.00764446
-0.0040896
0.0058659
-0.0100226
0.0043813
-0.0146759
-0.00932947
-0.012813
-0.0127417
-0.042026
-0.0202745
-0.0186351
-0.0267951
-0.0340323
-0.0336529
-0.0699085
-0.0598064
-0.0047211
-0.0195132
-0.0639312
-0.0693442
-0.0153009
-0.0551318
-0.0325857
-0.0674613
-0.0408074
-0.0705951
-0.0404521
-0.0752183
-0.0786323
-0.0539722
-0.0893324
-0.0650188
-0.0905234
-0.0588518
-0.0971063
0.0444393
0.0552807
0.0609996
0.0459205
0.0449534
0.0473671
0.0555751
0.0288459
0.0357874
0.0361871
0.0350275
0.0310631
0.0383959
0.0374463
0.0241286
0.0309981
0.0295799
0.0284638
0.0272064
0.0335889
0.0323393
0.0196701
0.0259022
0.0233211
0.0258401
0.0220892
0.0282654
0.0266724
0.00760915
0.0144774
0.0120052
0.0168525
0.0124552
0.0178795
0.0176255
-0.0201594
-0.00511121
-0.0104231
0.00343731
-0.00693308
0.00173239
0.00110944
-0.0341176
-0.0319585
-0.0325778
-0.00698024
-0.0205121
-0.0170528
-0.0227314
-0.0829511
-0.0868862
-0.0334264
-0.032576
-0.0895705
-0.0825952
-0.0310575
-0.0725122
-0.033556
-0.0713808
-0.0316929
-0.0669846
-0.0270198
-0.0658869
-0.0839261
-0.0534084
-0.0860479
-0.0609032
-0.0750747
-0.0472695
-0.0784904
0.0462244
0.05207
0.0569499
0.0646565
0.0476552
0.049825
0.0597348
0.0463634
0.0522467
0.0507478
0.0550334
0.048514
0.0538029
0.0519315
0.0357211
0.0425901
0.0420776
0.0416559
0.0376772
0.0438643
0.0419553
0.0311373
0.0381397
0.0361683
0.0349442
0.033418
0.0384016
0.0366335
0.02553
0.0315902
0.0293955
0.0306274
0.028529
0.0324283
0.0320426
0.019613
0.022256
0.0246945
0.0250038
0.0251989
0.0255478
0.0295475
0.0117698
0.0134373
0.0190297
0.0218951
0.025013
0.0200873
0.0311986
-0.00320124
-0.00321788
-0.00723061
0.0294495
0.0105263
0.013305
0.00370821
-0.0613733
-0.0681086
-0.0110175
-0.00524161
-0.0710501
-0.0602659
-0.0056247
-0.0589692
-0.0178277
-0.0585802
-0.0150801
-0.0527602
-0.0126356
-0.0531234
-0.0642923
-0.0396474
-0.067942
-0.0345643
-0.0638896
0.0573605
0.0521583
0.0621281
0.0699021
0.0531539
0.05544
0.0648854
0.0507909
0.0546815
0.0530793
0.0582931
0.0523909
0.0559055
0.0540407
0.0407118
0.045351
0.0439741
0.0459122
0.0419573
0.0464278
0.0438635
0.0361894
0.0403802
0.0381938
0.0393807
0.038069
0.0406747
0.0390472
0.0309723
0.0337193
0.0324162
0.0352341
0.0340598
0.0352011
0.0357114
0.0294029
0.0269855
0.0322281
0.0330456
0.024794
0.0381829
0.0625276
0.0575195
0.0669717
0.0749951
0.0582402
0.0607693
0.0699056
0.0963264
0.0718212
0.0753963
0.0620506
0.0837992
0.111177
0.0634161
0.0457139
0.0541744
0.0486646
0.0545288
0.0927061
0.0877078
0.0192137
0.0198198
0.0218788
0.0487181
0.0418991
0.0740671
0.0640904
0.131738
0.0775472
0.0810004
0.0440498
-0.00113772
0.00196831
0.0552439
0.0532749
-0.00270376
0.00236242
0.0520385
0.016385
0.0699245
0.0314926
0.0166974
-0.0296668
0.0170306
-0.0238989
0.0673306
-0.0651031
-0.102131
-0.0793911
0.0572654
0.0724827
-0.0523584
0.0720875
-0.0116483
0.0273382
-0.239434
-0.498221
-0.147102
-0.329003
0.0261689
-0.0227455
-0.0443802
-0.605188
-0.583269
-0.40586
-0.443997
-0.0825858
-0.0874676
-0.139814
-0.543056
-0.419822
-0.408255
-0.329616
-0.110287
-0.158051
-0.171897
-0.314247
-0.252125
-0.265915
-0.208636
-0.118449
-0.178787
-0.147766
-0.182002
-0.204651
-0.184075
-0.201875
-0.592997
-0.181421
-0.541996
-0.156571
0.320414
-0.17612
0.20595
-0.593194
-0.543818
-0.43358
0.445287
0.243303
0.140609
0.0272903
-0.179492
-0.289333
-0.255256
-0.263129
-0.235349
-0.180267
-0.258071
-0.169021
-0.215239
-0.220487
-0.207977
-0.351348
-0.18958
-0.294104
-0.194019
-0.190723
-0.226308
-0.353402
-0.449569
-0.290545
-0.364006
0.696897
0.564044
0.487588
0.706197
0.735728
0.687738
0.747311
0.665986
0.13565
0.519652
0.502159
0.517081
0.750276
0.700965
0.484576
0.270169
0.314847
0.51594
0.454695
0.539518
0.650395
0.380258
0.394229
0.0375591
0.0932341
0.352603
0.455471
-0.0444031
0.612153
0.425102
-0.509757
-0.228688
-0.0484984
0.234085
0.494593
0.448543
0.206032
-0.76703
-0.135853
-0.732113
-0.0185242
0.221788
0.773342
0.230732
0.421339
0.396968
0.43749
0.652578
0.241831
1.29503
1.96867
1.96622
3.41154
1.18225
0.457498
0.741458
0.0978241
0.110939
0.100032
-0.0627562
0.138411
3.92301
2.05972
1.98042
2.53755
0.538388
0.734833
1.27407
0.351523
2.59328
2.74392
2.8104
4.55237
3.06938
3.94423
4.21317
2.01149
2.6171
3.27997
1.13904
0.229502
0.387187
0.850078
1.51321
1.48212
1.16598
0.763637
0.974312
0.981267
1.24455
1.49806
1.00989
0.278717
0.316456
0.577243
-0.288979
-0.11961
-0.176573
-0.213517
-0.189546
-0.159099
-0.291511
0.542893
0.921277
-0.0936865
0.109062
-1.15329
-0.696016
-0.796246
0.501269
0.408031
-0.853575
0.425191
-1.61827
0.58871
0.655465
0.679532
0.658075
0.792218
0.79837
0.585166
0.70502
1.05808
0.318399
0.630524
1.28134
0.945881
-0.113859
0.636237
1.05106
-2.23078
0.551207
-0.291136
0.531267
-0.519829
-1.36282
1.18606
0.41812
0.707841
0.431921
0.313631
0.0338045
0.579437
0.501455
0.269876
0.357542
-0.0257675
0.444106
0.539297
-0.40922
0.854615
-0.128437
0.714928
0.835086
0.55898
0.512572
0.422186
0.905527
0.393214
0.120648
0.380073
0.443431
0.239891
0.204521
0.416313
0.291198
-0.659191
-0.602013
-0.0977248
0.174281
-0.172247
0.132366
0.0533397
-0.0828655
0.159366
0.15423
-0.036905
0.434297
0.279286
0.299894
0.249306
0.552115
0.524516
0.281973
0.546914
0.556101
0.349911
0.318796
0.584109
0.59713
0.341267
0.239077
0.22073
1.91488
2.1092
0.861244
0.330927
0.642156
1.24245
0.22457
0.305642
-0.357773
0.171724
-0.550065
0.161845
-0.493063
-0.275263
0.26757
0.155168
0.379025
0.638837
0.000355121
0.200408
0.0866444
0.0792667
-0.498721
-0.187026
-0.41003
0.0110552
-0.503791
-0.578611
0.297446
0.741538
-0.0581073
0.279881
0.163601
0.089175
0.368432
0.717514
0.16598
-0.590896
0.0213481
0.102146
0.352418
0.334442
0.816764
1.48881
1.46959
0.650009
0.627848
0.216263
0.421065
-0.659727
4.76018
2.29951
3.34928
3.18427
2.35248
4.83721
2.78219
2.94938
4.57993
2.76483
2.55703
2.96079
3.31045
4.43467
4.1603
4.29243
2.45661
4.46172
2.30612
2.26359
2.11559
3.09107
3.78783
3.23028
3.06483
3.03568
3.5265
5.0567
3.06092
2.78186
0.891242
0.927263
0.625802
0.97327
0.81927
0.208453
0.400533
0.216457
0.180838
0.285468
0.00278057
0.407949
0.188347
-0.104392
0.595043
0.536944
0.143747
0.450875
0.396453
0.91469
0.924605
0.812883
0.263084
0.357956
0.0487041
0.0630968
0.21495
0.227869
0.212091
0.180841
0.362278
-0.405944
0.271078
-0.510568
0.0748799
-0.0439676
0.250679
-0.768422
-0.178892
-0.242108
-0.19989
-0.538863
-0.223537
-0.204423
-1.28484
-0.234788
-0.968373
-0.157651
-0.821707
-0.283378
-0.349667
-1.32309
-0.246462
-0.928148
-0.246139
-0.913123
-0.376862
-0.375449
-1.25624
-0.224139
-0.799645
-0.216512
-0.861675
-0.349394
-0.357256
-0.862488
-0.329024
-0.829187
-0.310182
-0.579908
-0.399158
-0.398724
-0.415414
-0.991277
-0.105726
-0.553493
-0.355114
-0.491402
-0.774677
0.173878
-1.02777
-0.0220426
-0.95387
0.0221227
-0.727438
-0.777656
0.296129
0.316834
0.615578
0.589532
0.267887
0.19894
0.269412
0.177304
-0.361611
-0.0981092
-0.291686
0.0780572
-0.411387
-0.478019
0.444094
0.0777111
-0.517519
-0.0369161
0.170938
0.25797
0.202823
0.418948
0.346722
0.273674
0.395493
0.297125
0.352036
0.264361
0.478135
0.528011
0.102711
0.0705471
0.080311
0.0823007
0.0796477
0.0732693
0.090664
0.0688627
0.0477308
0.0513598
0.0540455
0.0593529
0.0510812
0.0633693
-0.0229615
0.0301067
-0.0409027
0.00163533
-0.00930113
0.0226161
-0.0473499
0.0364814
-0.0123943
-0.0185411
-0.0416157
-0.0307246
-0.00743976
-0.0546469
-0.0649199
-0.0492285
-0.0541394
-0.0857901
-0.0363984
-0.0669221
-0.0781382
-0.0853465
-0.0276556
-0.0847091
-0.0332378
-0.0818349
-0.0275434
-0.0855901
-0.088812
-0.0610317
-0.0751653
-0.0865652
-0.0753756
-0.0773537
-0.0916274
-0.0896893
-0.0876366
-0.0862258
-0.101274
-0.079867
-0.0889593
-0.0973746
0.0415054
0.0320949
0.0318672
0.0407424
0.0420488
0.0420648
0.0322455
0.0599847
0.0465454
0.0440117
0.0452532
0.0568476
0.0488507
0.0545697
0.0334687
0.0443093
0.0415871
0.0413898
0.0362479
0.0343594
0.0448338
-0.0827641
-0.0228324
-0.0722417
-0.0191914
-0.0801243
-0.0249216
-0.0730412
-0.0916458
-0.0784476
-0.0875359
-0.0878021
-0.0891915
-0.0789818
-0.0946665
-0.0811804
-0.0758071
-0.069331
-0.0854649
-0.0698066
-0.0789149
-0.0829527
0.0502808
0.0645493
0.0525516
0.0621967
0.0491715
0.0545726
0.0594292
-0.0615283
0.00403149
-0.0516083
0.00367788
-0.0577282
0.000160086
-0.0530664
-0.0731901
-0.0590861
-0.0684119
-0.0673276
-0.0712914
-0.058962
-0.0755354
0.0555
0.0696431
0.0578348
0.0670962
0.0547044
0.0596218
0.064348
-0.00476233
0.0661884
0.00503514
0.0606953
0.00133791
0.061654
0.00245584
-0.0470102
-0.0348294
-0.0563087
-0.0199226
0.0505142
-0.012635
0.0493445
0.309613
0.273272
0.464619
0.549987
0.285783
0.169641
0.0937457
0.351901
0.323691
0.283681
0.447922
0.366275
0.418282
0.355171
0.0419057
0.0483148
0.0463223
0.0506969
0.0430624
0.0495502
0.0475346
0.573247
0.232741
0.196067
0.546725
0.504863
0.588063
0.368207
0.535405
0.689399
0.733113
0.672369
0.204875
0.637471
0.410356
0.164147
0.508413
0.325935
0.552339
0.105287
0.66989
0.155386
0.776332
0.421073
0.224571
0.684586
0.799584
0.690319
0.434845
0.126895
0.580618
0.444029
0.63211
0.155757
0.705728
0.200366
1.06897
1.05414
1.03209
0.609236
0.599604
0.588738
0.162239
0.169675
0.172964
0.217426
0.220217
0.221352
0.059504
0.0596055
0.0593633
0.0301435
0.0281244
0.0267116
0.00487854
0.00244878
0.000791428
-0.0787473
-0.0824715
-0.0844591
-0.00383663
-0.00562095
-0.00691583
-0.0246962
-0.0266812
-0.0279351
-0.0981454
-0.100776
-0.102036
0.00107914
-0.000203427
-0.00108934
-0.0060168
-0.00751512
-0.00839734
-0.0820867
-0.0836059
-0.0841793
0.0124323
0.0116273
0.0111117
0.013689
0.0126463
0.0120916
0.0610706
0.0607037
0.0604597
-0.099485
-0.0955007
-0.0938499
-0.0406624
-0.0352777
-0.0331827
-0.0605341
-0.0552791
-0.0529431
0.303326
0.312233
0.313675
0.244291
0.297834
0.91665
1.03126
0.332937
0.308761
0.298128
0.216604
0.21095
0.206819
0.181179
0.185175
0.185463
0.236694
0.248732
0.25156
0.270689
0.281881
0.284927
0.297996
0.309529
0.314203
0.366484
0.367044
0.362524
0.166246
0.174382
0.169541
0.238146
0.247559
0.250212
0.306227
0.293224
0.285222
0.233537
0.221264
0.219451
0.198804
0.207293
0.20939
0.237269
0.224773
0.222328
0.37434
0.364397
0.358775
1.4828
1.47738
1.46107
0.951064
0.959259
0.952101
0.905325
0.920812
0.919166
-0.803921
-1.0273
1.10207
1.1339
1.14468
1.04197
0.992513
0.963581
0.748654
0.756011
0.744322
0.156152
0.122271
0.0944943
-0.818063
-0.855305
-0.86026
-0.0523188
-0.169614
0.0920613
0.0966857
0.101232
1.23472
1.24116
1.24152
0.874419
0.90108
0.632067
1.76486
1.80824
1.10585
1.10619
1.31048
1.2605
1.34976
1.24927
1.55674
1.53822
1.51575
0.326086
0.313273
0.309426
0.402248
0.376173
0.363056
0.0820608
0.0848413
0.0856513
0.169916
0.175751
0.177605
-0.470792
-0.477164
-0.474266
-2.67285
-2.76995
-2.78361
0.158124
0.1645
0.166738
0.108852
0.114259
0.116071
-2.50364
-2.5902
-2.59976
-2.03667
-2.09069
-2.0827
0.0952291
0.101088
0.103148
-0.0349309
-0.0327339
-0.0314272
-2.65103
-2.79982
-2.85189
0.290634
0.271691
0.26507
-0.0631767
-0.061293
-0.0602727
0.41334
0.394034
0.385941
0.217937
0.225001
0.229088
0.221654
0.225279
0.226822
1.07462
1.0171
-1.94165
0.609553
0.566945
-1.38402
0.842179
0.784968
0.433885
0.424535
0.427429
-0.092022
-0.0495882
-0.0307862
0.341415
0.330198
0.322425
0.83972
0.843339
0.837443
1.21175
1.23408
1.22595
1.04462
1.05519
1.04231
0.75965
0.74715
0.724393
1.67095
1.748
1.76986
0.972375
0.97717
0.971169
0.318459
0.310882
0.305892
1.1175
1.12304
1.12273
0.245249
0.239253
0.234108
0.410296
0.399875
0.395634
2.49284
2.6046
-0.501847
1.03554
1.10409
-1.62412
-1.65669
0.61292
0.629093
0.635688
0.945356
0.957177
0.96413
0.116173
0.152371
0.166018
0.965717
0.936351
0.915448
-0.350917
-0.402136
-0.41641
-0.463909
-0.511432
-0.527906
-0.510344
-0.547789
-0.556704
0.0840683
0.0904739
0.0933174
-0.0695872
-0.0691386
-0.0661076
0.741765
0.733341
0.741655
-0.697126
-0.136283
-0.157209
3.96933
4.22032
2.96468
3.09351
3.23834
3.28483
0.703037
3.18641
3.36069
2.62951
3.41311
3.45785
-0.774495
-0.82423
-0.843422
0.268695
0.290868
0.296813
-1.45175
-1.49541
-1.51065
0.210593
0.237156
0.25946
-2.12054
-2.1942
-2.2291
1.04135
1.07486
0.700481
0.697899
0.717471
0.713324
0.494131
1.27284
1.25172
1.2176
-0.940201
1.17331
1.17784
1.17402
-0.107972
-0.136638
-0.149999
0.628732
0.637052
0.640921
0.42002
0.440926
0.447765
-0.027314
-0.0364157
-0.0362627
-0.00425816
-0.0117939
-0.0208687
0.00951059
-0.00816212
-0.0107336
0.297152
0.289926
0.284332
-0.0923991
-0.106477
-0.110718
0.21118
0.200549
0.197985
0.271988
0.25894
0.256246
-1.08429
-1.10295
-1.09752
-0.128512
-0.124335
-0.12427
-2.14428
-2.19309
-2.18725
0.123765
0.134093
0.137989
-2.38015
-2.45872
-2.46426
0.0990506
0.110715
0.115057
-2.20788
-2.27046
-2.26625
0.0998909
0.116341
0.119344
-1.74906
-1.81733
-1.82858
-0.0845769
-0.083808
-0.0857326
-0.859657
-0.88998
-0.893672
-1.15354
-1.1483
-1.13635
0.476296
0.466439
0.46211
-1.14187
-1.1443
-1.1384
0.474978
0.466853
0.461324
0.262594
0.266933
0.268395
0.484436
0.443504
0.420431
0.925848
0.892451
0.855012
0.475899
0.452388
0.440718
1.71673
1.67889
1.63927
0.289639
0.283723
0.278797
-0.0952669
-0.098858
-0.0963096
0.338033
0.332684
0.331336
-0.1328
-0.144676
-0.145059
0.287498
0.274046
0.271315
-0.332101
-0.325083
-0.320642
0.189887
0.190204
0.189268
0.161486
0.16053
0.160256
0.0961503
0.094377
0.0922765
0.0517903
0.0490082
0.0466007
0.352848
0.350492
0.346856
0.141511
0.150648
0.152376
0.166197
0.166311
0.165428
0.148313
0.146474
0.144326
0.0911636
0.0894839
0.0873402
0.0412143
0.0377541
0.0351011
0.0717467
0.0702557
0.0682402
0.0249334
0.0218757
0.0196547
0.107684
0.105282
0.103125
0.0648396
0.0611438
0.0584563
0.0689409
0.0675463
0.0655837
0.0241496
0.021266
0.0192421
0.0689719
0.0676725
0.0657898
0.0278866
0.0256356
0.0241929
0.0608704
0.0574441
0.0548349
0.0844418
0.0827257
0.0805876
0.0763431
0.074785
0.0727216
0.042255
0.0393679
0.0372001
0.170932
0.170044
0.169953
0.175457
0.174363
0.174888
0.0539876
0.0513271
0.0489198
0.0418351
0.0385755
0.03585
0.150503
0.150997
0.148724
0.193779
0.196976
0.19864
0.0381421
0.0360115
0.033828
0.0467737
0.0451517
0.0440935
0.197069
0.200472
0.202002
0.0534366
0.0520088
0.0509218
0.073493
0.082539
0.0574845
-0.115751
-0.116149
-0.11913
-0.0400461
-0.043752
-0.0452339
0.0407934
0.0373338
0.0346526
0.0283454
0.0244316
0.0214461
0.0211655
0.0181117
0.0158542
0.00467721
0.00117475
-0.00138861
0.028365
0.0254084
0.0230553
0.0365312
0.0346193
0.0333265
0.00707208
0.00439857
0.00246264
0.00786478
0.00626603
0.00514682
0.0423605
0.040623
0.0393416
0.00964701
0.00813088
0.00699151
-0.0869147
-0.0914632
-0.0948669
-0.067759
-0.0737223
-0.0772342
-0.0498554
-0.0536778
-0.0556839
0.0203061
0.0173941
0.015323
0.00532626
0.00187486
-0.000554151
0.024036
0.0217561
0.0202711
0.00987825
0.0070913
0.0052015
0.00800501
0.00534424
0.00352043
0.00909334
0.00735076
0.00622884
0.013098
0.0109989
0.00966654
0.0114063
0.0101514
0.00935018
0.00904841
0.00738193
0.00625589
0.0104187
0.00915665
0.00829074
-0.0580768
-0.0637807
-0.0670672
-0.00959544
-0.0136841
-0.0160559
0.0697151
0.0684975
0.0666524
0.0299401
0.0278562
0.0265971
0.0743307
0.0731539
0.0713474
0.0368592
0.0353521
0.0345177
0.0264417
0.0243119
0.0230182
0.0132007
0.0105536
0.00882817
0.0333584
0.0318345
0.0309745
0.020091
0.0180362
0.0167577
0.0165778
0.014562
0.0133626
0.0158287
0.0145019
0.0137449
0.0230766
0.0216343
0.0208485
0.0208932
0.0201084
0.0196661
0.0144364
0.0130555
0.012213
0.0188109
0.0179415
0.0173924
0.0109119
0.00752727
0.00575624
0.0445475
0.0425066
0.0418301
0.0752039
0.074103
0.0723256
0.0387189
0.0373604
0.0366449
0.0794557
0.0783614
0.0765978
0.0433579
0.0423954
0.041972
0.0355684
0.0341761
0.0334385
0.023111
0.0211395
0.0199623
0.0399805
0.0390213
0.0385972
0.02788
0.0263681
0.0254979
0.0260231
0.0246435
0.0239437
0.0246691
0.0238024
0.0233918
0.0306068
0.0296647
0.029253
0.0287387
0.0282715
0.0280838
0.0224514
0.0214782
0.0209564
0.0265662
0.0260057
0.0257046
0.0522532
0.0503976
0.0499765
0.0803341
0.0793054
0.0775638
0.0449389
0.0440387
0.0436724
0.0419203
0.0410427
0.0406893
0.0307409
0.0293075
0.028488
0.0969831
0.0982767
0.0997446
0.0778326
0.0792157
0.0801354
-0.355501
-0.422844
-0.411038
0.0849231
0.0866147
0.0880283
-0.548826
-0.60698
-0.594111
-0.0916723
-0.0879363
-0.0863451
0.0396083
0.0448426
0.04507
0.0659091
0.0689379
0.0675079
-0.0783631
-0.0730212
-0.0699131
-0.186481
-0.183718
-0.18094
-0.268567
-0.268236
-0.265692
-2.6614
-2.39789
0.185909
0.0452281
0.13567
0.011403
-3.09758
-0.0819783
-0.0767283
-0.0742053
-0.144626
-0.133776
-0.12776
-0.179692
-0.174031
-0.169164
0.458065
0.462602
0.459472
0.39628
0.402171
0.401863
0.543915
0.535169
0.525176
1.32417
0.120407
0.0925354
0.440624
0.431547
2.2881
1.17187
1.0709
1.139
2.04493
2.5153
2.79716
1.48432
1.64688
2.34789
0.435286
0.453897
0.45853
0.393426
0.431491
0.446817
0.285624
0.29449
0.295374
0.427915
0.434712
0.428904
0.222119
0.234243
0.237611
0.485493
0.498303
0.496476
0.286047
0.296885
0.300394
0.561477
0.599673
0.611699
0.315168
0.324206
0.328109
0.125354
0.0683568
0.0266776
0.242316
0.254841
0.257661
0.415972
0.437292
0.442583
0.273421
0.282758
0.285162
0.292008
0.300394
0.301746
0.168659
0.177815
0.180492
-0.00730022
0.0110795
-2.20024
-0.538138
-0.598837
-3.08752
-0.0310955
-0.136399
-2.81611
-2.98236
-3.22985
-0.132361
-0.113124
-0.104661
-0.162207
-0.161845
-0.165409
0.0814171
0.0832212
0.0837475
-0.0708678
-0.0732192
-0.0749644
0.155486
0.160504
0.16202
-0.189115
-0.187745
-0.185744
0.147693
0.153823
0.156036
-0.191189
-0.190078
-0.188356
0.132165
0.13771
0.139694
-0.203592
-0.203046
-0.201838
0.057955
0.0639694
0.0663768
-0.262626
-0.26223
-0.260586
0.0178847
0.0225836
0.0248466
0.148716
0.152253
0.151938
-0.0684121
-0.0662807
-0.0650303
0.0794215
0.0808788
0.0808587
-0.0715398
-0.0682313
-0.0670499
0.191182
0.191071
0.191549
0.068159
0.0613596
0.059171
0.0521309
0.0484809
0.0462383
0.0677076
0.0649611
0.062737
0.0581469
0.0549195
0.0524965
0.031907
0.0284446
0.0258706
0.0268171
0.0235866
0.0211983
0.0389486
0.0360568
0.0340007
0.0395847
0.0368822
0.0348384
0.0682003
0.066827
0.0648901
0.0368714
0.0341633
0.032278
0.024451
0.0217681
0.0199437
0.0678319
0.066532
0.064635
0.0400575
0.03764
0.0358355
0.0258293
0.0233575
0.021726
0.0384638
0.0362693
0.0348687
0.187993
0.194048
0.196426
0.0873135
0.0836095
0.0830886
0.0987496
0.0952932
0.0948543
0.278312
0.283589
0.284589
0.0815965
0.0782507
0.0774934
0.0830912
0.0790544
0.0772386
-0.0921158
-0.102355
-0.124017
0.188315
0.189625
0.160397
0.19389
0.203614
0.177721
-0.157355
-0.156365
-0.172405
-0.237036
-0.236074
-0.25202
0.0737348
0.073603
0.0745134
-0.0316563
-0.0371445
-0.038494
-0.0180888
-0.0219715
-0.0221964
0.0323932
0.0302222
0.0286205
0.0188489
0.016301
0.0147049
0.0204238
0.0177427
0.0160313
0.0141496
0.0105837
0.00797085
-0.00838263
-0.0108701
-0.0124906
-0.00243553
-0.00567841
-0.00806172
-0.0859034
-0.0939548
-0.0997757
-0.0201701
-0.0284897
-0.0323465
-0.0954617
-0.0976727
-0.0986417
-0.113327
-0.130913
-0.139386
-0.0513648
-0.0556228
-0.0572826
-0.00996602
-0.00829411
-0.00564749
-0.0809051
-0.0841243
-0.0855371
-0.0850665
-0.0890051
-0.090978
-0.0911641
-0.0941453
-0.0953524
-0.00265872
-0.00456201
-0.00590388
-0.000337046
-0.00248526
-0.00380991
0.00126336
-0.000962529
-0.00231456
-0.0228
-0.0256336
-0.0275112
-0.0228432
-0.0246097
-0.025742
-0.0227293
-0.0250653
-0.0267183
-0.0757345
-0.0837961
-0.0893956
-0.00361827
-0.00801478
-0.0111892
-0.0399524
-0.0435116
-0.0445439
-0.0742759
-0.0890774
-0.0967965
-0.0212857
-0.0227866
-0.0232126
-0.100367
-0.102544
-0.103324
-0.0930195
-0.0957255
-0.0969228
-0.0969529
-0.0988563
-0.0994825
0.00389071
0.00255624
0.00169006
0.00842292
0.00676045
0.00584424
0.0111201
0.00946205
0.00854968
-0.00220801
-0.00439709
-0.00574407
-0.000476474
-0.00179676
-0.00256474
0.0017751
8.30205e-05
-0.0010458
-0.0205717
-0.0270697
-0.0316627
0.0591585
0.0593865
0.0591243
0.0307243
0.0302407
0.0308749
-0.00718719
-0.0175292
-0.0229863
0.0501245
0.0512268
0.0523041
0.00836421
0.013319
0.0174315
-0.0837668
-0.0851773
-0.0855148
-0.0750298
-0.076656
-0.0771547
-0.0783619
-0.0796897
-0.0799743
0.0159335
0.0151382
0.0146506
0.0192821
0.0180841
0.0175228
0.0224008
0.0212702
0.0207606
0.0181232
0.0165384
0.0156331
0.0170258
0.0160972
0.0156074
0.0192985
0.0181264
0.0173778
0.0115065
0.00665825
0.00340094
0.0800956
0.0824905
0.0841828
0.0726071
0.0734764
0.0751684
0.0276587
0.020766
0.0178066
0.0809525
0.0831142
0.0849977
0.0590501
0.0584289
0.058057
0.0534011
0.0531461
0.0529104
0.0445049
0.044204
0.0438602
0.0137436
0.0101627
0.00804984
0.0759374
0.0809526
0.0844739
0.11019
0.113447
0.115938
0.0537918
0.0510839
0.0496675
0.0805078
0.0848422
0.0878689
0.0866068
0.0933645
0.0982123
0.160584
0.160045
0.160374
0.0738051
0.0669839
0.0648509
0.166448
0.164819
0.165047
0.0686687
0.0618229
0.0598811
0.05705
0.0534497
0.0512174
0.0446042
0.0419665
0.0396148
0.0464607
0.0423322
0.0398523
0.0431701
0.0400432
0.0374042
0.178958
0.180369
0.181171
0.0542865
0.0489363
0.0459824
0.194459
0.19678
0.198162
0.0943966
0.0920738
0.0921644
0.036665
0.0339448
0.0316349
0.0475807
0.0458454
0.0442176
0.0549814
0.0525993
0.0518304
0.0511228
0.0490444
0.0472976
0.181604
0.185033
0.186679
0.101033
0.0989993
0.0991192
0.177481
0.179243
0.181795
0.0623478
0.0601474
0.0592661
0.0498277
0.0483841
0.0474106
-0.109811
-0.120043
-0.132146
0.197356
0.203615
0.179994
-0.158304
-0.161221
-0.175728
-0.090904
-0.0958177
-0.10562
-0.112559
-0.118465
-0.124501
-0.218474
-0.222331
-0.238378
-0.175117
-0.177497
-0.184139
-0.181835
-0.191347
-0.201708
-0.121621
-0.117628
-0.11753
-0.181925
-0.180697
-0.184918
-0.0748557
-0.072429
-0.0736421
-0.160597
-0.180841
-0.197322
0.187055
0.20686
0.21523
0.100669
0.0940988
0.0874272
0.0336729
0.0347069
0.0334482
-0.00497456
-0.00365842
-0.00111234
-0.00145367
0.00755338
0.0121146
-0.0830019
-0.0950918
-0.104849
0.029391
0.0259367
0.0233305
0.0325588
0.0291269
0.0264924
0.0302678
0.0264622
0.0235487
0.0149514
0.0110463
0.00814407
0.0237357
0.0204673
0.0180349
0.0133009
0.0103732
0.0081916
0.00859066
0.00482212
0.00206253
0.0089123
0.00561023
0.00316055
0.0359352
0.0335169
0.0316571
0.0163161
0.0133033
0.0110425
0.0391056
0.0365609
0.034637
0.0211904
0.0193444
0.0180632
0.0104963
0.00758342
0.00546416
0.0113884
0.00932903
0.00785303
0.0142911
0.0124085
0.0111522
0.0114119
0.00930343
0.00777522
0.0405352
0.0388886
0.03774
0.0259125
0.0241902
0.0229187
0.0399943
0.0382023
0.0372918
0.0172747
0.0154774
0.0142209
0.010279
0.00879398
0.00778286
0.00930438
0.00793217
0.00705002
-0.064212
-0.0712765
-0.0754714
-0.0753436
-0.079471
-0.08343
-0.0671428
-0.0731996
-0.077413
-0.0880065
-0.0962861
-0.102037
-0.0648225
-0.0724041
-0.0766461
-0.0724791
-0.0786249
-0.082355
-0.0686238
-0.0750181
-0.0787064
-0.0848321
-0.101229
-0.10927
-0.0191228
-0.0261481
-0.0302633
-0.112658
-0.134414
-0.147373
-0.018445
-0.00972258
-0.00511783
-0.103031
-0.115319
-0.125037
-0.0931396
-0.0970829
-0.100572
-0.0461186
-0.0364959
-0.0312971
-0.130422
-0.142463
-0.151861
0.0202158
0.0175182
0.0156504
0.0137121
0.0108596
0.00883626
0.00955248
0.00631338
0.00401243
0.00533845
0.00214754
-9.07293e-05
0.021996
0.019478
0.0177957
0.0186587
0.0164806
0.0150563
0.00807173
0.00499724
0.00290655
0.0142257
0.0116692
0.00996194
0.0122573
0.0102055
0.00883536
0.00830948
0.00586142
0.00420741
0.0121514
0.0100305
0.00859646
0.0075729
0.00611515
0.00513853
0.0111928
0.00883816
0.00731981
0.0165927
0.0151751
0.0143037
0.0109177
0.0093694
0.0084273
0.0148943
0.0134331
0.0125161
0.00909982
0.00755775
0.0065802
0.00734346
0.00591044
0.00488888
0.00616619
0.00486023
0.00403223
0.010556
0.00899078
0.00798546
0.0114079
0.0101891
0.00944598
-0.0513865
-0.0583939
-0.0623206
-0.0581297
-0.0646217
-0.0684943
-0.0477412
-0.0537138
-0.0572921
-0.0620783
-0.0699233
-0.0753444
-0.0361496
-0.0428342
-0.0465633
-0.0308909
-0.0364812
-0.0397691
-0.0460576
-0.0509929
-0.0538937
-0.0271685
-0.0319352
-0.0344174
-0.0396344
-0.0522289
-0.0589874
-0.00620094
-0.00810285
-0.00844355
0.0323804
0.0303925
0.028682
-0.0734265
-0.091253
-0.101779
-0.0450754
-0.0354516
-0.0301251
-0.130794
-0.142503
-0.151783
-0.0280235
-0.0175174
-0.0116273
-0.116609
-0.127301
-0.136272
0.0408452
0.0385909
0.0368692
0.0716338
0.0703975
0.0685571
0.039563
0.0375847
0.0362927
0.0325929
0.0306859
0.0295371
0.0724225
0.0712745
0.06947
0.0459169
0.0438447
0.0422565
0.0347776
0.0331064
0.032137
0.045456
0.0438655
0.0429062
0.0219599
0.019881
0.0186382
0.0284787
0.0265641
0.0253831
0.0174874
0.0150352
0.0135166
0.01491
0.0125058
0.0109441
0.0312841
0.029584
0.0285794
0.028857
0.0274598
0.0266714
0.0183741
0.0161122
0.0146973
0.0243193
0.0225323
0.0214492
0.0203873
0.0190251
0.0183011
0.0181482
0.016369
0.0153197
0.0186494
0.0172053
0.0164063
0.0164914
0.0154692
0.0148677
0.0214396
0.0197792
0.0188542
0.0265906
0.025892
0.0255835
0.020425
0.0193396
0.0187566
0.024358
0.0235801
0.0231936
0.014709
0.0134849
0.0127914
0.0147644
0.0136931
0.0129896
0.0184977
0.0173301
0.016653
0.0204177
0.0195706
0.0191285
0.0100395
0.00852062
0.00825246
0.00890334
0.00377135
0.00101093
0.00315285
-0.00152093
-0.00422215
-0.00808652
-0.0141316
-0.0183532
0.0215639
0.0166953
0.0142506
0.0398065
0.0368348
0.0354574
0.0310689
0.0276389
0.0258921
0.0243815
0.0215844
0.0202431
0.0372199
0.0346667
0.0336655
0.0162026
0.0080758
0.00417652
0.0699433
0.0716857
0.073274
0.0735496
0.0750341
0.0759276
0.0102056
0.00903975
0.00837921
-0.0198356
-0.00921067
-0.00318911
-0.110616
-0.121055
-0.129942
-0.0027293
0.00861757
0.0150637
-0.0954789
-0.10547
-0.114163
0.0467548
0.0448202
0.0432931
0.0770271
0.0758943
0.0741124
0.0466579
0.0452351
0.0443743
0.0404534
0.0392377
0.0386325
0.0776612
0.0766033
0.0748481
0.0512134
0.0493616
0.0479152
0.0418642
0.0407777
0.0402651
0.0512842
0.0500966
0.0494263
0.031568
0.0302656
0.0295943
0.0370284
0.0358099
0.0351956
0.0271617
0.0254518
0.0244724
0.0244133
0.0226522
0.021598
0.0386943
0.0375921
0.0370717
0.0362448
0.0354006
0.0350731
0.0266019
0.0249304
0.023962
0.031634
0.0304037
0.0297475
0.029726
0.0290623
0.0288403
0.0272288
0.0260562
0.0254789
0.0275183
0.0267694
0.0264645
0.0250504
0.0244428
0.0241454
0.0294224
0.0283134
0.0278058
0.0342882
0.0340779
0.0341549
0.0281581
0.0275021
0.0272366
0.0317924
0.031469
0.0314415
0.0233593
0.0225102
0.0220937
0.0227387
0.0220338
0.0216131
0.0259039
0.0251409
0.0247492
0.0284754
0.0279352
0.027708
0.0244177
0.0239463
0.0236198
0.0420303
0.0382703
0.0366481
0.0555051
0.0540568
0.0538678
0.052128
0.0503913
0.0489825
0.082215
0.0811441
0.0793925
0.0523816
0.0513035
0.0506855
0.0468363
0.0460627
0.0457574
0.0389449
0.0381327
0.0378544
0.0435512
0.042774
0.0424731
0.0343978
0.0331831
0.0325623
0.0321208
0.0308464
0.0301084
0.127635
0.131547
0.134116
0.117662
0.12286
0.126074
0.0934188
0.100205
0.105146
0.0602509
0.0731641
0.0805749
-0.0347759
-0.0438988
-0.0522815
0.0355625
0.0337939
0.0332008
0.0136251
0.0184369
0.0163872
0.00951378
0.0167083
0.0174533
-0.549292
-0.603599
-0.59219
0.042903
0.0440221
0.0455148
0.0304446
0.0391641
0.0409021
0.154872
0.172557
0.184938
-0.42654
-0.482617
-0.464439
0.0976089
0.0964658
0.0931066
0.132865
0.140495
0.141726
0.0895235
0.0844093
0.0768247
0.0570684
0.069721
0.0769621
-0.0351555
-0.0441498
-0.0524584
-0.018056
-0.0205867
-0.0237584
0.000781572
0.0156545
0.0231371
-0.0597104
-0.0651058
-0.0717817
2.59159
2.73864
-0.246952
-0.30224
2.82564
2.90702
2.8692
2.92312
4.52237
4.07332
1.55618
1.71341
0.737038
0.745612
0.743553
0.925886
0.937619
0.916849
0.29388
0.311167
0.320675
0.825187
0.845891
0.859236
-0.134449
-0.171475
-0.175675
0.194917
0.173623
0.166426
0.314719
0.296332
0.280654
0.446247
0.433574
0.428208
0.45613
0.460648
0.460314
0.242599
0.251071
0.253901
0.426147
0.419266
0.417973
0.238533
0.242056
0.243374
1.74542
1.79029
0.720737
0.738583
0.732524
2.97077
3.19455
5.09602
4.39205
2.41608
2.44092
2.8924
4.16878
0.900836
0.91713
0.926684
0.923517
0.941859
0.953461
0.319436
0.29532
0.287169
0.104649
-0.00471867
-0.0505537
0.688978
0.695766
0.696992
0.551849
0.554209
0.557
1.38264
1.51416
1.55745
0.441831
0.432538
0.428041
0.474543
0.47078
0.465464
0.434001
0.431343
0.429526
0.458029
0.456011
0.448232
0.230898
0.235737
0.23913
-0.0174712
-0.0526679
0.47913
0.479554
0.47199
0.152732
0.160837
0.130565
0.190199
0.207359
0.214184
-0.0112124
-0.0144897
-0.0177323
-0.0500354
-0.0532471
-0.0547914
-0.0367673
-0.042485
-0.046146
-0.0483515
-0.0518004
-0.0536557
-0.0259124
-0.0218666
-0.0182272
-0.00824567
-0.0101467
-0.0107818
0.003877
0.000111115
-0.00239053
0.0407572
0.0390406
0.0379635
0.091394
0.0931446
0.094066
0.29871
0.146398
0.383778
0.27632
-0.188715
-0.167236
-0.157059
0.445411
0.437728
0.919464
1.10955
0.81076
0.897669
0.490841
0.53281
0.576075
0.782356
0.155471
0.172108
0.177558
0.0974103
0.105351
0.10551
0.161086
0.168147
0.17007
-0.0892599
-0.0829277
-0.0859727
0.110762
0.13015
0.134225
0.287944
0.302644
0.30609
0.213696
0.219264
0.223251
0.253121
0.266473
0.270422
0.271544
0.284995
0.287983
-2.21412
1.41281
1.55364
1.75687
0.434697
0.378698
0.847799
0.915736
1.46491
1.44687
0.142421
0.151328
0.180262
0.0462799
0.870802
0.871217
0.861509
-0.103512
-0.0985392
-0.0965643
-0.149899
-0.145229
-0.14456
-0.344641
-0.359239
-0.358378
0.158006
0.126016
0.110269
-0.0411875
-0.0308868
-0.0257696
1.18027
1.15177
1.11725
-0.0441998
0.872705
0.799449
-1.95421
-1.85789
0.300505
-0.165277
-0.208626
0.112665
0.0731893
0.0529577
-0.47808
-0.609304
-0.674547
1.08112
1.26248
1.36429
1.17699
1.16942
1.16599
-0.624826
-0.607719
-0.602249
-0.49828
-0.466475
-0.454432
0.737241
0.724569
0.701583
1.04302
1.04487
1.04208
2.06158
2.10823
2.1348
1.03481
1.05437
1.04799
-4.89856
-3.31848
0.111659
0.150017
0.482715
0.4885
0.489696
0.00388702
-0.0269121
-0.0211607
-0.0894958
-0.086602
-0.0851781
-0.0319217
-0.0275534
-0.025503
-0.428137
-0.44418
-0.444301
0.775819
0.718604
0.713913
-0.605076
-0.698137
-0.22353
-0.254483
-1.44516
-0.135384
-0.182621
-0.198572
1.51384
1.64921
0.870545
0.840634
0.821052
-0.514448
-0.533079
-0.535638
-0.528046
-0.560342
-0.569401
0.488236
0.489358
0.492641
1.25998
1.2706
1.26173
1.21056
1.21839
1.20527
0.601709
0.559441
0.533729
2.23878
2.21021
2.1661
0.638158
0.591866
0.564131
2.06607
2.03754
1.99364
0.984582
0.990059
0.975067
0.600109
0.559488
0.532929
2.13162
2.09968
2.05487
0.62835
0.585168
0.557429
2.10417
2.07173
2.02669
0.56085
0.51758
0.489613
1.94007
1.905
1.85997
0.518784
0.47757
0.450699
1.9719
1.93841
1.89424
0.847261
0.842317
0.821804
0.444544
0.391522
0.361582
1.98979
1.94122
1.89217
0.583587
0.528817
0.497301
1.74166
1.69799
1.652
0.405511
0.357365
0.328065
1.80235
1.76267
1.71682
0.44873
0.396455
0.366097
1.74601
1.7029
1.65544
0.967064
0.978739
0.969278
0.975756
0.952882
0.937586
2.45584
2.45887
2.43284
0.923336
0.893341
0.875465
2.62286
2.63511
2.61364
0.632253
0.58802
0.563463
1.89068
1.86708
1.83142
0.431637
0.396059
0.373908
2.16992
2.14432
2.10787
0.948027
0.957105
0.946049
0.0402989
0.0106532
-0.00165607
1.51309
1.4934
1.46861
0.180706
0.144808
0.129313
1.22282
1.20924
1.18582
1.08327
1.08428
1.08247
0.979682
0.96913
0.963472
-0.502119
-0.485678
-0.477513
1.20664
1.22455
1.21386
1.18808
1.20487
1.19328
-0.502077
-0.489488
-0.483665
-0.479135
-0.46672
-0.46078
1.22521
1.24606
1.23914
-0.404123
-0.391729
-0.385148
1.07818
1.08659
1.07916
0.590859
0.584799
0.578837
1.04728
1.06245
1.06024
1.61505
1.60727
1.59058
0.355546
0.34005
0.33411
0.382716
0.358618
0.3484
-1.20343
-1.25845
-1.27652
0.190063
0.203785
0.213946
2.26904
3.93915
2.20196
2.3511
4.31566
1.64049
2.28608
2.40238
2.31413
2.3409
3.59119
3.66578
5.22876
-0.245155
0.296349
0.300586
1.06732
0.999206
-0.537732
-0.528066
-0.511843
-0.492601
-0.432874
-0.385383
-0.445288
-0.610558
-0.697948
-1.03114
-1.02459
-1.00551
0.397176
0.366611
0.358071
-0.500115
-0.50508
-0.500796
-0.310545
-0.306094
-0.305452
1.04591
1.01499
0.996495
-1.27794
-1.29137
-1.28234
0.937451
0.878134
0.879877
0.382979
0.298196
0.0731026
0.0547026
0.892002
0.823042
-2.10278
1.59146
1.56045
1.43956
1.52972
1.56639
0.404764
0.394401
0.385435
-0.596812
-0.664224
-0.700185
-0.215954
-0.172894
-0.152992
0.0609163
0.0779152
0.087072
0.821956
0.791052
0.778376
0.362027
0.386716
0.411111
0.688605
0.687609
0.676786
-0.121512
-0.126412
-0.12448
-0.496514
-0.489857
-0.485817
-0.108551
-0.0983116
-0.096345
0.165783
0.180405
0.184484
0.094582
0.106142
0.110584
0.116445
0.130513
0.13433
-0.0503891
-0.0424006
-0.0380639
-0.488153
-0.483119
-0.474739
-1.03978
-1.04309
-1.03843
-0.935346
-0.937913
-0.933493
-1.1001
-1.11322
-1.10571
-1.0516
-1.06051
-1.05185
0.431675
0.422871
0.421095
0.436472
0.427003
0.424843
-1.04071
-1.05643
-1.05264
-0.0845125
-0.0775766
-0.074281
-0.0899364
-0.104549
-0.109961
0.396685
0.400398
0.402346
-0.408939
-0.410428
-0.405622
-0.114244
-0.120086
-0.117645
-0.321141
-0.29971
-0.288082
0.733726
0.730711
0.725315
-0.12722
-0.136338
-0.13611
0.00824104
-0.00558888
-0.00744141
0.304214
0.309281
0.309877
0.106065
0.10163
0.0995367
0.0694464
0.0649705
0.0624602
0.0540897
0.0507504
0.0482731
0.0465099
0.0434851
0.0411946
0.190865
0.198654
0.201594
0.0675443
0.0655353
0.0640047
0.0508343
0.0488353
0.0480773
0.225429
0.229379
0.230535
0.0535007
0.0516393
0.0504272
0.042727
0.0409922
0.0397924
0.137403
0.170566
0.162856
0.0146698
0.0126673
0.0112468
-0.0697345
-0.0709197
-0.0723168
0.00641864
0.00670399
0.00382273
0.283244
0.364291
0.347836
0.156062
0.193616
0.195208
-0.0431364
-0.047501
-0.0503162
0.0525994
0.056037
0.0567358
-0.0735972
-0.0785667
-0.0817007
-0.080079
-0.0842423
-0.0877623
-0.0630921
-0.0667608
-0.0688708
0.0912564
0.0983899
0.100573
-0.0775304
-0.0792063
-0.0792701
-0.0398912
-0.0382709
-0.0374826
0.0455832
0.043495
0.0419275
0.0145651
0.012348
0.0108522
0.0283608
0.0265607
0.025235
0.00249509
0.000206198
-0.0012706
-0.00623546
-0.00787055
-0.00898347
-0.0550879
-0.0585937
-0.0602048
-0.0251301
-0.0271565
-0.0284937
-0.0569632
-0.0605552
-0.0622027
-0.0394718
-0.0451377
-0.0488578
-0.0455428
-0.0499213
-0.0514311
-0.0711663
-0.0835098
-0.0899009
-0.0349581
-0.0407562
-0.045314
-0.0922401
-0.0973599
-0.100401
-0.0280509
-0.0244199
-0.0209957
-0.116349
-0.121141
-0.123643
-0.113363
-0.116861
-0.120255
-0.0958205
-0.0990022
-0.100525
-0.0815331
-0.0834861
-0.0837363
-0.0544579
-0.0536736
-0.0530411
-0.0733385
-0.0714943
-0.0700297
0.00841464
0.00665202
0.00533568
0.0124687
0.0106765
0.00957683
0.00766371
0.00666409
0.00598788
-0.00887316
-0.0104605
-0.0115008
0.00310325
0.00117691
5.29253e-05
-0.000358067
-0.00175366
-0.00257955
-0.0125362
-0.0141095
-0.0150505
-0.0202747
-0.022293
-0.0231254
-0.00894793
-0.0130111
-0.015861
-0.0618631
-0.0726732
-0.0792181
-0.0122321
-0.0143496
-0.0156422
0.0182426
0.0172796
0.014907
-0.120672
-0.124901
-0.127126
-0.115661
-0.118978
-0.122335
-0.00124704
0.00352864
0.007549
-0.108951
-0.112798
-0.114619
-0.103715
-0.107077
-0.110463
-0.0847617
-0.0868278
-0.0876251
-0.0695838
-0.0676228
-0.0659866
-0.0842624
-0.0847934
-0.0843608
-0.0557074
-0.0528875
-0.0506971
0.010715
0.00947775
0.00859614
0.00941838
0.00847928
0.00785563
0.0210909
0.0197877
0.0190896
0.0161524
0.0154494
0.0149685
0.00329032
0.00206907
0.00134548
0.0141422
0.0127162
0.0119786
0.0155503
0.0145749
0.0140609
0.00929666
0.00818818
0.00757481
0.0158548
0.0145185
0.0143963
0.0334556
0.0315084
0.0301471
-0.00594795
-0.00764952
-0.00865989
-0.000592643
-0.00570288
-0.00945937
0.0201407
0.0192108
0.0186523
0.0582095
0.0605638
0.0607811
-0.106716
-0.110004
-0.111645
-0.0997928
-0.102985
-0.106325
0.029784
0.0352309
0.0395688
-0.0913869
-0.0945475
-0.0959697
-0.0851174
-0.0881889
-0.0914785
-0.0782477
-0.0787459
-0.0782732
-0.0484637
-0.0455757
-0.0432629
0.019773
0.0189767
0.0184702
0.0179855
0.0173245
0.0168823
0.0295388
0.0286143
0.0282065
0.0180001
0.0171756
0.0167408
0.0219541
0.0207147
0.0206958
0.0310726
0.0286774
0.0272007
0.0695466
0.0695777
0.070085
0.0920902
0.0935231
0.0945326
0.114642
0.121645
0.124875
0.0678123
0.0677517
0.0677281
0.0788161
0.0825569
0.0841285
0.0240428
0.0248318
0.0247482
0.064926
0.0648251
0.0651641
-0.00642862
-0.00613578
-0.00634667
-0.416108
-0.47811
-0.46223
0.0668777
0.0684144
0.0692996
0.0778947
0.0795592
0.0804129
-0.211473
-0.27853
-0.261838
-0.363156
-0.419971
-0.397779
-0.0216851
-0.0238953
-0.0249857
-0.0209669
-0.0127325
-0.00637101
-0.00522617
-0.0034981
-0.0029189
-0.0176245
-0.0167705
-0.0181485
0.0992351
-0.0216471
-1.95381
-0.523769
-0.523731
-0.522039
3.73702
0.522709
0.654784
0.794384
0.866609
1.39138
1.54619
3.46942
0.987159
1.15427
1.90958
1.94729
1.99057
0.894481
0.859968
0.841838
0.862935
0.908624
0.9258
0.727043
0.805835
0.834119
0.31653
0.283121
0.268293
0.568725
0.592167
0.599873
0.572338
0.592367
0.596711
0.171323
0.183401
0.18853
0.44258
0.508577
0.532539
-0.350098
-0.438123
-0.47756
0.363608
0.37156
0.368218
0.399275
0.423683
0.428607
0.572943
0.59206
0.594018
0.671675
0.704816
0.714412
0.348616
0.355255
0.350875
0.508221
0.524732
0.526127
0.239832
0.245679
0.246573
0.415055
0.412969
0.412286
0.703479
0.702189
0.696252
0.674399
0.67452
0.670884
0.252406
0.265058
0.267815
0.575742
0.569528
0.561816
0.420123
0.4254
0.424818
0.225546
0.236704
0.23902
0.398438
0.399256
0.395672
-0.0529487
-0.177561
0.351003
0.173797
-1.83429
-1.27452
-1.27703
-0.188988
-0.176647
-0.167946
-0.121206
-0.103051
-0.0971401
-0.232984
-0.233383
-0.234694
0.0307226
0.043566
0.0471608
-0.179861
-0.175601
-0.172586
-0.155439
-0.172141
-0.179387
0.0807261
0.092325
0.0953052
-0.10538
-0.106398
-0.107278
-0.137643
-0.136584
-0.135242
-0.181429
-0.17843
-0.176512
-0.177611
-0.174877
-0.173224
-0.21481
-0.211475
-0.209312
-0.147656
-0.140633
-0.137077
0.097097
0.0987298
0.098078
0.00895077
0.013532
0.0142074
0.0262835
0.0308948
0.0307598
-0.140184
-0.136853
-0.134494
-0.0553203
-0.0520081
-0.0508333
-0.121563
-0.115739
-0.112781
0.0995772
0.0934445
0.0918621
0.0712047
0.0673149
0.0652021
0.0492557
0.0459048
0.0435154
0.0427174
0.0396514
0.0374299
0.0392996
0.0366637
0.0347015
0.0367565
0.0342066
0.0324817
0.038857
0.036388
0.0345281
0.0370642
0.0347376
0.0331822
0.00711789
0.0110783
-0.0187466
0.0392011
0.0335044
0.0147002
-0.0791401
-0.0777702
-0.0887845
0.0539741
0.0569923
0.0601433
0.0125482
0.0258435
0.0238163
-0.0860419
-0.0919163
-0.097539
-0.0229911
-0.0281465
-0.0318376
-0.0166824
-0.0142147
-0.0113311
-0.0840508
-0.0924247
-0.0981765
-0.0311786
-0.0363885
-0.0398561
-0.0200707
-0.0158055
-0.0120507
-0.0372296
-0.0402023
-0.0419215
-0.0338901
-0.041026
-0.0457715
0.0148439
0.0117331
0.00945137
0.0165221
0.0217032
0.0259184
0.00651902
0.00510284
0.00421483
0.00726067
0.00199239
-0.00155792
0.0446796
0.0433946
0.0426404
0.0485247
0.0458321
0.0436455
0.0609389
0.0617561
0.0629205
0.0839425
0.0904304
0.0952773
0.0625832
0.0560262
0.0541195
0.0654327
0.0583335
0.056277
0.0471489
0.0435889
0.0414332
0.0476115
0.0435521
0.0411184
0.0747338
0.069817
0.0685467
0.0881925
0.0831388
0.0820264
0.0503081
0.0477966
0.0462833
0.0569099
0.0536703
0.0519315
0.0994994
0.0979395
0.0982553
0.109474
0.108866
0.109867
0.10767
0.104768
0.10446
0.0584964
0.0563086
0.0555915
0.0628702
0.0603424
0.0600541
0.0786802
0.0755808
0.0739704
0.196999
0.200706
0.202004
0.117883
0.116745
0.11667
0.101926
0.0997058
0.099595
0.0630889
0.0602271
0.0591076
0.054156
0.0521801
0.0507176
0.0644168
0.0615165
0.0601413
0.0605064
0.0578311
0.0568386
0.0401378
0.0382601
0.0371058
0.0535094
0.0507113
0.0497667
0.282705
0.35234
0.338731
-7.3174e-05
0.0131854
0.0113248
0.027788
0.0243029
0.0228715
0.0189609
0.0156501
0.0131434
0.0248519
0.0192783
0.0165548
-0.097492
-0.0997452
-0.104509
-0.0347973
-0.037595
-0.0398338
-0.04438
-0.0470933
-0.0504973
0.190421
0.193613
0.179957
0.0290584
0.0285114
0.0218759
-0.0892152
-0.0921219
-0.0976229
-0.0824686
-0.0838097
-0.0865887
-0.0926787
-0.0931443
-0.0969338
-0.138219
-0.142313
-0.149916
0.0374917
0.0268922
-0.00702258
-0.0857658
-0.0781383
-0.0847781
-0.0790621
-0.0921413
-0.106906
0.0191889
0.0332646
0.0400873
-0.0958305
-0.111727
-0.120297
-0.0360869
-0.0405815
-0.0440423
0.061752
0.0737782
0.0804323
-0.0195509
-0.0306256
-0.0382442
-0.0373909
-0.0406866
-0.043541
-0.041886
-0.0486169
-0.0510239
0.0112712
0.0107961
0.0131377
0.02371
0.0322372
0.0368884
-0.0598226
-0.0726131
-0.0821826
-0.0707032
-0.0751646
-0.0785032
-0.0668501
-0.0732232
-0.076512
0.0109814
0.0149468
0.0158673
-0.0576686
-0.0603135
-0.0602838
-0.0584854
-0.0633496
-0.0654559
-0.0688214
-0.0720851
-0.0735269
-0.0605199
-0.0648339
-0.0660342
0.00261481
0.00196019
0.00284898
-0.0834431
-0.0857994
-0.0858741
-0.0299228
-0.0295642
-0.0291554
0.0211283
0.0177713
0.0152282
0.0178477
0.0141104
0.011288
0.0160041
0.012808
0.0104337
0.0123072
0.00871071
0.00605416
0.0220537
0.0196539
0.0178696
0.0239351
0.0214626
0.0196225
0.0156152
0.0132867
0.0116276
0.0169277
0.0145164
0.0127947
0.0260765
0.024376
0.0232286
0.0265175
0.0248311
0.0238747
0.0320338
0.0295726
0.0279306
0.0171016
0.0154122
0.0143008
0.0156723
0.0141329
0.0132024
0.0175449
0.015634
0.0141873
0.0216683
0.019881
0.0186622
0.0135457
0.0116676
0.0103622
0.00961498
0.00742324
0.00612548
0.00442413
0.00252872
0.00112063
0.00314142
0.000751555
-0.000777486
0.00574603
0.00369692
0.00219339
0.000514446
-0.00121108
-0.00240508
-0.00749739
-0.0094007
-0.0105127
-0.00457968
-0.00622601
-0.00732201
-0.026385
-0.0296954
-0.0315754
-0.0539016
-0.0581793
-0.0600485
-0.0311833
-0.0343227
-0.0361198
-0.0187378
-0.0209813
-0.0224535
-0.0239703
-0.0266082
-0.0285442
-0.0128422
-0.0160976
-0.0183359
-0.0557979
-0.0602748
-0.0621022
-0.0403901
-0.0429398
-0.0445593
-0.0339804
-0.0372038
-0.0390161
-0.0676912
-0.0726647
-0.0763392
-0.0322724
-0.037945
-0.0417581
-0.0902109
-0.098475
-0.104208
-0.0670213
-0.0745401
-0.0787277
-0.0666898
-0.0731291
-0.0771151
-0.0660302
-0.0724244
-0.0765343
-0.0432695
-0.0468299
-0.048095
-0.0560348
-0.0610236
-0.0624667
0.0326838
0.0368275
0.0406229
-0.110721
-0.133781
-0.147635
-0.0352648
-0.0420468
-0.0463773
-0.0445128
-0.0490848
-0.0509551
-0.0715997
-0.0837604
-0.0906688
-0.0521888
-0.056248
-0.0581316
0.0258557
0.0311768
0.0346783
-0.030951
-0.0217019
-0.0168174
-0.115577
-0.127945
-0.137593
-0.100681
-0.104637
-0.10813
-0.101628
-0.106943
-0.109909
-0.0244769
-0.0213867
-0.01824
-0.0404154
-0.031135
-0.0261229
-0.125697
-0.137905
-0.147423
-0.11039
-0.113894
-0.117272
-0.113489
-0.118235
-0.120873
-0.0908408
-0.092377
-0.0924392
-0.0947138
-0.0979027
-0.0995444
-0.100948
-0.103283
-0.104142
-0.0987435
-0.101379
-0.102376
-0.0980522
-0.0991546
-0.0990272
-0.0663856
-0.0651897
-0.0642349
-0.0955552
-0.0968916
-0.0968641
-0.0706395
-0.0692021
-0.0679985
0.0138851
0.0112988
0.00949146
0.00953345
0.00657169
0.00448781
0.0166479
0.0141807
0.0125442
0.0124269
0.00957019
0.00764846
0.0120238
0.0102371
0.00905499
0.0110975
0.00926291
0.00802809
0.0150276
0.0133039
0.0122432
0.0140454
0.0122573
0.0111408
0.00778898
0.00644258
0.00557291
0.00528976
0.00412341
0.00334831
0.0103532
0.00831352
0.00699609
0.0101431
0.00875524
0.00791964
0.00591785
0.00480078
0.00407323
0.00774491
0.00619841
0.00508801
-0.0124187
-0.0138709
-0.0148063
-0.00714505
-0.00870263
-0.00968566
-0.00851653
-0.0102349
-0.0111824
-0.00339011
-0.0049765
-0.00607999
0.00491763
0.00298448
0.00186815
-0.00169157
-0.00331293
-0.00442185
-0.00485756
-0.00629371
-0.00718864
-0.0025944
-0.00409611
-0.00486113
-0.00928977
-0.0105147
-0.0112715
-0.0356442
-0.0383917
-0.0400229
-0.0434627
-0.0461668
-0.0473011
-0.0332992
-0.0355031
-0.0369387
-0.0175086
-0.0192324
-0.0202871
-0.011176
-0.0132123
-0.0145861
-0.014562
-0.0170867
-0.0186926
-0.0312658
-0.0337934
-0.0349773
-0.0157461
-0.0176176
-0.0187921
-0.0218801
-0.0242647
-0.0256821
-0.0599743
-0.0675237
-0.0716925
-0.0200387
-0.0248331
-0.0280954
-0.0491976
-0.0566074
-0.0617216
-0.0223583
-0.0285614
-0.0317833
-0.0149533
-0.020077
-0.0228836
0.018357
0.0185459
0.0189092
0.0410049
0.0473196
0.0507307
-0.108787
-0.129491
-0.141562
-0.0152633
-0.0189047
-0.0225906
-0.0325412
-0.0408229
-0.0461659
-0.0278573
-0.0304489
-0.0319468
0.0797827
0.0886141
0.0937849
-0.0419364
-0.0319674
-0.0264329
-0.127515
-0.138838
-0.148
-0.112144
-0.115579
-0.118979
-0.116537
-0.120819
-0.122943
-0.010564
-0.00604323
-0.0021417
-0.0349706
-0.0248862
-0.0191883
-0.123049
-0.134013
-0.143064
-0.110009
-0.113271
-0.116628
-0.116047
-0.119751
-0.121635
-0.0956981
-0.0967494
-0.0965676
-0.0918316
-0.0938031
-0.0946906
-0.0881783
-0.08981
-0.0902466
-0.0938169
-0.0955439
-0.096053
-0.0883749
-0.0891179
-0.088779
-0.0934849
-0.09428
-0.0939872
-0.0663103
-0.0639461
-0.0620748
-0.0600777
-0.0576094
-0.0555925
0.0431012
0.0408583
0.0391706
0.0420626
0.0402104
0.0390434
0.0438635
0.041786
0.0401696
0.0433459
0.0416826
0.0406401
0.0238212
0.0220081
0.0208934
0.0193292
0.0171426
0.0157377
0.0270635
0.0254458
0.0245001
0.0227452
0.0207199
0.0194752
0.0217593
0.0206856
0.020082
0.0198844
0.0187445
0.0180771
0.0252258
0.0242922
0.0238346
0.0233745
0.0223458
0.0218136
0.0161638
0.0151286
0.0145369
0.0119224
0.0110825
0.0105043
0.0165741
0.0150307
0.0141381
0.0191611
0.018139
0.0175984
0.0138067
0.0130249
0.0125015
0.0154124
0.0144188
0.0137352
-0.00163083
-0.00263172
-0.00321915
0.00817051
0.0069903
0.00634225
0.00556414
0.00432275
0.00373417
0.00702694
0.00598603
0.00530871
0.0172025
0.0158349
0.0151476
0.0103562
0.00931874
0.00864515
0.0112871
0.0102698
0.00969197
0.0130964
0.0120767
0.0116484
0.00646824
0.00570871
0.0052944
-0.0045608
-0.00658755
-0.00776747
0.00105008
-0.000577153
-0.000995762
0.00135652
-0.000160122
-0.00111444
0.00501059
0.00377292
0.00308006
0.0117793
0.0103765
0.00945691
0.00938301
0.00753655
0.00644344
0.0141038
0.0128865
0.0121536
0.0105067
0.00888197
0.00798442
-0.00531799
-0.0112729
-0.0145448
0.018415
0.0145573
0.0124172
0.0264653
0.024018
0.0222619
-0.000240966
-0.00580427
-0.00965348
0.0296434
0.0252588
0.0231521
0.0572166
0.0575664
0.0588566
0.107021
0.117549
0.124249
-0.0392175
-0.0556156
-0.0652406
0.0430473
0.0440821
0.0431366
-0.0152682
-0.0302619
-0.0388414
0.123848
0.135658
0.143518
0.0199398
0.0164417
0.0140376
-0.0136039
-0.00264495
0.00354784
-0.104492
-0.114748
-0.123562
-0.0935105
-0.0967536
-0.100095
-0.0992701
-0.10271
-0.104306
0.0241518
0.0294126
0.0336728
-0.00699022
0.00402302
0.0103189
-0.0999961
-0.110089
-0.118828
-0.0906062
-0.0936149
-0.0968956
-0.0980767
-0.101017
-0.10244
-0.0742521
-0.0745655
-0.0740063
-0.0444398
-0.0412351
-0.0387599
0.0487493
0.046802
0.045294
0.0486484
0.0472762
0.0464781
0.0493262
0.0475092
0.0460555
0.0495232
0.0483054
0.0475869
0.0328893
0.0317952
0.0312632
0.0282974
0.026815
0.0259693
0.0349341
0.0339299
0.0334945
0.0303793
0.0289749
0.0282134
0.0307773
0.0303381
0.0302423
0.028287
0.0277715
0.0275892
0.0333355
0.0329336
0.032908
0.0309374
0.0304525
0.0303423
0.0245857
0.0239076
0.0235773
0.0204115
0.0198382
0.0194395
0.0254001
0.024281
0.0237288
0.0272378
0.0265515
0.0262549
0.0220513
0.0215193
0.0211649
0.0239148
0.0233267
0.0229651
0.0133419
0.012785
0.0125136
0.0215985
0.0207894
0.0203999
0.0194018
0.0185737
0.0182813
0.0214557
0.0201242
0.0194229
0.0254613
0.024411
0.0244849
0.0231473
0.0221988
0.0216467
0.0376261
0.0334662
0.0315916
0.0477789
0.0451491
0.0440777
0.0524883
0.0502503
0.0494613
-0.00227323
-0.0161556
-0.023983
0.0541655
0.0523996
0.0509966
0.0544345
0.0533893
0.0528018
0.0403992
0.0397695
0.0395777
0.0357694
0.0347461
0.0342133
0.0668873
0.0667554
0.0665748
0.0521919
0.049164
0.0470228
0.0838074
0.0821028
0.081577
0.0959438
0.0963293
0.0969965
0.184069
0.20144
0.213225
0.0720229
0.072238
0.0723202
0.0653815
0.0652602
0.0651916
0.0749033
0.0748989
0.0749799
0.0827889
0.0863451
0.0877158
0.0757503
0.0765113
0.076542
0.075603
0.0761539
0.0761369
0.044917
0.0468271
0.047559
0.0567482
0.0572894
0.0575496
0.0643995
0.0648063
0.0648056
0.0611435
0.0607747
0.0603985
0.0405429
0.0410245
0.0420312
0.0401937
0.0398593
0.0399578
-0.0567539
-0.0566792
-0.0570445
0.0422154
0.0425554
0.0426577
0.027649
0.0275309
0.0274779
-0.219701
-0.286378
-0.279289
0.0551913
0.0602823
0.0596313
0.0119435
0.0158119
0.0140858
0.0764753
0.0751385
0.074577
0.0852678
0.0859177
0.0865534
0.0394393
0.0397179
0.0404183
-0.510676
-0.575378
-0.56564
0.0900176
0.100958
0.10149
-0.517637
-0.579223
-0.571468
0.0094126
0.0176152
0.0189157
-0.445186
-0.505692
-0.491823
0.0416723
0.0315328
0.0251782
0.0905415
0.096509
0.100107
0.0609367
0.0623879
0.06384
-0.30107
-0.357813
-0.332485
0.107238
0.113259
0.111479
0.073818
0.0814091
0.0810269
0.0567724
0.0692572
0.0764344
-0.0332817
-0.0419302
-0.050011
-0.0116462
-0.0140339
-0.0170645
-0.0122302
-0.0143152
-0.015306
0.0826376
0.0891453
0.0938214
0.0547822
0.0674056
0.0745048
-0.0398806
-0.0481289
-0.0562099
-0.0165046
-0.0180463
-0.0209494
-0.0181207
-0.0191191
-0.0199734
2.05485
2.09813
2.10889
3.54698
3.76604
-1.5748
-1.89126
5.20656
1.1397
1.14567
1.12923
0.972293
0.987367
0.99434
0.501676
0.523112
0.53253
0.431796
0.427368
0.422428
0.400286
0.39079
0.389418
1.64182
1.70541
1.69875
4.64972
5.04472
3.35134
2.89664
2.90019
0.849702
0.881263
0.904056
0.110545
0.0780198
0.0512033
0.637494
0.643111
0.639293
0.384331
0.361856
0.350807
1.06428
1.06854
1.07057
1.27802
1.41207
1.44406
0.409995
0.406451
0.400548
0.406307
0.387928
0.377395
0.417415
0.413081
0.413695
)
;

boundaryField
{
    front
    {
        type            cyclic;
    }
    Back
    {
        type            cyclic;
    }
    inlet
    {
        type            zeroGradient;
    }
    outlet
    {
        type            fixedValue;
        value           nonuniform List<scalar> 0();
    }
    upperPatch
    {
        type            slip;
    }
    ground
    {
        type            zeroGradient;
    }
    procBoundary1to0
    {
        type            processor;
        value           nonuniform List<scalar> 
310
(
0.163719
0.22205
0.269827
0.297661
0.316503
0.314052
0.331453
0.395423
0.395423
0.333312
0.325791
0.114718
0.118144
0.116665
0.115683
0.121639
0.138452
0.138084
0.105188
0.105188
0.0329962
-0.00108707
0.0489867
0.0354307
0.022353
0.0153066
0.00880379
-0.000431637
-0.0138504
-0.032977
-0.032977
-0.0546749
-0.0741156
0.046963
0.0411666
0.0350644
0.0302733
0.0223903
0.00956402
-0.00281477
-0.0166373
-0.0166373
-0.0323785
-0.0456868
0.055458
0.0537582
0.0510979
0.0476808
0.0422512
0.0332837
0.0232052
0.0071737
0.0071737
-0.0172207
-0.0305002
0.0553154
0.0530142
0.0492765
0.0453352
0.0619204
0.0700092
0.0700092
0.070188
0.068449
0.0664603
0.0889733
0.0889733
0.07478
0.112534
0.148307
0.156467
0.146307
0.146307
0.143527
0.111913
0.11703
0.107946
0.143721
0.153138
0.146392
0.143527
0.11703
0.11703
0.102485
0.100275
0.127974
0.137712
0.136379
0.136135
0.112137
0.102485
0.102485
0.103442
0.103442
0.0794683
0.0864238
0.0995249
0.0654165
0.0873387
0.0678376
0.0724005
0.0556271
0.0647594
-0.0375189
-0.105467
-0.155003
-0.179725
-0.198487
-0.193225
-0.201466
-0.26787
-0.26787
-0.280359
-0.304575
0.0914088
0.10439
0.103573
0.0776357
0.0716703
0.113426
0.107944
0.103191
0.0725129
0.0761903
0.0720466
0.0765677
0.0641661
0.0905212
0.0605313
0.0734494
0.0587474
0.0798282
0.01753
0.0721706
0.0768457
0.0785338
0.0752857
0.0710619
0.0710619
0.0791317
0.0716909
0.0816176
0.0587474
0.01753
0.0799022
0.0799022
0.0925303
0.091897
0.0822721
0.0607082
0.056694
0.0513531
0.0823497
0.0601925
0.056441
0.088744
0.104726
0.098393
0.0892115
0.0709981
0.0781456
0.101997
0.0727982
0.10233
0.0944535
0.0954499
0.0834093
0.0634634
0.0762901
0.0663546
0.063697
0.0532513
0.0557006
0.0360192
0.0329248
0.0816176
0.0889143
0.0869841
0.0869841
0.0771769
0.0888758
0.0744506
0.0865024
0.0865024
0.0888607
0.0630751
0.0665609
0.0636376
0.0768558
0.0736057
0.0788391
0.0630751
0.0636376
0.0791317
0.0782701
0.0716909
0.0360192
0.0732714
0.0565421
0.0790326
0.0817935
0.0816176
0.0725006
0.0889143
0.0714111
0.064185
0.0702765
0.059225
0.0693618
0.0603978
0.0623778
0.0571575
0.0593339
0.0398153
0.0398153
0.0574272
0.050826
0.050826
0.111913
0.111913
0.0878011
0.0777713
0.0845809
0.0655067
0.0651202
0.0648688
0.0959527
0.0946195
0.0922152
0.105835
0.105886
0.105759
0.10646
0.106903
0.106849
0.0802357
0.0799013
0.0792981
0.0757239
0.0762324
0.0761189
0.124923
0.128576
0.129974
0.118597
0.122034
0.123569
0.088701
0.0877101
0.0863067
0.106782
0.106672
0.106217
0.102648
0.103431
0.103458
0.0929046
0.0933621
0.0931028
0.0772681
0.0787373
0.0790204
0.0850054
0.0863547
0.0865715
0.112177
0.115534
0.116998
0.0782221
0.0820058
0.0835223
0.07789
0.0780804
0.0781031
0.0880176
0.0880436
0.0881127
0.0859059
0.0859059
0.0858415
0.0858415
0.0858318
0.0858318
0.0625341
0.0621842
0.061892
0.0752425
0.079453
0.0812092
0.071514
0.0713365
0.071273
0.0755563
0.0753347
0.0757347
0.0752425
0.079453
0.0812092
0.0757291
0.0755235
0.0754984
0.0625341
0.0621842
0.061892
0.0751136
0.0745445
0.0742185
0.0782991
0.0794551
0.0796245
)
;
    }
    procBoundary1to2
    {
        type            processor;
        value           nonuniform List<scalar> 
487
(
0.0345335
0.0342225
0.0415081
0.0367096
0.0332545
0.0360443
0.0393084
0.0339792
0.028934
0.0131017
-0.0484731
-0.0227826
-0.0380461
0.0317867
0.033025
0.0457128
0.0567297
0.04916
0.0454009
0.0345335
0.0418618
0.0345335
0.0345335
0.0342225
0.0342225
0.0415081
0.0415081
0.0526267
0.0526267
0.055674
0.05119
0.0465019
0.0367096
0.0426316
0.030276
0.0123938
0.0550059
0.0513183
0.0471853
0.0393084
0.0436495
-0.00978736
0.040124
0.040124
0.0351704
0.0605105
0.0605105
0.049397
0.049397
0.0437597
0.039307
0.0970257
0.0869542
0.0845695
0.0984879
0.0814756
0.0754522
0.106624
0.0984879
0.0791775
0.0594878
0.0791775
0.0246807
0.0313649
0.0295609
0.00465233
-0.059675
-0.0773231
-0.0133353
-0.0496319
-0.0576802
-0.0496319
0.0359009
0.0341706
0.0317361
0.0382538
0.0431922
0.0418046
0.0278844
0.0299341
0.0378541
0.0297838
0.0353146
0.0297838
0.031804
0.0317073
0.0384869
0.0615826
0.116952
0.0752432
0.0359009
0.0646176
0.0575616
0.0552334
0.051507
0.0474295
0.0431922
0.0462183
0.101988
0.0814756
0.0753875
0.032873
-0.0660085
-0.0673908
-0.068316
-0.0608265
0.0236082
0.0188664
0.022149
0.0195829
0.0343615
0.022968
0.0281709
0.0248848
0.0262553
0.0485154
0.0636407
0.0373852
0.0655813
0.0842081
0.0638642
0.0887001
0.0540663
0.0384059
0.0497809
0.050793
0.0490933
0.0530344
0.0419533
0.042404
0.042404
0.0401593
0.0446653
0.0414264
0.0353157
0.0385131
0.0375315
0.103722
0.0754522
0.106624
0.109863
0.10245
0.132987
0.0904353
0.0966008
0.0390843
0.02515
0.0393606
0.0241783
-0.0670785
-0.0819329
-0.0673908
-0.0638583
-0.0498846
-0.0787514
-0.0608265
-0.0581255
-0.0783728
-0.0694458
-0.0432686
0.0389239
0.0366336
0.0333763
0.0261017
0.0399873
0.0420844
0.0422485
0.0188664
0.0258598
0.0329504
0.0292991
0.0195829
0.0308179
0.021051
0.0252059
0.0202849
0.0287274
0.0359889
0.0299804
0.0334838
0.029078
0.0469796
0.0356599
0.0475176
0.0521408
0.0403142
0.051847
0.0618753
0.056943
0.0546081
0.0612941
0.116952
0.0752432
0.0390843
0.0788034
0.0579966
0.0509007
0.058113
0.0479246
0.0450596
0.0378146
0.0369732
0.0410129
0.0599076
0.0544854
0.0594411
0.0546119
0.0487271
0.0431327
0.0450612
0.0453767
0.0739858
0.0849778
0.0930718
0.0768381
0.0929716
0.103809
0.10424
0.092083
0.0671438
0.0671438
0.0940373
0.0940373
0.0898449
0.0898449
0.10461
0.106483
0.107357
0.170628
0.12387
0.0816987
0.136787
0.0589657
0.0888622
0.0993705
0.0875395
0.110676
0.0780928
0.0773021
0.0541959
0.0797289
-0.0135046
0.095997
0.0618586
-0.035799
0.0165041
0.0147555
0.00945695
-0.0484731
-0.0476636
-0.00878644
-0.0497053
-0.0584835
-0.0484731
-0.0584835
-0.0312562
-0.0585318
0.0552334
0.0575859
0.0563259
0.0462183
0.0494018
0.0480688
0.0423585
0.0450206
0.043184
0.0317867
0.0374259
0.0391514
0.0304384
0.0381582
0.0337522
0.0304384
0.0363563
0.0389612
0.0293764
0.0435574
-0.0495424
0.00807075
-0.0538111
0.0609112
0.0749058
0.060239
0.0695549
0.0629112
0.0594878
0.0524448
-0.000114668
0.0610028
0.00291035
0.0595909
-0.0636861
-0.056882
-0.0508009
-0.0610656
0.0332875
0.0323426
0.0319723
0.0323192
0.0318216
0.0316495
0.0299323
0.0293073
0.029023
0.0332875
0.0323426
0.0319723
0.107357
0.108331
0.109656
0.0773021
0.0785775
0.0795341
-0.0734827
-0.0746462
-0.0749815
-0.0750836
-0.0762326
-0.076445
0.017165
0.0165623
0.0162014
0.0207083
0.0200947
0.0197504
0.0204804
0.0195845
0.0191343
0.0246601
0.0232782
0.0225232
0.0165802
0.0119044
0.00884812
0.0341875
0.132851
0.0280687
0.145592
0.0256812
0.154329
0.0819373
0.0830864
0.0849742
0.00242513
0.013762
0.0202682
-0.0916676
-0.101557
-0.11019
0.0373462
0.0371392
0.0372421
0.0350296
0.0347582
0.0347759
0.0313904
0.0308213
0.0306135
0.0263028
0.0258661
0.0255785
0.0298477
0.028855
0.0289862
0.0467848
0.0431965
0.0417357
0.0603798
0.0590509
0.0590398
-0.0826399
-0.0855
-0.0887404
0.0829763
0.0819713
0.0802406
0.0481959
0.047513
0.0472622
0.0452341
0.0445514
0.0443064
0.0343766
0.0347519
0.0331078
0.0339927
0.0324128
0.033698
0.058001
0.0548057
0.0525917
0.0913827
0.089421
0.0887864
0.0816987
0.0773847
0.0757484
0.136787
0.139119
0.141437
0.0589657
0.0484108
0.0421282
0.095997
0.10251
0.107341
0.0618586
0.0744735
0.0818013
-0.035799
-0.0449039
-0.0532866
0.0347748
0.0402674
0.0446311
0.0204183
0.019719
0.0194039
-0.0670584
-0.0906075
-0.0683068
-0.0933217
-0.0685997
-0.0945998
0.0239674
0.0282141
0.0229525
0.0277715
0.0225281
0.027524
0.0204183
0.019719
0.0194039
0.0662608
0.0694546
0.0703771
0.097249
0.0985301
0.0994533
0.0888622
0.0903927
0.0914155
0.0493783
0.048294
0.047759
-0.0734827
-0.0746462
-0.0749815
-0.0695193
-0.0697913
-0.0691894
-0.0389035
-0.0356674
-0.0331059
0.017165
0.0165623
0.0162014
0.0234099
0.0227443
0.0224204
0.0190263
0.0186153
0.0184514
0.0291656
0.0280573
0.0275057
0.0570359
0.0550629
0.0544891
0.132851
0.145592
0.154329
0.0548585
0.0531917
0.0518248
0.0553478
0.0544137
0.0538753
0.0424608
0.0418171
0.0416708
0.0378275
0.0367918
0.0363074
0.10461
0.104733
0.10528
)
;
    }
    procBoundary1to3
    {
        type            processor;
        value           nonuniform List<scalar> 
100
(
0.0473186
0.0473186
0.0473186
0.00400492
0.00945603
0.0383698
0.0241575
0.0677842
0.0677842
0.00921439
0.00281561
-0.162223
0.0140424
-0.118072
-0.0138104
-0.0116137
-0.00761674
0.0383698
-0.00761674
0.0220114
0.00921439
0.0140424
0.00452534
-0.00334472
-0.0115058
-0.0577794
0.13828
0.0287708
0.0596613
0.00686564
-0.0920449
-0.106927
0.0304281
0.010846
0.0196193
0.022
-0.0208821
-0.0255165
-0.0208821
-0.0054443
-0.00117919
-0.00117919
-0.0126677
-0.00818133
0.00390198
0.00390198
-0.00334472
0.0146029
0.0109618
0.00340275
0.0375514
0.000787759
0.05341
0.00281561
0.00384256
-0.0038662
0.00384256
-0.0215439
0.0207545
-0.037809
-0.0145026
0.00631897
0.00620945
0.00636512
0.0168426
0.0192993
0.0205148
0.00916934
0.0105298
0.0109832
0.0161745
0.016015
0.0161882
-0.0203485
-0.0229992
-0.0262158
-0.0203485
-0.0229992
-0.0262158
-0.0324249
-0.0279223
-0.0261253
0.0899341
0.0985998
0.103231
-0.0247759
-0.0273429
-0.0285176
0.0168426
0.0192993
0.0205148
0.220861
0.233321
0.237531
0.0408499
0.0452773
0.0477659
0.0151441
0.0158215
0.0160977
)
;
    }
    procBoundary1to4
    {
        type            processor;
        value           nonuniform List<scalar> 
183
(
0.251742
0.267991
0.000952243
-0.00719144
-0.0983286
-0.123449
-0.107892
-0.0918808
-0.0834212
-0.0609967
-0.26839
0.0248592
0.300922
0.16447
-0.116795
0.139655
0.969494
0.969494
0.969494
0.40889
0.0411219
0.400917
0.227823
0.232528
0.285059
-0.287385
0.472895
0.831973
0.300922
0.831973
0.504968
0.831973
0.382826
0.510198
0.787191
0.160086
-1.14998
-1.14998
-1.14998
-0.287385
0.381548
0.350715
0.472895
0.0576974
-0.0755505
-0.085681
-0.119294
-0.107869
-0.0964717
-0.0838965
-0.181385
-0.317651
-0.27343
0.198057
0.608404
0.347211
0.159128
0.394767
0.0434147
-0.0338091
0.0340391
-0.0710567
-0.0504292
-0.120743
-0.136459
-0.0816573
-0.118598
-0.100309
-0.137107
-0.132807
-0.0858601
-0.0962927
-0.0764231
-0.112513
-0.108348
-0.062647
-0.0571807
-0.103613
-0.0777118
0.0474349
-0.0115682
-0.0205672
-0.0442414
-0.0887884
-0.059502
-0.143028
-0.13981
-0.103931
-0.107163
-0.123548
-0.111445
-0.134485
-0.128415
-0.120229
-0.125158
-0.126732
-0.10821
-0.124418
-0.0963525
-0.112499
-0.115146
-0.102753
-0.0846474
-0.100618
-0.920583
0.510198
0.787191
0.139655
-0.920583
-0.920583
-0.601014
-0.249865
-0.231466
-0.221813
-0.617257
-0.563423
-0.521544
0.167102
0.139312
0.131311
0.0516158
0.052092
0.0529851
-0.129764
-0.133498
-0.13561
-0.144575
-0.147148
-0.148664
-0.119381
-0.120955
-0.121824
0.221116
0.231074
0.236422
0.15082
0.110984
0.081626
-0.249865
-0.231466
-0.221813
0.198951
0.208628
0.213373
0.167102
0.139312
0.131311
-0.11007
-0.1136
-0.115518
-0.149917
-0.152556
-0.154182
-0.126731
-0.128417
-0.129415
0.82509
0.915021
0.948918
-0.0375386
-0.0414361
-0.0419904
-0.145026
-0.148256
-0.150159
-0.139711
-0.141926
-0.14323
-0.11463
-0.115958
-0.116701
-0.0846222
-0.0891936
-0.0908682
-0.147843
-0.150973
-0.15282
-0.132367
-0.134425
-0.135627
0.206008
0.208473
0.210962
)
;
    }
}


// ************************************************************************* //
