/*--------------------------------*- C++ -*----------------------------------*\
  =========                 |
  \\      /  F ield         | OpenFOAM: The Open Source CFD Toolbox
   \\    /   O peration     | Website:  https://openfoam.org
    \\  /    A nd           | Version:  10
     \\/     M anipulation  |
\*---------------------------------------------------------------------------*/
FoamFile
{
    format      ascii;
    class       faceSet;
    location    "constant/polyMesh/sets";
    object      layerFaces;
}
// * * * * * * * * * * * * * * * * * * * * * * * * * * * * * * * * * * * * * //


2530
(
24577 
20481 
20483 
16388 
24582 
24583 
24584 
16392 
24587 
20493 
16399 
24592 
16401 
24594 
20499 
16404 
24597 
24601 
20508 
24608 
16416 
20514 
24611 
20518 
24616 
16425 
24619 
16431 
24624 
20528 
24625 
24626 
20532 
24629 
24634 
16442 
20539 
24637 
20541 
16447 
20544 
20545 
24642 
24645 
20551 
16456 
24650 
20554 
16460 
24653 
20559 
20560 
20561 
24658 
20562 
20563 
16467 
24661 
20566 
24666 
24667 
20571 
24668 
20572 
16476 
20573 
20574 
24673 
20577 
16481 
20582 
16486 
20583 
20584 
24682 
16490 
20587 
24685 
20592 
20593 
16497 
24690 
20594 
24693 
20597 
16502 
24698 
20602 
20603 
24700 
20604 
20605 
20606 
24703 
16511 
24705 
20609 
16514 
24708 
24709 
24710 
20614 
24711 
20615 
16519 
24712 
20616 
24714 
20619 
16523 
24717 
24718 
24719 
20624 
24721 
20625 
20626 
16530 
24724 
24726 
16534 
20632 
24729 
20635 
24732 
16541 
24737 
16546 
24740 
20644 
24745 
20649 
24746 
24747 
20652 
16558 
24751 
16562 
20660 
20661 
24758 
20663 
24760 
16569 
20666 
24763 
24764 
20668 
24765 
16574 
20671 
24768 
20672 
20673 
20676 
24773 
24775 
16583 
20681 
24778 
16586 
20683 
24780 
20686 
24783 
16591 
24785 
16595 
24788 
24789 
24790 
20694 
24792 
16602 
24795 
20699 
24798 
16606 
20705 
24803 
20708 
24805 
16613 
24808 
20713 
16618 
24811 
20718 
24816 
24819 
16627 
20727 
16631 
24824 
24826 
20730 
24829 
16638 
20735 
24832 
20738 
16643 
24837 
20743 
24840 
20747 
16652 
24845 
24846 
24847 
16655 
24849 
20754 
24852 
16660 
24854 
20758 
16664 
24857 
24859 
20765 
24862 
16671 
24865 
20769 
16675 
20772 
24870 
24872 
20777 
16682 
24875 
24878 
20782 
16687 
24883 
24884 
24885 
20791 
24888 
16696 
20794 
16700 
24893 
24895 
20799 
24898 
20802 
16707 
24900 
24903 
20807 
16712 
24905 
20811 
24908 
24910 
24913 
16721 
24914 
20818 
24915 
16724 
20821 
24918 
16729 
20826 
24923 
24925 
16733 
20830 
24928 
24931 
16740 
20837 
24936 
16744 
20841 
24938 
24941 
16751 
24944 
20848 
20852 
16756 
24949 
24950 
24951 
24953 
20859 
24956 
24957 
16765 
24958 
20862 
24961 
16769 
20867 
24966 
20870 
24968 
16776 
24971 
20875 
16780 
24973 
20879 
24976 
24978 
16787 
24981 
20886 
24983 
16792 
24986 
24987 
24988 
20892 
24990 
24993 
16801 
24995 
20899 
16804 
24998 
20902 
25001 
16809 
20907 
16813 
25006 
20912 
25009 
16820 
25014 
25015 
25016 
16824 
20921 
25019 
20924 
16831 
25024 
25025 
20929 
25026 
25028 
20932 
16836 
25031 
25033 
20937 
25036 
20940 
16845 
25038 
25041 
20945 
16849 
25043 
20948 
25046 
16856 
25049 
20953 
16859 
20956 
25054 
25056 
16864 
20961 
25059 
16868 
20965 
25062 
25067 
16875 
20972 
25070 
20976 
16880 
25075 
25077 
20983 
25080 
16889 
20986 
25083 
16892 
20991 
25088 
16897 
25090 
20995 
25093 
16901 
25094 
25095 
25097 
21002 
25100 
16908 
21005 
25102 
16912 
25105 
21010 
25107 
21013 
25110 
16919 
25113 
21018 
16924 
25118 
21022 
25120 
25123 
25125 
21029 
16933 
25128 
21032 
25129 
16937 
25130 
25132 
21037 
25135 
25136 
21040 
16944 
25137 
25139 
21045 
16949 
25142 
25144 
21048 
25147 
21053 
25150 
16958 
21057 
16961 
25155 
25158 
16966 
21064 
16970 
25163 
25164 
25165 
21069 
25166 
25167 
16977 
25170 
16981 
21078 
25175 
21081 
25178 
16988 
21086 
25183 
25184 
21088 
25185 
16993 
25187 
21091 
25190 
21094 
25192 
17002 
25195 
21099 
25197 
21102 
17006 
25200 
25201 
25202 
21107 
25204 
17013 
25207 
21111 
25208 
17016 
25209 
25212 
17021 
21118 
17024 
25217 
21121 
25219 
17029 
25222 
21126 
25224 
17032 
21129 
25227 
25229 
17037 
21134 
25232 
25233 
17041 
25234 
21138 
25236 
25239 
25240 
17048 
21145 
17051 
21148 
17056 
21153 
21156 
17061 
21161 
21164 
17070 
21169 
17073 
21173 
17078 
17083 
21180 
21185 
17092 
17096 
21194 
21197 
17103 
21202 
17108 
21205 
21210 
21213 
17117 
21218 
17122 
21222 
17131 
21229 
17134 
21232 
17139 
21237 
21240 
17144 
21245 
21248 
17153 
21253 
17157 
21256 
17164 
21261 
21265 
17172 
17175 
21272 
21275 
17180 
21280 
17184 
21283 
17191 
21288 
17195 
21293 
17202 
21302 
17206 
21305 
17213 
21310 
21312 
17218 
21315 
21318 
21323 
17227 
21327 
17232 
21334 
17241 
21338 
17246 
21345 
21347 
21350 
17255 
21352 
21355 
17260 
21358 
21363 
17269 
21368 
17273 
17280 
21377 
21380 
21385 
17290 
21388 
21393 
21396 
17300 
21401 
17305 
21405 
17314 
21412 
17317 
21416 
17322 
17326 
21423 
21426 
17333 
21431 
17336 
21435 
17341 
17344 
21442 
17349 
21446 
17353 
21453 
21456 
17360 
17363 
21461 
21464 
17368 
21469 
17373 
21473 
17382 
21480 
21482 
17386 
21485 
21488 
17393 
17397 
21494 
21495 
21496 
21499 
17404 
17407 
21504 
21506 
17412 
21509 
21511 
17416 
21516 
21517 
21519 
17423 
21522 
17427 
21524 
21527 
21529 
17434 
21533 
17437 
21536 
17442 
21541 
17446 
21543 
21546 
21549 
17453 
21554 
17458 
21556 
21559 
21561 
17467 
21564 
21566 
17472 
21569 
21572 
21577 
17481 
21580 
17485 
21585 
21586 
21587 
17492 
21589 
21592 
17496 
21594 
21597 
21599 
17503 
21602 
17506 
21604 
21607 
17511 
21610 
17515 
21615 
21618 
17522 
17526 
21623 
21624 
21625 
21628 
17533 
17536 
21633 
21635 
17541 
21638 
21640 
17546 
21643 
21644 
21645 
21647 
21650 
17555 
21652 
21655 
17560 
21658 
21663 
17569 
21666 
17573 
21671 
21674 
17580 
21679 
21680 
17584 
21681 
21683 
21686 
17591 
21688 
17594 
21691 
21694 
17599 
21699 
17603 
21701 
21704 
17610 
21707 
17614 
21712 
21714 
21717 
17621 
21719 
17624 
21722 
21724 
17629 
21727 
17633 
21730 
21735 
17640 
21738 
17645 
21743 
21744 
21745 
21747 
21750 
17654 
21752 
21755 
17659 
21757 
21760 
21762 
17668 
21765 
21766 
21767 
17672 
21769 
21772 
21773 
21774 
17679 
21777 
17683 
21782 
21784 
17690 
21787 
17693 
21790 
17698 
21795 
21798 
17702 
21803 
17709 
21806 
17713 
21811 
21813 
21816 
17720 
21819 
17723 
21824 
17728 
21827 
17733 
21832 
21835 
17742 
21840 
21843 
17747 
21848 
21850 
17756 
21853 
21856 
17760 
21861 
21863 
17767 
21866 
17771 
21869 
21874 
17778 
21877 
17781 
21882 
17786 
21884 
17790 
21887 
21889 
21892 
17797 
21894 
21897 
17801 
21900 
17808 
21905 
17811 
21908 
17816 
21914 
21915 
21916 
17820 
21918 
21921 
21922 
21923 
17827 
21926 
21927 
17831 
21929 
21932 
21933 
21934 
17838 
21935 
21936 
21937 
21938 
17842 
21939 
21941 
21944 
21945 
17849 
21946 
21947 
21948 
17852 
21949 
21950 
21951 
21952 
21953 
17857 
21954 
21956 
17861 
21959 
21960 
21961 
21963 
17868 
21966 
21967 
21968 
17872 
21969 
21970 
21972 
21975 
17879 
21976 
21977 
21978 
17882 
21979 
21981 
17887 
21984 
21985 
21986 
21987 
17891 
21988 
21989 
21990 
21991 
21992 
21993 
21994 
17898 
21997 
17902 
22000 
22002 
22005 
17909 
22006 
22007 
22008 
17912 
22011 
22012 
17917 
22017 
17921 
17928 
22026 
17932 
22029 
22034 
17939 
22037 
17942 
22042 
17947 
22046 
17951 
22053 
17958 
22056 
17961 
22061 
17966 
22064 
17969 
22069 
17974 
17975 
22072 
17976 
17980 
22077 
22082 
17987 
17990 
22091 
17995 
22094 
17998 
22099 
18003 
18006 
22103 
18011 
18013 
22110 
18016 
22114 
18020 
22121 
18027 
22125 
18029 
18032 
22132 
18036 
22136 
18043 
18046 
22143 
22146 
18051 
18054 
22151 
22153 
18059 
22156 
22158 
18064 
22161 
22164 
22169 
18073 
22173 
18077 
22180 
18084 
22184 
18089 
22191 
18098 
22195 
18102 
22202 
22205 
18109 
18113 
22210 
22215 
18120 
18123 
22224 
18128 
22227 
18134 
22232 
22234 
18140 
22237 
22240 
18148 
22245 
18152 
22249 
18159 
22256 
18162 
22260 
18167 
18170 
22267 
22271 
18175 
18178 
22278 
18183 
22281 
18185 
18188 
22286 
18192 
22289 
22294 
18199 
22296 
18201 
22299 
18204 
22303 
18208 
22310 
18215 
22314 
18218 
18223 
22321 
18226 
22323 
22326 
18231 
22328 
22331 
18235 
22335 
18242 
22342 
18247 
22346 
18256 
22353 
18260 
22357 
18267 
22364 
22367 
18272 
22372 
22377 
18281 
18285 
22386 
18292 
22389 
18296 
22394 
22397 
18303 
22402 
18306 
22404 
22407 
18311 
22410 
18316 
22415 
22418 
18325 
22423 
18329 
22427 
18336 
22434 
18340 
22438 
18347 
22445 
18351 
22448 
22453 
18358 
18361 
22458 
18366 
18370 
22467 
22471 
18377 
18380 
22478 
18385 
22482 
18388 
22489 
18393 
22491 
18396 
22494 
18401 
22498 
18403 
18406 
22505 
18410 
22509 
18417 
18419 
22516 
22518 
18422 
22521 
18426 
22524 
22529 
18433 
22531 
18436 
22534 
22537 
18441 
18444 
22542 
22545 
18449 
22550 
18454 
22553 
22558 
18463 
22561 
18468 
22566 
22567 
22568 
22570 
22573 
18477 
22575 
18481 
22578 
22580 
22583 
18488 
22586 
18493 
22591 
22593 
22596 
18502 
22599 
18506 
22604 
22605 
22606 
22609 
18513 
18517 
22614 
22616 
22619 
18524 
22621 
22624 
18528 
22626 
22629 
22631 
18535 
22634 
18538 
22635 
22636 
22639 
18543 
18547 
22644 
22646 
22649 
18554 
22653 
18558 
22660 
18565 
22663 
18568 
22668 
18573 
22670 
22673 
18577 
22674 
22675 
22677 
22680 
18584 
18587 
22685 
18592 
18595 
22694 
18600 
22697 
18603 
22702 
18608 
22705 
18610 
18613 
22710 
22711 
22712 
18617 
22715 
22720 
18624 
18626 
22723 
18629 
22728 
18633 
22731 
22736 
18640 
22739 
18643 
22744 
18648 
22745 
22746 
18651 
22748 
22751 
18656 
22756 
18661 
22765 
18670 
22768 
18674 
22773 
22776 
18681 
22781 
18685 
22783 
22786 
22788 
18692 
22791 
22792 
18696 
22793 
22794 
22795 
22798 
18703 
22803 
18707 
22805 
22808 
22809 
22810 
18714 
22812 
22815 
18719 
22817 
22820 
22822 
18728 
22825 
22827 
18732 
22830 
22832 
22835 
18739 
22839 
18743 
22846 
18750 
22849 
18753 
22854 
18758 
22856 
22859 
18763 
22860 
22861 
22863 
22866 
22868 
18772 
22871 
22873 
18777 
22876 
22879 
18786 
22884 
22886 
18790 
22889 
22892 
18797 
22897 
18801 
22900 
18808 
22905 
22907 
18811 
22910 
18816 
22913 
18820 
22918 
22921 
18827 
22926 
18830 
22927 
22928 
22930 
18835 
22933 
18838 
22935 
22938 
18843 
22940 
18846 
22943 
22946 
18851 
18853 
22951 
18856 
22953 
22956 
18860 
22959 
18867 
22964 
22965 
18869 
22966 
18872 
22969 
18876 
22974 
22976 
22979 
18883 
22981 
18886 
22984 
22986 
18891 
22989 
18894 
22991 
22994 
22995 
18899 
22996 
23000 
18904 
23007 
18913 
23011 
18917 
23018 
18924 
23021 
18929 
23026 
23027 
23028 
23030 
23033 
23034 
18938 
23035 
23037 
18942 
23040 
23043 
18949 
23048 
18953 
23053 
18960 
18964 
23062 
23064 
23067 
18971 
23069 
18974 
23072 
18979 
23077 
18983 
23086 
18990 
23089 
18994 
23094 
23095 
23096 
19001 
23098 
19004 
23101 
23103 
19009 
23106 
23108 
19013 
23111 
23113 
23116 
19020 
19023 
23121 
19028 
19031 
23130 
19036 
23133 
19039 
23138 
23140 
19044 
19046 
23143 
23145 
19049 
23148 
19053 
23150 
23153 
23154 
23155 
19060 
23157 
19062 
23160 
19065 
23163 
19069 
23168 
23170 
19076 
23173 
23174 
23175 
19079 
23176 
23177 
23179 
19084 
23182 
19087 
23184 
23187 
19092 
23189 
23192 
19097 
23195 
23200 
19106 
23203 
19110 
23208 
23209 
23210 
19117 
23214 
19121 
23221 
23224 
19128 
23229 
19133 
23230 
23231 
23233 
23236 
23238 
19142 
23241 
19146 
23243 
23246 
23248 
19153 
23251 
23252 
23253 
19157 
23255 
23258 
23259 
23260 
19164 
23262 
19167 
23265 
23266 
23267 
19172 
23269 
19174 
23272 
19177 
23274 
23277 
19182 
23280 
23285 
23287 
19191 
23290 
19195 
23293 
23298 
19202 
23301 
19207 
23306 
23308 
23311 
19216 
23314 
19220 
15124 
23319 
15128 
23322 
19227 
19230 
23327 
15135 
23328 
23329 
23331 
19235 
15139 
23334 
19238 
23336 
23339 
19243 
23341 
19246 
23344 
15152 
23347 
19251 
19253 
15157 
23352 
19256 
23354 
19260 
23357 
15166 
23360 
19267 
15171 
23365 
19269 
23366 
23367 
19272 
23370 
19276 
15180 
23375 
23377 
19283 
23380 
23382 
19286 
15191 
23385 
23387 
19291 
15196 
23390 
19294 
23392 
23395 
19299 
23396 
23397 
15205 
19303 
23401 
15210 
19310 
23408 
23409 
19313 
23410 
15219 
23413 
19318 
15224 
23418 
19323 
23420 
23423 
15233 
23427 
19332 
15238 
19337 
23434 
23436 
23439 
15247 
23441 
19346 
23444 
15252 
19350 
23447 
23452 
19357 
15261 
19359 
23456 
19362 
15266 
19365 
23463 
23465 
19370 
15275 
23468 
19372 
23470 
19375 
15280 
23473 
19377 
23476 
19380 
19382 
23481 
19385 
15289 
23483 
19388 
23486 
15294 
23489 
19393 
23494 
19398 
15303 
23497 
15308 
23502 
19407 
23505 
19412 
15317 
23510 
23512 
15322 
23515 
23517 
19421 
23520 
19425 
15331 
23524 
19432 
15336 
19434 
23531 
19437 
23536 
15345 
15350 
23545 
19450 
23547 
23550 
19454 
23551 
15359 
23552 
23554 
15364 
23557 
19461 
23558 
23559 
19463 
23560 
23561 
19466 
23564 
19468 
15373 
19471 
23569 
15378 
23571 
19476 
23574 
23575 
23576 
19480 
23578 
19483 
15387 
23581 
23583 
19488 
15392 
23586 
19490 
23588 
19493 
23591 
19496 
15401 
23594 
19501 
15406 
23599 
19505 
23602 
23607 
15415 
23608 
19512 
23609 
19514 
15420 
23613 
19517 
19520 
23620 
19525 
15429 
23623 
19527 
19530 
15434 
23628 
23629 
19533 
23630 
23632 
19538 
23635 
15443 
23637 
19541 
23640 
15448 
23642 
19546 
23645 
19549 
23647 
15457 
23650 
19554 
23651 
23652 
15460 
23653 
23654 
19558 
23656 
15465 
23659 
23660 
23661 
19565 
19566 
23663 
19567 
15472 
23666 
19571 
23668 
23671 
23674 
19578 
15485 
19582 
23679 
23681 
15489 
23684 
23687 
15496 
19594 
23692 
23695 
19602 
23700 
23702 
19606 
15511 
23705 
23708 
15516 
19613 
23713 
19617 
15521 
23716 
19624 
23721 
23722 
23723 
19628 
23725 
23728 
15536 
23730 
19635 
23733 
15542 
23735 
19639 
23738 
23741 
19646 
15553 
23746 
19650 
23748 
15558 
23751 
19657 
23754 
19661 
23759 
15567 
23760 
23761 
23764 
19668 
15572 
19672 
23769 
23771 
15581 
23774 
19679 
23776 
19682 
23779 
15587 
23781 
19687 
23784 
23786 
19690 
23789 
23790 
15598 
23791 
19695 
23793 
15603 
23796 
19700 
23797 
23798 
23801 
15612 
19709 
23806 
23808 
15617 
23811 
23814 
19718 
19721 
15626 
23819 
23821 
19726 
15631 
23824 
23827 
19735 
23832 
15640 
23837 
19741 
15646 
19744 
19749 
23846 
23848 
19753 
15657 
23851 
23853 
15661 
23856 
19760 
23859 
19763 
15668 
23864 
19768 
15673 
23866 
19771 
23869 
23872 
19776 
15682 
19779 
23877 
15687 
23880 
19784 
19787 
23885 
23887 
19792 
15696 
23890 
19795 
23892 
15701 
23895 
19800 
23899 
19803 
15710 
19808 
23906 
15714 
19811 
23911 
19816 
15721 
19821 
23920 
15728 
23922 
23925 
19830 
23927 
23930 
19834 
15739 
23932 
23935 
23936 
23937 
19841 
23938 
23939 
15747 
19844 
23942 
15752 
19849 
23947 
19852 
23949 
23952 
23953 
19857 
23954 
23955 
19859 
23956 
15764 
23958 
19862 
23961 
19866 
23963 
23966 
15774 
23968 
19873 
23971 
19876 
23974 
15783 
19881 
23979 
19883 
15788 
23982 
19886 
19890 
23987 
23988 
23989 
15797 
15800 
23993 
19897 
15805 
19902 
24000 
19905 
15809 
24002 
24005 
24006 
19910 
24007 
19912 
15816 
24009 
15818 
19915 
24012 
15821 
24014 
19918 
19920 
24017 
15826 
24019 
19923 
19924 
24022 
24024 
24027 
15835 
24028 
24029 
24030 
19934 
15838 
24031 
24033 
15843 
24036 
24037 
19941 
24038 
19943 
15847 
24040 
19946 
24043 
19947 
19948 
24045 
15854 
24048 
19952 
15858 
24051 
19959 
24056 
15865 
24058 
19962 
15867 
24061 
15870 
19967 
24064 
19968 
19969 
15874 
19971 
24069 
19974 
24072 
19977 
15881 
19980 
24077 
15886 
24079 
19985 
24082 
19987 
24085 
19990 
15895 
24090 
19994 
15898 
24093 
15903 
20001 
24098 
24099 
20003 
15907 
24100 
24102 
20006 
20008 
24105 
15914 
24107 
20011 
15916 
20013 
24110 
15919 
24112 
20016 
24115 
20019 
15923 
24118 
20024 
20026 
15930 
24123 
15932 
24125 
20029 
15935 
24128 
20033 
24131 
15939 
24136 
20040 
24137 
24138 
20042 
15946 
24141 
20045 
20047 
24146 
20050 
15954 
24148 
24151 
15959 
24153 
24156 
24157 
24158 
20062 
24160 
20065 
24163 
20070 
24167 
15975 
20074 
15979 
24174 
24177 
20081 
15986 
20085 
15989 
24182 
24183 
24184 
15994 
24187 
20092 
15998 
24192 
20096 
24194 
24197 
16005 
24199 
16008 
24202 
24205 
16013 
16015 
24210 
20115 
16021 
24214 
20123 
24221 
24223 
16032 
20129 
24226 
20131 
24228 
20134 
16038 
24231 
20135 
20136 
20139 
24236 
20144 
16049 
24245 
20149 
16054 
24248 
24253 
20158 
24255 
16063 
24258 
20162 
24261 
16069 
20169 
24266 
24268 
20172 
24271 
24272 
16080 
24273 
20177 
24275 
16085 
24278 
20183 
20186 
24283 
16094 
20191 
20195 
24292 
16100 
24295 
20202 
24300 
24302 
20206 
16111 
24305 
24307 
16116 
20213 
24310 
24312 
20216 
24315 
24316 
24317 
20221 
16125 
20223 
24320 
20226 
16130 
24325 
24327 
20231 
24330 
24331 
16139 
24332 
24333 
24334 
16143 
24336 
20240 
24339 
20244 
24341 
16150 
24344 
24347 
20251 
16156 
20254 
24352 
24355 
20259 
20262 
16167 
24360 
24361 
24362 
16170 
20267 
24366 
20271 
16175 
16179 
24373 
20278 
24376 
20281 
16186 
16188 
24381 
24382 
20286 
24383 
16191 
20289 
24386 
16195 
20294 
24391 
24392 
20296 
24393 
24395 
20299 
24398 
20303 
16207 
24400 
24403 
24405 
20310 
24408 
16216 
24409 
24410 
20314 
24411 
24412 
24414 
16224 
24417 
20321 
24418 
24419 
24421 
20325 
16229 
24424 
24426 
20332 
24429 
16238 
20335 
24432 
16242 
20340 
24437 
20342 
24439 
20345 
16249 
24442 
24445 
20349 
16253 
24450 
20356 
16260 
24453 
16262 
20359 
16265 
24458 
20364 
24461 
16269 
20367 
24466 
20372 
16276 
24469 
20374 
20377 
16281 
24474 
24475 
24476 
20381 
24478 
24481 
16290 
24483 
20388 
24486 
16294 
24488 
20392 
24491 
16301 
24494 
20399 
16305 
24499 
20403 
24501 
24504 
16312 
20410 
16314 
24507 
20412 
16317 
20415 
24512 
24513 
24514 
20418 
16322 
24517 
20423 
24522 
20426 
16331 
24524 
16334 
24527 
20431 
24529 
20434 
16339 
24532 
24534 
20439 
16343 
24537 
24538 
20442 
24539 
16350 
24543 
20447 
16352 
20450 
16355 
24550 
20455 
16359 
24552 
20456 
20457 
24555 
20459 
24558 
20462 
16366 
20466 
24563 
16371 
24567 
20473 
20476 
16380 
24574 
16383 
)

// ************************************************************************* //
