/*--------------------------------*- C++ -*----------------------------------*\
  =========                 |
  \\      /  F ield         | OpenFOAM: The Open Source CFD Toolbox
   \\    /   O peration     | Website:  https://openfoam.org
    \\  /    A nd           | Version:  10
     \\/     M anipulation  |
\*---------------------------------------------------------------------------*/
FoamFile
{
    format      ascii;
    class       volScalarField;
    location    "2000";
    object      k;
}
// * * * * * * * * * * * * * * * * * * * * * * * * * * * * * * * * * * * * * //

dimensions      [0 2 -2 0 0 0 0];

internalField   nonuniform List<scalar> 
8808
(
1.41274
1.49478
1.52723
1.52774
1.24183
1.39274
1.48408
1.58151
1.8804
2.47419
1.04941
1.26604
1.41143
1.57809
1.78514
2.06665
2.15962
1.69482
1.90751
1.62324
1.60887
1.75946
1.71906
0.169188
0.875514
1.31641
1.46606
1.55613
1.55444
1.41015
1.18728
0.119069
0.465847
0.935437
1.23862
1.41282
1.49413
1.524
1.51419
0.0906656
0.231098
0.622189
0.989084
1.24194
1.39284
1.48351
1.57598
1.88465
2.53195
0.0835565
0.112319
0.386635
0.739272
1.04945
1.26614
1.41159
1.57801
1.78217
2.06229
2.16155
1.69466
1.90638
0.519582
1.58593
1.65207
1.63821
1.80343
1.75503
0.16871
0.873114
1.31357
1.4629
1.55276
1.55131
1.40827
1.25421
0.118753
0.46561
0.93558
1.23877
1.41277
1.49334
1.52105
1.50983
0.0906052
0.230605
0.621889
0.989094
1.24203
1.39289
1.48278
1.57053
1.89225
2.57685
0.0835433
0.112039
0.386379
0.739166
1.04946
1.26623
1.41169
1.57768
1.77968
2.06094
1.69441
1.90521
0.520532
1.61389
1.6812
1.66644
1.83968
1.78422
0.168243
0.870741
1.31112
1.46099
1.55077
1.5503
1.41158
1.32282
0.118454
0.465395
0.935683
1.23884
1.41263
1.49249
1.5185
1.51335
0.0905452
0.230121
0.621586
0.989091
1.24211
1.39289
1.48193
1.56563
1.90133
2.61104
0.08353
0.111758
0.386109
0.739049
1.04947
1.26632
1.41173
1.57715
1.77784
2.06217
1.69409
1.90411
0.521869
1.64134
1.70821
1.69195
1.86884
1.80752
0.167791
0.868544
1.30923
1.46015
1.55014
1.55113
1.41951
1.38813
0.118172
0.465192
0.93575
1.23885
1.41244
1.49168
1.51641
1.52294
0.0904859
0.229655
0.621293
0.989083
1.24217
1.39283
1.48104
1.56162
1.91088
2.63678
0.0835166
0.111476
0.385834
0.738923
1.04947
1.26639
1.41171
1.57647
1.77671
2.06545
1.69374
1.90318
0.523451
1.66683
1.73192
1.714
1.8919
1.82586
0.167357
0.866648
1.30804
1.46032
1.55074
1.55351
1.43049
1.44767
0.117905
0.464996
0.935786
1.23883
1.41223
1.49097
1.51496
1.53645
0.0904279
0.229203
0.621005
0.989069
1.24222
1.39275
1.48017
1.55871
1.92039
0.0835034
0.111198
0.38555
0.738788
1.04947
1.26644
1.41163
1.57572
1.77626
1.69341
0.525181
1.68961
1.75198
1.73246
1.90995
1.84014
0.865149
1.3076
1.46143
1.55242
1.55711
1.44373
1.50049
0.935796
1.23879
1.41205
1.49043
1.51425
1.55303
0.620726
0.989048
1.24226
1.39264
1.47941
1.55704
1.74757
1.92397
1.85118
1.46339
1.55499
1.56165
1.45859
1.54647
1.23878
1.41193
1.49012
1.51438
1.57184
0.989013
1.24229
1.39253
1.47878
1.55664
1.93484
1.85969
1.55827
1.56684
1.47446
1.58596
1.41189
1.49006
1.51536
1.59217
1.2423
1.39244
1.47836
1.55751
1.86626
1.57245
1.49074
1.61955
1.49028
1.51724
1.61339
1.4782
1.5596
1.50697
1.64794
1.51993
1.63501
1.47826
1.56282
1.9632
1.52274
1.67187
1.52348
1.65659
1.47857
1.56706
1.97076
1.53779
1.69202
1.67773
1.57217
1.97799
2.45769
2.18474
2.19611
1.74732
1.74525
1.626
1.62312
1.70891
1.64908
1.58343
1.45949
1.32142
1.0926
1.44238
1.17157
1.35228
2.07947
1.57862
1.75457
1.51981
2.11944
1.5725
1.75
1.93816
1.9552
2.40762
1.86237
2.03669
1.88332
2.45133
1.86
2.03681
2.18607
2.19771
2.51887
2.18873
2.20579
2.19293
2.20588
1.05136
1.88574
1.88265
1.84287
1.79313
1.79222
1.83505
1.82318
1.76997
1.79863
0.519402
1.52521
0.281634
0.809839
1.57912
1.64205
1.20089
1.38125
1.62899
1.49288
1.52285
1.64469
1.65004
1.49079
1.522
1.73597
1.54243
1.58018
1.63084
1.76738
1.54279
1.5806
1.75406
1.62586
1.62415
1.79325
1.77869
1.62646
1.62604
1.66581
1.58526
1.46459
1.7467
1.71055
1.58807
1.47121
1.32346
1.11002
1.33285
1.16561
1.46568
1.53251
1.36843
1.23692
1.38778
2.13284
1.56685
1.74677
1.51099
2.17187
1.56202
1.74493
1.9607
1.97693
2.46427
1.85813
2.03781
1.89032
2.49923
1.85678
2.03958
2.19252
2.20905
2.56681
2.19722
2.22071
2.21056
2.22597
1.05279
1.89901
1.05687
1.93426
1.89611
1.85552
1.93221
1.88936
1.84768
1.83268
1.88161
1.8586
1.80759
1.83242
1.53171
0.280896
0.807875
0.520226
1.55161
0.280199
0.806195
1.64951
1.19894
1.37968
1.60688
1.67156
1.19743
1.37865
1.65715
1.4893
1.52192
1.67403
1.67781
1.48841
1.52253
1.77701
1.54378
1.58159
1.65954
1.80385
1.5453
1.5831
1.78624
1.62772
1.62866
1.83139
1.80703
1.62959
1.63171
1.72381
1.59174
1.47906
1.77751
1.75885
1.59598
1.48767
1.3371
1.18441
1.35208
1.24067
1.55356
1.6127
1.40857
1.30574
1.43046
2.18443
1.55779
1.74428
1.51076
2.21999
1.55446
1.74481
1.98198
1.99666
2.5094
1.8559
2.042
1.89917
2.53666
1.85548
2.04497
2.20261
2.22471
2.60345
2.20852
2.23758
1.05816
1.94457
1.06178
1.9717
1.94289
1.89935
1.97124
1.92573
1.89169
1.86644
1.91844
1.88753
1.84005
1.86081
1.55826
0.279534
0.804776
0.521481
1.57784
0.278917
0.803669
1.67874
1.19637
1.37816
1.63462
1.69918
1.19577
1.37821
1.68452
1.48811
1.52365
1.70171
1.70337
1.48837
1.52521
1.81193
1.5473
1.5851
1.68582
1.83425
1.54973
1.58753
1.8133
1.63198
1.63512
1.86224
1.83035
1.63482
1.63885
1.76913
1.60059
1.49665
1.80219
1.79593
1.60549
1.50588
1.35781
1.25875
1.37625
1.3109
1.63105
1.68212
1.45313
1.37219
1.47637
2.23119
1.55179
1.74634
1.51764
2.26249
1.55005
1.74883
2.00118
2.01424
2.5445
1.85547
2.04835
1.90867
2.56547
1.85582
2.05207
2.21478
2.24172
2.6311
2.22125
2.25432
1.06292
1.97959
1.06609
2.00022
1.97957
1.93344
2.00155
1.95364
1.9263
1.89384
1.947
1.91062
1.86709
1.88396
1.58419
0.278337
0.802839
0.523012
1.60241
0.27781
0.802325
1.70565
1.19561
1.37876
1.6607
1.72365
1.19591
1.37979
1.70934
1.48916
1.52721
1.7263
1.72568
1.49042
1.52958
1.84087
1.55254
1.59033
1.70877
1.85907
1.55568
1.59343
1.83542
1.63802
1.64281
1.88672
1.84906
1.64153
1.64695
1.80371
1.61061
1.51526
1.82168
1.82378
1.61588
1.52467
1.3828
1.32717
1.40284
1.37309
1.69784
1.74121
1.49991
1.43331
1.52356
2.27223
1.54894
1.75211
1.52931
2.29922
1.54869
1.75615
2.01826
2.02988
2.57144
1.85649
2.05601
1.91822
2.58744
1.85743
2.06011
2.2278
2.25824
2.65182
2.23433
2.26986
1.06708
2.0062
1.06983
2.02184
2.00799
1.95951
2.02495
1.9748
1.95304
1.9156
1.96882
1.92872
1.88901
1.90241
1.60819
0.277323
0.802082
0.524712
1.62452
0.276891
0.802143
1.72924
1.19662
1.38125
1.6842
1.74452
1.19774
1.3831
1.73077
1.49213
1.53229
1.74728
1.74448
1.49422
1.53526
1.86442
1.55909
1.59679
1.72812
1.87906
1.56272
1.60036
1.85307
1.64526
1.65121
1.90592
1.8638
1.64916
1.65555
1.82957
1.62124
1.53403
1.8369
1.8444
1.62662
1.54325
1.40961
1.38717
1.42971
1.4264
1.75446
1.79077
1.54713
1.48785
1.57048
2.30758
1.54902
1.76077
1.54446
2.33068
1.55014
1.76595
2.03345
2.04383
2.59197
1.8586
2.06428
1.92754
2.60415
1.85997
2.06848
1.07069
2.02637
2.0299
1.97922
1.97339
1.93258
1.98525
1.94269
1.90638
1.9168
1.62962
1.74921
1.19921
1.38531
1.74872
1.49664
1.53848
1.76466
1.75997
1.49935
1.54188
1.88332
1.56652
1.60407
1.74403
1.89499
1.57044
1.60789
1.86692
1.65317
1.65991
1.92086
1.87524
1.65725
1.66426
1.84866
1.632
1.55229
1.84868
1.85953
1.63731
1.56107
1.43632
1.43829
1.45553
1.47116
1.80178
1.8318
1.59346
1.53553
1.616
2.33782
1.55175
1.77155
1.56224
2.35755
1.55408
1.77754
2.04704
2.05637
1.91986
1.89836
1.57445
1.61177
1.90761
1.61569
1.87765
1.66135
1.66857
1.93245
1.88404
1.66544
1.67281
1.86267
1.64254
1.56957
1.85776
1.87062
1.64765
1.57775
1.46173
1.48104
1.47952
1.50825
1.84084
1.86538
1.63798
1.5766
1.65938
2.36367
1.55683
1.78379
1.58189
2.38061
1.56021
1.79031
2.05926
2.06772
1.88589
1.66949
1.67695
1.89079
1.68098
1.87293
1.65262
1.5856
1.86477
1.87878
1.65742
1.5931
1.4852
1.5164
1.50133
1.53876
1.87275
1.89268
1.68011
1.6116
1.70016
2.38589
1.56392
1.79697
1.60274
2.40052
1.56818
1.80378
2.07034
2.07805
1.8805
1.66206
1.60024
1.87018
1.88485
1.66652
1.60702
1.50643
1.54545
1.52085
1.56377
1.89866
1.9148
1.71947
1.64123
1.73807
2.40511
1.5727
1.81064
1.62421
2.41785
1.57768
1.81757
2.08045
2.08752
1.88614
1.61343
1.52538
1.56924
1.53811
1.58423
1.91964
1.93272
1.7559
1.66622
1.773
2.42187
1.58285
1.82447
1.64585
2.43304
1.58839
1.83139
2.08973
2.09624
1.87699
1.96907
1.87911
1.54209
1.5887
1.55326
1.60098
1.93664
1.94726
1.78932
1.68726
1.80495
2.43657
1.59406
1.83821
1.66727
2.44642
1.60002
1.84501
2.09826
2.10426
1.88123
1.97637
1.88337
1.55672
1.60461
1.95046
1.81975
2.44953
1.60603
1.85164
2.10613
1.88549
1.41314
1.30873
1.44097
1.46852
2.39761
2.40586
2.29051
2.48654
2.2042
2.49001
2.28053
2.49976
2.21347
2.51917
2.53271
2.50673
2.54601
2.15997
1.57723
1.63641
1.5339
1.63021
1.57542
1.64329
1.53542
1.56817
1.60505
1.54494
1.61613
1.56458
1.612
1.54838
1.64128
1.76522
1.60803
1.77126
1.63517
1.77662
1.61379
1.57508
1.68961
1.58074
1.72873
1.56823
1.69956
1.58698
1.38849
1.38995
1.3648
1.412
1.3102
1.43764
1.46304
1.40853
1.31425
1.43483
1.45894
1.59198
1.54444
1.1788
1.20331
1.56288
1.56987
1.1876
2.42944
2.43683
2.32829
2.53452
2.24131
2.5444
2.31908
2.54468
2.25051
2.56366
2.58197
2.55339
2.59262
2.16409
1.47635
1.63065
1.35344
1.59286
1.47408
1.63792
1.35558
1.58693
1.6648
1.54194
1.65943
1.58399
1.67196
1.54484
1.58444
1.63301
1.55982
1.6454
1.58006
1.63984
1.56411
1.66596
1.80731
1.63157
1.81328
1.65976
1.81661
1.63765
1.60256
1.72709
1.60557
1.76293
1.59565
1.73532
1.61181
1.475
1.47481
1.45476
1.4944
1.32001
1.4326
1.45643
1.4093
1.32726
1.43094
1.45521
1.69906
1.64241
1.21981
1.27134
1.67306
1.66393
1.23167
2.45777
2.46426
2.36101
2.57117
2.27636
2.5864
2.35326
2.57886
2.28448
1.48751
1.65959
1.36339
1.62087
1.48427
1.66666
1.36651
1.59985
1.6931
1.5545
1.68819
1.59623
1.69982
1.55821
1.60217
1.65972
1.57714
1.67306
1.59766
1.66596
1.58175
1.68951
1.84126
1.65545
1.84768
1.68384
1.84866
1.66119
1.62853
1.75788
1.62948
1.79056
1.6222
1.76454
1.63517
1.54625
1.54861
1.5299
1.56512
1.3359
1.42981
1.45513
1.41501
1.34575
1.42932
1.45616
1.79178
1.72534
1.27003
1.3395
1.76938
1.74342
1.28331
2.48256
2.48818
2.38771
2.59873
2.30664
2.61827
2.38148
2.60447
2.3134
1.50151
1.6872
1.37662
1.64794
1.49768
1.69373
1.38033
1.61448
1.71904
1.5695
1.71444
1.61055
1.72497
1.57355
1.61956
1.68367
1.595
1.69774
1.61521
1.68911
1.59955
1.71045
1.86803
1.67762
1.87521
1.70555
1.87381
1.68273
1.65146
1.78264
1.65085
1.81253
1.64595
1.78792
1.65578
1.60292
1.61012
1.59002
1.62364
1.35667
1.42929
1.45815
1.42469
1.36846
1.4299
1.46118
1.87045
1.79543
1.32374
1.40352
1.8514
1.81064
1.33731
2.50401
2.50885
2.40878
2.61866
2.33166
2.64221
2.40393
2.62251
2.33713
1.51693
1.71232
1.39166
1.6728
1.51286
1.71799
1.39562
1.62954
1.74164
1.58528
1.73725
1.62559
1.74668
1.58935
1.63596
1.7043
1.61217
1.71889
1.63191
1.70888
1.61644
1.72832
1.88877
1.6972
1.89692
1.72424
1.89323
1.70158
1.67095
1.8022
1.66917
1.82977
1.6663
1.80632
1.67333
1.64743
1.66014
1.63733
1.67102
1.38097
1.43092
1.46501
1.43687
1.39401
1.43256
1.46977
1.93702
1.85488
1.37715
1.46143
1.92081
1.86773
1.39027
2.52249
2.52667
1.53251
1.73367
1.40731
1.69484
1.52849
1.73838
1.41129
1.64413
1.7607
1.60074
1.7564
1.64035
1.76488
1.6046
1.65094
1.72158
1.62797
1.73649
1.64728
1.72536
1.63183
1.74322
1.90467
1.71401
1.91387
1.73989
1.90808
1.71767
1.68717
1.81745
1.68453
1.84317
1.68331
1.82064
1.68798
1.68212
1.70023
1.67428
1.70889
1.40743
1.43451
1.47513
1.451
1.42108
1.43706
1.48129
1.9933
1.90543
1.42786
1.51254
1.97949
1.91625
1.44012
2.53848
2.54209
1.66429
1.73577
1.64206
1.75081
1.66106
1.73882
1.64547
1.75548
1.91676
1.72819
1.92702
1.75279
1.91936
1.73122
1.7005
1.82925
1.69724
1.85352
1.69733
1.8317
1.70008
1.70898
1.73206
1.70292
1.7389
1.43484
1.43986
1.48789
1.46644
1.44859
1.4432
1.49516
2.04091
1.94833
1.47464
1.55686
2.02914
1.95739
1.48584
2.5524
2.55556
1.7655
1.92593
1.74004
1.93722
1.76335
1.92791
1.74252
1.71139
1.83834
1.7077
1.86149
1.7088
1.84022
1.71003
1.72969
1.75718
1.72502
1.76256
1.46223
1.44669
1.50268
1.48259
1.47567
1.45066
1.51075
2.08118
1.98462
1.51699
1.59482
2.07114
1.99218
1.52709
2.56464
2.56743
1.7203
1.84535
1.71629
1.86765
1.71817
1.84679
1.71821
1.74566
1.77695
1.74206
1.78119
1.48884
1.45473
1.51893
1.4989
1.50169
1.4592
1.52753
2.11525
2.01526
1.55487
1.62704
2.10667
2.02153
1.56389
2.57551
2.57799
1.75803
1.79251
1.75523
1.79585
1.51416
1.46368
1.53609
1.51494
1.52622
1.46848
1.54495
2.14408
2.04105
1.58849
1.65425
2.13674
2.04623
1.5965
2.58524
2.58748
1.76765
1.80478
1.76548
1.80742
1.53783
1.47328
1.5537
1.5304
1.54901
1.4783
1.56264
2.1685
2.06275
1.61818
1.67717
2.16222
2.06701
1.62526
2.59401
2.59605
1.77521
1.81447
1.77349
1.81655
1.55963
1.48312
1.57128
2.18921
2.08102
1.64432
1.69645
2.18383
2.0845
1.65055
2.60198
2.60382
2.26121
2.44018
2.47254
2.19538
2.4576
2.18683
2.27091
2.23969
2.61724
2.47805
2.60381
2.46276
2.25135
1.62375
1.73459
1.75345
1.6027
1.74098
1.59749
1.62942
1.61026
1.73612
1.75144
1.61504
1.74068
1.6098
1.61582
1.55523
1.6983
1.67908
1.57478
1.66826
1.56885
1.56168
1.46189
1.63152
1.62367
1.34097
1.61205
1.32467
1.46984
1.31574
1.36752
1.34486
1.34049
1.32444
1.3566
1.25855
1.32017
1.31734
1.31127
1.3098
1.30993
1.26788
1.02196
1.0758
1.27956
1.12194
1.24982
1.11657
1.04187
1.41869
1.68601
1.61462
1.5039
1.15693
1.51692
1.1706
1.48952
1.16401
1.53399
1.72638
1.66913
1.64115
1.75532
1.50472
1.43216
1.80514
2.09267
1.50588
1.44168
1.81247
1.50439
2.10605
1.464
1.82815
1.45255
1.82015
1.50529
2.32432
2.3486
1.94389
2.33268
2.36004
2.63494
2.64527
2.42178
2.41395
1.94948
2.34838
2.38126
2.34071
2.37092
2.66418
2.65496
2.00547
2.11289
2.17232
2.42302
2.0024
2.12197
2.18016
2.00886
2.43745
2.13939
2.19633
2.13077
2.18813
2.0126
2.27395
2.62985
2.4927
2.26285
2.64162
2.50662
2.30012
2.50477
2.52371
2.23212
2.51209
2.2227
2.30986
2.28473
2.66281
2.53247
2.6526
2.5199
2.29499
2.28116
2.28456
2.1877
2.19699
2.27144
2.29358
2.19268
2.53114
2.57063
2.55868
2.54252
2.29098
2.20113
2.31161
2.20338
2.3027
2.19773
2.30053
1.0499
1.68845
1.68294
1.87166
1.87641
1.86537
1.86845
1.86949
1.85558
1.82952
1.8532
1.83968
1.79289
1.80779
1.80699
1.79194
1.80294
1.80444
1.82177
1.83319
1.82044
1.81329
1.82778
1.81641
1.75696
1.7798
1.76562
1.85374
1.86154
1.78938
1.78216
1.77404
1.87628
1.86907
1.00589
1.51885
1.37753
1.27375
1.37311
1.27294
1.00616
1.47073
1.57245
1.6234
1.35171
1.61622
1.35023
1.47235
1.47132
1.63466
1.62446
1.53794
1.6172
1.53588
1.47354
1.55658
1.62953
1.57081
1.63591
1.55455
1.63628
1.57376
1.57914
1.63741
1.65755
1.5395
1.6504
1.5372
1.58159
1.55879
1.64302
1.65018
1.58024
1.64321
1.57671
1.56151
1.5383
1.57455
1.60396
1.74685
1.53497
1.58197
1.60909
1.57189
1.62353
1.62602
1.55588
1.61905
1.55193
1.57596
1.5418
1.75723
1.59645
1.61987
1.58928
1.61439
1.54561
1.62731
1.76164
1.62039
1.7626
1.62139
1.77153
1.62603
1.64735
1.78242
1.79766
1.6256
1.78732
1.61957
1.6536
1.63315
1.77079
1.78988
1.63745
1.78086
1.63164
1.63918
1.48616
1.63497
1.3569
1.68158
1.47787
1.64569
1.3729
1.58187
1.73795
1.71829
1.59944
1.70921
1.59312
1.58885
1.49436
1.69652
1.66585
1.40364
1.65607
1.38833
1.50269
1.41662
1.38738
1.28917
1.32573
1.31346
1.32599
1.27819
1.33463
1.31652
1.08309
1.30876
1.12861
1.12824
1.06236
1.33721
1.13602
1.41144
1.45451
1.43355
1.43354
1.44428
1.47029
1.30083
1.32922
1.35403
1.32441
1.34417
1.3201
1.31289
1.10399
1.14668
1.39139
1.15345
1.36479
1.14444
1.12475
1.48853
1.51081
1.81909
1.69546
1.79375
1.72303
1.61953
1.22009
1.61885
1.20828
1.59541
1.19771
1.64721
1.8551
1.77507
1.7485
1.87688
1.50944
1.47658
1.83627
2.14603
1.50683
1.48932
1.84456
1.51261
2.15911
1.51656
1.86125
1.50303
1.85288
1.51663
2.35575
2.39104
1.96626
2.36275
2.40031
2.67278
2.68092
2.45099
2.44405
1.97158
2.37589
2.41729
2.36951
2.40904
2.6956
2.68848
2.02065
2.14765
2.20447
2.47669
2.01652
2.15568
2.21265
2.02484
2.48819
2.17069
2.22854
2.16331
2.22063
2.02914
2.31421
2.67229
2.54441
2.30488
2.68107
2.55564
2.33688
2.55589
2.56297
2.26805
2.55412
2.25933
2.34537
2.32314
2.69668
2.57631
2.68919
2.5663
2.33152
2.31921
2.32047
2.20894
2.21573
2.31005
2.32902
2.21498
2.57344
2.61211
2.60269
2.58264
2.32824
2.22064
2.34547
2.22686
2.33744
2.22073
2.33683
1.69368
1.05419
1.69864
1.8868
1.9115
1.89659
1.05555
1.70778
1.70333
1.92324
1.91442
1.90578
1.88266
1.90884
1.89507
1.86602
1.86747
1.87813
1.92087
1.91776
1.90677
1.87875
1.90035
1.88958
1.84529
1.85963
1.85672
1.83861
1.84173
1.84887
1.87094
1.87768
1.86751
1.85039
1.86782
1.85862
1.79001
1.81619
1.79756
1.88322
1.88983
1.82449
1.8118
1.80484
1.90218
1.89616
1.00753
1.38212
1.27483
1.5383
1.00679
1.38679
1.27624
1.00862
1.54495
1.3964
1.27982
1.39158
1.27788
1.00979
1.47871
1.63177
1.54008
1.65691
1.47587
1.6391
1.54275
1.47868
1.59985
1.65242
1.36059
1.6452
1.3579
1.48149
1.48158
1.66431
1.65369
1.54859
1.64642
1.54543
1.48491
1.56756
1.65723
1.58365
1.66409
1.5643
1.66419
1.5876
1.58976
1.66679
1.68615
1.55117
1.67914
1.5478
1.59309
1.57078
1.67107
1.67798
1.59556
1.67117
1.59132
1.57443
1.55358
1.60345
1.62543
1.78639
1.54948
1.61025
1.63105
1.58876
1.6526
1.65321
1.57281
1.64664
1.5683
1.59329
1.55766
1.79524
1.62327
1.6423
1.61687
1.6367
1.5619
1.65104
1.79834
1.64313
1.7935
1.64507
1.8065
1.64891
1.67202
1.82249
1.83357
1.6496
1.82525
1.64363
1.678
1.65681
1.80041
1.82147
1.66012
1.81413
1.6545
1.66257
1.51901
1.6753
1.41826
1.73621
1.51084
1.68418
1.43261
1.60918
1.77042
1.75071
1.62376
1.74328
1.61777
1.61585
1.52689
1.74793
1.70073
1.45942
1.69273
1.44619
1.53471
1.51754
1.49473
1.33785
1.36435
1.32915
1.34168
1.32531
1.3748
1.33457
1.16554
1.41694
1.1632
1.20342
1.14536
1.44139
1.1734
1.49428
1.53131
1.51325
1.51256
1.53888
1.55874
1.35051
1.34675
1.39629
1.34664
1.38555
1.3403
1.36316
1.18531
1.22205
1.48692
1.19506
1.46473
1.18408
1.20447
1.57395
1.59367
1.92881
1.79925
1.91037
1.82442
1.72306
1.28869
1.70536
1.25692
1.68563
1.24418
1.74727
1.95986
1.87062
1.84705
1.97531
1.52619
1.53092
1.86954
2.1966
1.52108
1.5448
1.87779
1.53171
2.2085
1.57337
1.89402
1.55944
1.88596
1.53771
2.38209
2.42506
1.98705
2.38792
2.43238
2.7022
2.70841
2.47665
2.4706
1.99186
2.39897
2.44576
2.39362
2.43926
2.71951
2.71413
2.03774
2.17765
2.23616
2.51914
2.03342
2.18436
2.24362
2.04198
2.52809
2.19669
2.2577
2.19065
2.25077
2.04622
2.34696
2.7036
2.58578
2.33951
2.70998
2.59464
2.36812
2.59514
2.5926
2.29959
2.58595
2.29215
2.37507
2.35406
2.72128
2.61086
2.71587
2.60303
2.36064
1.71198
1.05941
1.71595
1.92251
1.95423
1.93011
1.06061
1.72322
1.71969
1.96326
1.94388
1.93721
1.92809
1.95294
1.93777
1.91051
1.90871
1.92004
1.96238
1.95536
1.94686
1.9175
1.93742
1.92902
1.88726
1.90115
1.89625
1.87653
1.87384
1.88474
1.91008
1.91263
1.9047
1.8809
1.89979
1.89249
1.8185
1.84729
1.82487
1.90792
1.91337
1.85424
1.83678
1.83099
1.92343
1.91854
1.01275
1.40125
1.28194
1.56486
1.01125
1.40608
1.28432
1.01454
1.5714
1.41569
1.28961
1.41092
1.28685
1.01634
1.49187
1.6609
1.55167
1.6857
1.48817
1.66799
1.55519
1.49068
1.62779
1.68048
1.37316
1.67365
1.36969
1.49427
1.49544
1.69257
1.68182
1.56235
1.67498
1.55857
1.49939
1.58186
1.68475
1.59941
1.69095
1.57795
1.69128
1.60376
1.60323
1.69507
1.7128
1.56573
1.70645
1.56181
1.60704
1.58555
1.69733
1.70389
1.612
1.69773
1.60763
1.58959
1.57035
1.62946
1.64789
1.81978
1.56607
1.63542
1.65335
1.6065
1.6796
1.67794
1.59069
1.67209
1.58609
1.61095
1.5745
1.82712
1.64667
1.66404
1.64116
1.65879
1.57873
1.67356
1.8283
1.66549
1.8193
1.66811
1.83485
1.67085
1.69505
1.85509
1.86203
1.67227
1.85547
1.66682
1.70035
1.6788
1.82495
1.84675
1.68099
1.84093
1.67595
1.68389
1.54962
1.70843
1.4719
1.77867
1.54221
1.7156
1.48398
1.63448
1.79655
1.77691
1.64584
1.77097
1.64053
1.6404
1.55663
1.78764
1.72889
1.50621
1.7225
1.4953
1.56352
1.59444
1.57726
1.38837
1.40719
1.3532
1.36373
1.37582
1.41795
1.36029
1.24092
1.50802
1.20634
1.27666
1.22307
1.52801
1.21777
1.56172
1.59586
1.58088
1.57627
1.61043
1.62522
1.40083
1.36993
1.43935
1.37513
1.42877
1.36748
1.41309
1.25816
1.29392
1.56481
1.24092
1.54694
1.22932
1.27459
1.64874
1.66576
2.01698
1.89156
2.00413
1.91344
1.8121
1.35609
1.77845
1.31025
1.76185
1.29673
1.83276
2.04375
1.95292
1.93269
2.05435
1.55062
1.58796
1.90193
2.24197
1.54401
1.60165
1.90971
1.55755
2.25243
1.62929
1.92483
1.61599
1.91736
1.56462
2.40422
2.45185
2.0057
2.40913
2.4576
2.72446
2.7291
2.4989
2.49368
2.00998
2.4185
2.46809
2.41398
2.463
2.73736
2.73336
2.05441
2.20233
2.26432
2.55203
2.05034
2.20775
2.27068
2.05836
2.55888
2.21761
2.28256
2.21278
2.27676
2.06222
2.37269
2.72628
2.61826
2.3669
2.73088
2.62515
2.39339
2.62484
2.61447
2.32586
2.60973
2.31978
2.39888
2.37821
2.73901
2.63774
2.73513
2.63168
2.38328
1.72655
1.06401
1.72969
1.95011
1.98694
1.95595
1.06507
1.73542
1.73264
1.99381
1.96651
1.9614
1.96333
1.98737
1.97078
1.94533
1.94063
1.95272
1.99469
1.98429
1.97777
1.94737
1.96616
1.95967
1.92005
1.93365
1.92699
1.90665
1.89976
1.9131
1.94056
1.93958
1.9335
1.90537
1.92485
1.91916
1.84232
1.87301
1.84756
1.92805
1.93241
1.87866
1.85725
1.85255
1.94038
1.93652
1.02037
1.42043
1.29246
1.59039
1.01836
1.42508
1.29551
1.0226
1.59648
1.43416
1.3019
1.42967
1.29862
1.02479
1.50727
1.68853
1.56592
1.71184
1.50315
1.69505
1.56986
1.50514
1.65439
1.70632
1.38787
1.70014
1.38399
1.50914
1.51115
1.71789
1.70758
1.57756
1.70142
1.57354
1.51535
1.5975
1.70996
1.61586
1.71496
1.59338
1.71572
1.62021
1.61805
1.72051
1.73627
1.58145
1.73078
1.57737
1.62201
1.60126
1.7205
1.72669
1.62826
1.72137
1.62399
1.60533
1.58691
1.65195
1.66926
1.84731
1.5828
1.65699
1.67423
1.6237
1.70343
1.69942
1.60813
1.69441
1.60372
1.62791
1.59086
1.85328
1.66641
1.68387
1.66182
1.67919
1.59482
1.69349
1.85213
1.68575
1.84024
1.68878
1.85728
1.69044
1.71528
1.88106
1.88416
1.6925
1.87908
1.68776
1.71977
1.69803
1.84476
1.86656
1.69919
1.86203
1.69486
1.70235
1.57643
1.73503
1.51643
1.81088
1.57004
1.74071
1.52625
1.65656
1.81725
1.79769
1.66492
1.79301
1.66039
1.66162
1.58241
1.81761
1.75118
1.54415
1.74616
1.53539
1.58825
1.65167
1.63897
1.43702
1.4499
1.3828
1.38941
1.4252
1.46016
1.39084
1.30532
1.58169
1.2525
1.34309
1.29036
1.59759
1.26402
1.61511
1.64863
1.63648
1.62654
1.66347
1.67435
1.44864
1.39612
1.48015
1.40703
1.47034
1.39879
1.4598
1.31963
1.35828
1.62664
1.28668
1.61257
1.27542
1.33314
1.71292
1.72737
2.08808
1.97055
2.07936
1.9892
1.88755
1.4187
1.84035
1.36407
1.82636
1.35066
1.90513
2.11154
2.02248
2.00531
2.11867
1.57927
1.6432
1.93217
2.28156
1.57194
1.65597
1.93931
1.58687
2.29058
1.68153
1.95313
1.66936
1.94632
1.59433
2.423
2.47288
2.02228
2.42717
2.47741
2.74103
2.74448
2.51808
2.51359
2.02608
2.43523
2.48568
2.43136
2.48165
2.7506
2.74763
2.06957
2.22208
2.2881
2.57721
2.06595
2.22637
2.29334
2.07307
2.58241
2.23414
2.3031
2.23034
2.29838
2.07645
2.39257
2.74259
2.64347
2.38813
2.74586
2.6488
2.41317
2.64712
2.62911
2.34717
2.62593
2.3423
2.4174
2.39682
2.75162
2.6585
2.74886
2.65383
2.4007
1.73804
1.06803
1.74051
1.97128
2.01178
1.97576
1.06895
1.74502
1.74282
2.01698
1.98387
1.97994
1.99041
2.01401
1.99612
1.97225
1.96496
1.97795
2.01966
2.00646
2.00147
1.97006
1.98825
1.98328
1.94526
1.95866
1.95055
1.93017
1.92024
1.93516
1.96392
1.96011
1.9555
1.92463
1.94421
1.93984
1.86172
1.89374
1.86592
1.94402
1.94743
1.89823
1.87364
1.86991
1.95362
1.95063
1.02944
1.43855
1.3052
1.61379
1.02715
1.44282
1.30862
1.03191
1.61925
1.45107
1.31558
1.44702
1.31205
1.03429
1.52348
1.71354
1.58128
1.73454
1.51927
1.71916
1.58531
1.52071
1.67859
1.72866
1.40347
1.72349
1.39947
1.52477
1.52735
1.73968
1.7297
1.593
1.72459
1.58902
1.53149
1.61308
1.7319
1.63194
1.73551
1.60907
1.73679
1.63611
1.63305
1.74241
1.75621
1.59708
1.75161
1.59311
1.63693
1.61668
1.74017
1.746
1.64365
1.74155
1.63964
1.62055
1.60237
1.6708
1.68854
1.86962
1.5986
1.67496
1.69289
1.63978
1.72367
1.71751
1.62432
1.71335
1.62027
1.64363
1.60597
1.8744
1.68268
1.70131
1.67893
1.69727
1.60955
1.71046
1.87073
1.70326
1.85688
1.70653
1.87472
1.70724
1.73243
1.90149
1.90116
1.70997
1.89725
1.70595
1.73613
1.7143
1.86043
1.88186
1.7146
1.87837
1.71097
1.71787
1.59908
1.75601
1.55233
1.83488
1.59374
1.76043
1.56017
1.67521
1.83345
1.81394
1.68098
1.81031
1.6772
1.67943
1.60406
1.83985
1.76859
1.5744
1.7647
1.56744
1.60891
1.69375
1.68445
1.48107
1.48984
1.41511
1.41635
1.4707
1.49913
1.4234
1.35814
1.63987
1.29775
1.40085
1.34603
1.65228
1.3086
1.65696
1.69104
1.68133
1.66588
1.70237
1.7103
1.49117
1.42307
1.51697
1.43963
1.50826
1.43144
1.50073
1.36968
1.41382
1.67485
1.32956
1.66394
1.31921
1.3805
1.76712
1.77922
2.14655
2.03719
2.14077
2.053
1.95138
1.47494
1.89299
1.41566
1.88118
1.40294
1.96633
2.16742
2.08099
2.06643
2.17205
1.60954
1.69432
1.9598
2.31557
1.60205
1.70584
1.96628
1.6173
2.3233
1.7289
1.97878
1.71802
1.97263
1.62474
2.43913
2.48947
2.03704
2.44273
2.49306
2.75331
2.75588
2.53465
2.53077
2.04043
2.44975
2.49966
2.44639
2.49644
2.76043
2.75821
2.08284
2.23765
2.30765
2.59637
2.07971
2.24102
2.31189
2.08587
2.6003
2.24711
2.31979
2.24412
2.316
2.08875
1.74707
1.98753
2.01113
2.03454
2.01547
1.99291
1.98331
1.99723
1.96441
1.97763
1.96841
1.94829
1.93617
1.95209
1.98159
1.97561
1.97214
1.93956
1.95896
1.95565
1.87718
1.91007
1.88049
1.95643
1.95904
1.91356
1.88653
1.88362
1.96376
1.96149
1.45502
1.31907
1.0368
1.53929
1.73461
1.59662
1.7536
1.53526
1.73922
1.60051
1.62778
1.75034
1.64703
1.75262
1.62404
1.75438
1.65089
1.64742
1.76067
1.77274
1.61179
1.76896
1.6081
1.65105
1.63108
1.75646
1.76194
1.65774
1.75831
1.65408
1.63462
1.61632
1.68625
1.70539
1.88748
1.61295
1.68963
1.70912
1.65437
1.74042
1.73245
1.63886
1.72904
1.63524
1.65782
1.61952
1.89128
1.69586
1.71634
1.69284
1.71292
1.62267
1.72459
1.88505
1.718
1.86989
1.72137
1.88811
1.7213
1.74666
1.91741
1.91411
1.72475
1.91113
1.72141
1.74965
1.72779
1.87263
1.89355
1.72738
1.89088
1.72439
1.73068
1.61785
1.77235
1.58089
1.85256
1.61345
1.77576
1.58709
1.69067
1.84602
1.82653
1.69431
1.82374
1.69119
1.69415
1.62195
1.85621
1.78205
1.59834
1.77906
1.59284
1.62592
1.72438
1.71764
1.51881
1.52553
1.44754
1.44282
1.51004
1.53365
1.45554
1.40039
1.6851
1.33963
1.4498
1.39078
1.69467
1.3494
1.68952
1.72478
1.71708
1.69642
1.73062
1.73635
1.52735
1.44923
1.54914
1.47095
1.54161
1.46322
1.53536
1.40954
1.46066
1.71204
1.36804
1.70365
1.35889
1.41806
1.81229
1.82228
2.19543
2.09327
2.19181
2.10668
2.00535
1.52432
1.93768
1.46353
1.92777
1.45179
2.0181
2.21417
2.13029
2.11792
2.21691
1.63976
1.74043
1.9848
2.34464
1.63244
1.75066
1.99063
1.64737
2.35124
1.77117
2.00187
1.76157
1.99635
1.65453
2.45318
2.05025
2.45633
2.54905
2.54567
2.05331
2.46252
2.45956
1.88919
1.92269
1.89158
1.96588
1.96784
1.62861
1.69873
1.71987
1.90167
1.62567
1.70143
1.723
1.6314
1.90466
1.7064
1.72913
1.70399
1.72627
1.63413
1.73619
1.89597
1.73019
1.87993
1.73359
1.8983
1.73289
1.75834
1.92975
1.92393
1.73713
1.92166
1.73438
1.76074
1.73883
1.88204
1.90243
1.73788
1.90039
1.73543
1.74117
1.63324
1.78495
1.60347
1.86551
1.62963
1.78756
1.60836
1.70335
1.85572
1.83624
1.70529
1.8341
1.70273
1.70621
1.63658
1.8682
1.79239
1.61726
1.79011
1.61291
1.63982
1.74648
1.74164
1.55044
1.55651
1.47835
1.46778
1.54315
1.56346
1.48575
1.4337
1.71991
1.37692
1.49059
1.42616
1.72726
1.38545
1.71469
1.75144
1.74536
1.72
1.75096
1.75505
1.55754
1.47373
1.57666
1.49986
1.57026
1.49282
1.56416
1.44087
1.49958
1.74058
1.40163
1.73415
1.39371
1.44753
1.84945
1.85761
2.23669
2.14059
2.23473
2.15202
2.05102
1.56699
1.97553
1.50703
1.96723
1.49638
2.0619
2.25366
2.17204
2.16147
2.25494
1.66894
1.78147
2.00729
2.36952
1.66198
1.79047
2.01251
1.67622
2.37519
1.80861
2.02259
1.80019
2.01764
1.68298
2.46558
2.06217
2.46836
2.56167
2.55871
2.06493
2.47388
2.47126
1.74567
1.90425
1.74018
1.88764
1.74357
1.90602
1.74238
1.74785
1.88925
1.90915
1.74645
1.9076
1.74446
1.74973
1.64579
1.79463
1.62131
1.87501
1.64286
1.79661
1.62518
1.71372
1.86319
1.84371
1.71431
1.84207
1.71221
1.71606
1.64852
1.877
1.80032
1.63223
1.79858
1.62879
1.65117
1.76228
1.75883
1.57661
1.58291
1.50657
1.49071
1.57061
1.58877
1.51324
1.45973
1.74661
1.4093
1.52425
1.45386
1.75225
1.41662
1.73409
1.77243
1.76766
1.73819
1.76547
1.76839
1.58246
1.4961
1.59988
1.52586
1.59451
1.51958
1.58789
1.46533
1.53164
1.76248
1.43044
1.75753
1.4237
1.47052
1.87975
1.88638
2.27183
2.18072
2.27114
2.19051
2.08965
1.60345
2.00749
1.54604
2.00059
1.53648
2.09895
2.2873
2.20759
2.19851
2.28748
1.69657
1.81778
2.02745
2.39092
1.69005
1.82566
2.03212
1.70344
2.39583
1.84169
2.04114
1.83431
2.03673
1.70972
2.47664
2.07299
2.47912
2.57286
2.57023
2.07551
2.48411
2.48175
1.65603
1.80205
1.63545
1.88204
1.65364
1.80353
1.63853
1.72219
1.86896
1.8494
1.72173
1.84823
1.72
1.72411
1.65826
1.88353
1.8062
1.64415
1.80504
1.6414
1.66041
1.77355
1.77109
1.59809
1.60513
1.53183
1.51136
1.59318
1.61003
1.53772
1.48003
1.76712
1.43698
1.55188
1.47546
1.77147
1.44318
1.74907
1.78896
1.7852
1.75224
1.77583
1.77791
1.60289
1.51619
1.61932
1.54885
1.61484
1.54333
1.60733
1.48441
1.55794
1.77937
1.4549
1.77554
1.44921
1.48845
1.90433
1.90971
2.302
2.21496
2.30229
2.22341
2.12234
1.63435
2.03442
1.58072
2.02871
1.5722
2.1303
2.31621
2.23808
2.23021
2.31552
1.7224
1.84985
2.04551
2.40948
1.71636
1.85675
2.04968
1.72882
2.41377
1.87091
2.05776
1.86446
2.05381
1.73462
2.48661
2.08288
2.48885
2.58286
2.5805
2.08519
2.49339
2.49125
1.66435
1.80744
1.64672
1.88727
1.66242
1.80836
1.64917
1.78162
1.77985
1.61567
1.6237
1.55408
1.52973
1.61167
1.62777
1.55922
1.4959
1.78296
1.46044
1.5745
1.49232
1.78633
1.46566
1.76067
1.80198
1.79901
1.76314
1.78328
1.78479
1.6196
1.53401
1.63549
1.56891
1.63177
1.56412
1.62322
1.49933
1.57946
1.79249
1.47556
1.78951
1.47077
1.5025
1.92423
1.92859
2.32811
2.24437
2.32916
2.25171
2.15002
1.66042
2.05708
1.61138
2.05237
1.60381
2.15685
2.34122
2.26439
2.25753
2.33987
1.74636
1.87819
2.06167
2.42569
1.7408
1.88423
2.0654
1.75233
2.42945
1.89676
2.07263
1.89111
2.06911
1.75766
2.49568
2.53616
2.09196
2.49772
2.53763
2.78305
2.59187
2.58974
2.09409
2.50186
2.54042
2.49991
2.53904
2.78449
2.78375
1.7875
1.7862
1.63003
1.63913
1.57345
1.54589
1.62676
1.6425
1.5779
1.50836
1.7953
1.48024
1.59299
1.50555
1.79795
1.48461
1.76972
1.81225
1.80991
1.77165
1.78872
1.78984
1.63324
1.54966
1.6489
1.5863
1.64581
1.58214
1.63621
1.51108
1.59707
1.80281
1.49297
1.80044
1.48894
1.51358
1.94036
1.9439
2.35082
2.26978
2.35248
2.27618
2.17348
1.68238
2.07616
1.63838
2.07227
1.63168
2.17936
2.36299
2.28721
2.2812
2.3611
1.76848
1.90327
2.07614
2.43994
1.76339
1.90854
2.07946
1.77402
2.44325
1.91965
2.08594
1.91471
2.08279
1.77888
2.50396
2.54174
2.10032
2.50583
2.54304
2.78514
2.78583
2.60003
2.59809
2.10227
2.50965
2.54551
2.50785
2.54428
2.78709
2.78643
1.79187
1.7909
1.64178
1.65191
1.59021
1.56002
1.63911
1.65469
1.59402
1.51823
1.80504
1.49691
1.6081
1.51601
1.80713
1.50055
1.77682
1.8185
1.79277
1.95348
2.37072
2.29185
2.37283
2.29748
1.78876
1.92549
2.08906
2.45249
1.78416
1.93008
2.09199
2.51159
2.5467
2.10802
2.51328
2.54786
2.07004
2.15342
1.55832
1.57684
1.47721
1.53536
1.55685
1.50294
1.5176
1.52542
1.72455
1.54083
1.70871
1.57887
1.72026
1.53993
1.70677
1.96173
2.04073
1.81903
1.88114
1.96071
2.04603
1.81786
1.94701
1.70019
1.87434
1.78358
1.94472
1.69947
1.87297
2.15017
1.96201
2.07746
2.06409
2.14796
1.95972
2.07491
0.484012
0.128803
0.2895
0.168953
0.482928
0.128706
0.289348
1.15507
0.58606
0.91944
0.87434
1.15397
0.585293
0.920219
1.41676
1.10806
1.28321
1.31497
1.41536
1.10775
1.28322
1.52012
1.34825
1.44722
1.46432
1.51849
1.34738
1.44656
1.57485
1.47613
1.53423
1.55429
1.57327
1.47504
1.53309
1.50023
1.51591
1.52277
1.55261
1.49844
1.5143
1.52031
1.71642
1.53896
1.7048
1.57332
1.71309
1.53787
1.70278
1.96946
2.06258
1.81591
1.88648
1.96704
2.06829
1.81576
1.94284
1.69893
1.8717
1.78083
1.94144
1.69819
1.87041
2.14679
1.95771
2.07272
2.06129
2.14652
1.95593
2.07083
0.726122
1.07541
0.288341
0.519739
0.726449
1.07729
0.2879
0.481823
0.12861
0.289155
0.16848
0.480777
0.128514
0.288976
1.15287
0.584492
0.920753
0.871934
1.15184
0.583777
0.92126
1.41414
1.10731
1.28309
1.31229
1.41314
1.10694
1.28293
1.51713
1.34653
1.44587
1.46181
1.51608
1.34575
1.44517
1.57208
1.47402
1.53203
1.5516
1.57129
1.47303
1.53101
1.49751
1.51288
1.51819
1.55057
1.49742
1.51161
1.51631
1.71028
1.53674
1.70086
1.5681
1.70802
1.53554
1.69899
1.98062
2.08477
1.81634
1.8946
1.97761
2.09017
1.81687
1.94046
1.69765
1.86929
1.77865
1.93994
1.69694
1.86824
2.14705
1.95446
2.06933
2.0613
2.14817
1.95327
2.06822
0.726358
1.08347
0.287143
0.520801
0.726296
1.08558
0.286804
0.479724
0.128419
0.288758
0.16802
0.478744
0.128325
0.288556
1.15085
0.583021
0.921558
0.869632
1.14999
0.582351
0.921857
1.41231
1.10646
1.28269
1.31011
1.41172
1.10608
1.28245
1.51531
1.34502
1.4445
1.46046
1.51487
1.34438
1.44386
1.57086
1.47215
1.53012
1.5503
1.5708
1.47134
1.52932
1.49806
1.51056
1.5148
1.55052
1.4994
1.50968
1.51361
1.7063
1.53434
1.69729
1.5636
1.70514
1.53314
1.69574
1.99289
2.10519
1.8191
1.90388
1.98977
2.10999
1.82006
1.9398
1.69646
1.86739
1.77716
1.94006
1.69583
1.86667
2.14986
1.9524
2.06744
2.06362
2.15201
1.95183
2.06709
0.727998
1.09213
0.286334
0.52221
0.727611
1.09428
0.286083
0.477771
0.128233
0.288318
0.167577
0.476884
0.128141
0.288099
1.1492
0.581634
0.92198
0.867573
1.14857
0.581003
0.92213
1.41131
1.1056
1.28217
1.30857
1.41114
1.10524
1.28194
1.51469
1.34381
1.44329
1.46012
1.51482
1.34334
1.44279
1.57105
1.47066
1.52866
1.5503
1.57161
1.47009
1.52813
1.50133
1.50903
1.51278
1.55216
1.50383
1.50857
1.5123
1.70447
1.53198
1.6944
1.56012
1.70435
1.53087
1.69326
2.00495
2.12306
1.82333
1.91345
2.00197
2.12719
1.82454
1.94064
1.69544
1.86615
1.77638
1.94155
1.69492
1.86578
2.15457
1.95154
2.06702
2.06772
2.15745
1.95157
2.06737
0.730742
1.10076
0.28585
0.523837
0.730109
1.10284
0.285671
0.476017
0.128051
0.287848
0.167153
0.475246
0.127963
0.287619
1.14804
0.580327
0.922133
0.865865
1.14768
0.579738
0.922189
1.41116
1.1048
1.28169
1.30775
1.41141
1.10449
1.28152
1.51519
1.34296
1.44239
1.46078
1.51583
1.3427
1.44208
1.57244
1.46966
1.52775
1.55147
1.57354
1.46936
1.52751
1.50677
1.50833
1.51215
1.55519
1.51014
1.5083
1.51237
1.70466
1.52985
1.69235
1.55781
1.70546
1.52892
1.69168
2.01614
2.13832
1.82846
1.92291
2.01343
2.14183
1.82982
1.9427
1.69466
1.86562
1.77627
1.94412
1.69429
1.86562
1.10899
0.285637
0.733484
1.14745
0.579108
0.922124
1.41183
1.10413
1.28136
1.30769
1.41248
1.10391
1.28129
1.51669
1.34252
1.44188
1.46232
1.51777
1.34249
1.44179
1.57485
1.46919
1.52741
1.55362
1.57638
1.46916
1.52748
1.51383
1.50846
1.51286
1.55929
1.51784
1.50883
1.51371
1.52809
1.55676
1.52739
1.51903
1.34253
1.44182
1.46466
1.52049
1.34273
1.44197
1.57806
1.46927
1.52767
1.55656
1.57991
1.46952
1.52802
1.52205
1.50936
1.51479
1.56419
1.52647
1.51009
1.51621
1.52683
1.55699
1.52643
1.58187
1.46988
1.52848
1.56012
1.58396
1.47038
1.5291
1.53101
1.51094
1.5178
1.56962
1.53565
1.51199
1.5197
1.52615
1.55846
1.52606
1.54034
1.51313
1.52173
1.57537
1.54506
1.51444
1.52401
1.52612
1.56111
1.52636
1.72779
1.52673
1.69557
1.56483
1.73143
1.52728
1.69701
2.05659
2.18617
1.859
1.96529
2.0551
2.1878
1.86054
1.73521
1.52802
1.69856
1.56952
1.73911
1.52889
1.70031
2.06222
2.19217
1.86533
1.97276
2.0609
2.19363
1.86685
1.74311
1.52977
1.70201
2.06732
2.1975
1.87161
1.9799
2.06613
2.1988
1.87309
2.20864
2.19495
2.2558
2.15905
2.24948
2.15908
2.21214
1.96313
1.88195
2.05704
1.81633
2.0514
1.81694
1.96497
2.22036
2.26259
2.15942
2.20005
2.21615
2.26956
2.16034
2.22496
2.2026
2.28404
2.1632
2.2768
2.16153
2.22964
0.727136
0.519312
1.07358
0.288613
1.07189
0.726634
0.289107
1.97199
1.88817
2.07942
1.816
2.07381
1.81577
1.97478
2.23957
2.29139
2.16504
2.21283
2.23461
2.29862
2.1673
2.24474
2.21655
2.31292
2.17233
2.30588
2.16963
2.24979
0.72616
0.519998
1.08135
0.287308
1.07931
0.726075
0.28769
1.98361
1.89669
2.1004
1.81827
2.09528
1.81749
1.98673
2.26003
2.31991
2.17504
2.22908
2.255
2.32663
2.17807
2.26517
2.23318
2.3396
2.18418
2.33328
2.18098
2.27007
0.726773
0.521162
1.08993
0.286406
1.08777
0.727048
0.286694
1.99593
1.90609
2.11893
1.82218
2.11446
1.82108
1.999
2.27975
2.34581
2.18727
2.2461
2.27504
2.35169
2.1906
2.2845
2.2501
2.36286
2.19703
2.35746
2.1937
2.28895
0.728718
0.522636
1.09861
0.285847
1.09648
0.72928
0.286055
2.00782
1.91566
2.13482
1.82711
2.13101
1.82581
2.01068
2.29763
2.36815
2.20019
2.26233
2.29344
2.3731
2.20353
2.30184
2.26602
2.38244
2.20984
2.37795
2.20659
2.30573
0.731692
0.524302
1.10697
0.28557
1.10494
0.732462
0.285713
2.01876
1.92506
2.14828
1.83267
2.14504
1.83124
2.02134
2.05808
1.96702
2.19082
1.86371
2.18927
1.86217
2.05949
2.06358
1.97441
2.19629
1.86999
2.19491
1.86848
2.06484
2.59039
2.94488
0.814126
1.81822
2.05636
0.741181
1.79048
2.02562
0.731368
2.63032
2.97
0.823701
1.8497
2.0737
0.74833
1.81474
2.03834
0.737291
2.65926
2.98947
0.831004
1.87298
2.08641
0.753999
1.83262
2.04769
0.741908
2.68031
3.00461
0.83664
1.89039
2.09621
0.75858
1.84609
2.05509
0.745652
2.69565
3.01638
0.840975
1.9034
2.10386
0.762321
1.85632
2.06108
0.748751
1.91308
2.10983
0.76537
1.86406
2.06593
0.751325
1.92026
2.1145
0.767848
1.86991
2.06986
0.753459
1.92561
2.1182
0.769866
1.87435
2.07307
0.755233
1.87776
2.07576
0.756716
1.5397
1.78244
0.583763
2.2049
2.47284
0.730215
1.71276
2.52745
1.03405
2.10805
2.45094
0.877866
2.0618
2.37669
0.85155
1.95959
2.23092
0.799937
1.904
2.17709
0.7799
1.88406
2.13812
0.770854
1.93498
2.19396
0.787085
1.90646
2.15083
0.776069
1.86429
2.12119
0.766616
1.88548
2.13285
0.770998
1.72707
1.91619
0.691675
1.55824
1.78982
0.58787
1.60531
1.80806
0.597827
1.71369
2.52774
1.03424
2.11673
2.4555
0.879943
1.716
2.5285
1.0347
2.13835
2.46683
0.885322
2.07074
2.38135
0.853695
1.96839
2.23573
0.802132
2.09326
2.39303
0.859293
1.99065
2.2479
0.807933
1.94372
2.19865
0.78919
1.91299
2.15453
0.777676
1.96597
2.21066
0.794748
1.93017
2.16442
0.782023
1.89179
2.13631
0.772374
1.90864
2.14566
0.776181
1.61887
1.81357
0.600655
1.65508
1.82946
0.608309
1.71663
2.52871
1.03483
2.1443
2.46998
0.886869
1.71825
2.5293
1.03516
2.15929
2.47804
0.890921
2.09958
2.39633
0.860923
1.99688
2.25135
0.809637
2.1157
2.40489
0.865237
2.01269
2.26024
0.814169
1.97227
2.2141
0.796394
1.93518
2.16736
0.783373
1.98836
2.22309
0.800779
1.94834
2.17527
0.787032
1.91366
2.1485
0.777389
1.92704
2.15628
0.780725
1.66599
1.83467
0.610697
1.6957
1.84991
0.617446
1.7187
2.52946
1.03525
2.16347
2.48035
0.892101
1.71988
2.52993
1.0355
2.17412
2.48641
0.895236
2.12027
2.40738
0.866514
2.01713
2.26281
0.81551
2.1321
2.41404
0.869941
2.0284
2.2695
0.819098
1.99293
2.22571
0.802091
1.95217
2.17764
0.788171
2.00462
2.23264
0.805607
1.96219
2.18403
0.791243
1.93101
2.15865
0.781785
1.94152
2.16515
0.784692
1.70478
1.85486
0.619602
1.72973
1.86923
0.625744
2.32155
2.53655
0.756785
1.72023
2.53006
1.03557
2.17714
2.4882
0.896163
1.72113
2.53043
1.03576
2.18492
2.49303
0.898662
2.1355
2.41603
0.87097
2.03157
2.27146
0.820165
2.14437
2.42147
0.873763
2.03966
2.27663
0.823033
2.00794
2.23468
0.806664
1.9651
2.18595
0.7922
2.01645
2.24007
0.809512
1.97268
2.19112
0.794765
1.94461
2.16713
0.785614
1.95275
2.17251
0.788116
1.82711
1.96925
0.717069
1.73736
1.87383
0.627713
1.75832
1.88696
0.633291
1.72139
2.53054
1.03581
2.18716
2.49448
0.899411
2.14695
2.42312
0.874612
2.04194
2.27816
0.823891
2.01886
2.24166
0.810373
1.97488
2.19267
0.795566
2.02502
2.24583
0.812696
1.98058
2.19686
0.797698
1.95513
2.17414
0.788907
1.96132
2.17857
0.791033
1.76472
1.89111
0.63507
1.78224
1.90291
0.640077
1.96313
2.17991
0.791704
1.78758
1.90662
0.64167
1.80216
1.91709
0.646116
1.8066
1.92038
0.647525
1.81869
1.92962
0.651439
2.37374
2.57362
0.77158
1.859
1.99501
0.729504
1.82238
1.93252
0.65268
1.83244
1.94068
0.656116
1.83551
1.94325
0.657206
1.84392
1.95049
0.660227
1.8465
1.95278
0.661192
1.85358
1.95923
0.663884
1.85576
1.9613
0.664741
2.60172
2.95314
0.816915
2.60171
2.95183
0.816843
2.61091
2.95896
0.819252
2.66791
3.05617
0.847785
1.82756
2.06284
0.742709
1.82707
2.0613
0.743182
1.83588
2.06744
0.744761
1.76293
1.99623
0.719795
1.79729
2.02925
0.733002
1.76999
1.99997
0.72151
1.52182
1.79552
0.629681
1.6144
1.9336
0.601658
1.65123
1.92492
0.612549
1.59382
1.92786
0.5978
1.66787
1.93087
0.61584
2.63422
2.97409
0.825209
2.6385
2.97534
0.825772
2.64084
2.97851
0.826943
2.69962
3.0766
0.855297
1.85689
2.0789
0.749981
1.85624
2.07722
0.749918
1.86291
2.08212
0.751565
1.78836
2.00955
0.726067
1.8197
2.04091
0.738546
1.79357
2.01226
0.727407
1.59043
1.82522
0.647027
1.68401
1.95626
0.613156
1.71135
1.94637
0.624707
1.66981
1.9519
0.610451
1.72378
1.95111
0.626935
2.65784
2.99029
0.831456
2.66522
2.99363
0.832622
2.66269
2.99378
0.832797
1.87823
2.09049
0.755621
1.87787
2.0891
0.755284
1.88266
2.09292
0.756885
1.80734
2.01958
0.73104
1.83634
2.04969
0.742914
1.8113
2.02174
0.732131
1.63654
1.84548
0.658851
1.73473
1.97584
0.621967
1.75819
1.96517
0.633961
1.72433
1.97188
0.619762
1.76849
1.96983
0.635839
2.67516
3.00306
0.836285
2.68466
3.00786
0.837903
2.67873
3.00581
0.837326
1.89395
2.09936
0.76012
1.89405
2.09831
0.759639
1.89723
2.10126
0.761151
1.82182
2.02771
0.735136
1.84892
2.05671
0.746482
1.82483
2.02947
0.736045
1.66919
1.86161
0.667811
1.7743
1.99356
0.629402
1.79761
1.98372
0.642157
1.76607
1.98986
0.627508
1.80639
1.98827
0.64386
2.68771
3.01299
0.840018
2.69885
3.01892
0.84196
2.69016
3.015
0.840804
1.90554
2.10627
0.763758
1.90614
2.1055
0.763194
1.90796
2.10776
0.7646
1.83287
2.03438
0.738559
1.85846
2.06239
0.74944
1.83514
2.0358
0.739319
1.69346
1.87518
0.675051
1.80629
2.00934
0.635934
1.83155
2.00168
0.649734
1.79965
2.00606
0.634228
1.83925
2.00608
0.651291
2.52445
2.77782
0.823234
1.91402
2.11165
0.766696
1.91512
2.11112
0.76609
1.9158
2.11281
0.767383
1.84125
2.0398
0.741415
1.86568
2.06699
0.751896
1.84297
2.04094
0.742047
1.71185
1.88663
0.681084
1.83332
2.0242
0.641841
1.86127
2.01893
0.656801
1.82773
2.02113
0.64026
1.86792
2.02307
0.658227
1.92022
2.11585
0.769065
1.92179
2.11552
0.768443
1.92155
2.11677
0.769629
1.84762
2.04421
0.743791
1.87113
2.07072
0.753934
1.84892
2.04514
0.744315
1.72594
1.89622
0.686147
1.85652
2.03815
0.647292
1.88707
2.03506
0.663344
1.85177
2.03532
0.645822
1.89281
2.03887
0.664631
2.54257
2.79128
0.828443
1.92479
2.11919
0.770983
1.92678
2.11903
0.770361
1.92578
2.11993
0.771451
1.85248
2.04786
0.745769
1.87529
2.07379
0.755628
1.85347
2.04863
0.746207
1.73681
1.90428
0.690409
1.87659
2.05119
0.652326
1.90947
2.04995
0.669332
1.87257
2.04864
0.65095
1.91443
2.05346
0.670485
1.85623
2.05092
0.747427
1.87848
2.07636
0.757048
1.857
2.05157
0.747796
1.74529
1.91113
0.694016
1.894
2.06327
0.656959
1.92894
2.06369
0.674801
1.89059
2.06097
0.655676
1.93322
2.06692
0.67583
1.75201
1.91705
0.697093
1.90916
2.07444
0.661211
1.94583
2.07634
0.679781
1.90626
2.07237
0.660015
1.94952
2.0793
0.680693
1.75746
1.92227
0.699758
1.92242
2.08476
0.665132
1.96048
2.08792
0.684311
1.91996
2.0829
0.664006
1.96366
2.09062
0.685121
1.76196
1.92695
0.702124
1.93396
2.09427
0.668679
1.97319
2.09853
0.688436
1.93193
2.09258
0.667662
1.97592
2.10101
0.689132
1.66663
1.8931
0.678703
1.44672
1.75636
0.609985
1.41346
1.67112
0.579506
1.51932
1.77397
0.579098
1.54282
1.91152
0.588749
1.63263
1.91801
0.608292
1.61234
1.90996
0.603847
1.56845
1.91927
0.593794
2.19383
2.46774
0.727963
2.27989
2.66638
0.793398
2.52467
2.90584
0.821159
2.69935
3.00379
0.836209
2.46063
2.73701
0.806723
2.29893
2.67584
0.79711
2.55129
2.92144
0.826616
2.67661
3.06164
0.849805
1.71173
2.52713
1.03385
2.17084
2.70377
0.975744
2.09848
2.44589
0.875627
2.1792
2.57445
0.921217
2.05202
2.37156
0.849255
2.02188
2.31915
0.831957
1.95001
2.22566
0.797596
1.99057
2.27648
0.816782
1.89259
2.15741
0.774572
1.91517
2.18322
0.782457
1.88917
2.14998
0.773363
1.89202
2.14265
0.772664
1.9255
2.18883
0.784852
1.92246
2.17411
0.781617
1.89948
2.14687
0.774422
1.91547
2.1646
0.779636
1.85292
2.10877
0.763011
1.87175
2.12532
0.768121
1.87884
2.12921
0.769599
1.87143
2.11878
0.766935
1.89671
2.09217
0.76134
1.48951
1.70488
0.597354
1.54178
1.80452
0.634782
1.51047
1.71333
0.602186
1.46834
1.65709
0.582119
1.45069
1.65033
0.578218
1.57517
1.79633
0.591507
1.59082
1.80239
0.594808
1.8838
2.1749
0.662218
1.6353
1.9407
0.604754
1.69767
1.94144
0.621833
1.68354
1.93637
0.619214
1.65222
1.94552
0.6079
1.90768
2.1875
0.663115
2.30447
2.6788
0.798293
2.55871
2.92591
0.82822
2.7287
3.02156
0.842698
2.31891
2.68694
0.801444
2.57748
2.93748
0.832455
2.74614
3.03295
0.846846
2.70637
3.0812
0.856972
2.17374
2.70512
0.976385
1.71453
2.52801
1.03441
2.18542
2.57749
0.92268
2.12463
2.45963
0.881871
1.7153
2.52826
1.03456
2.18103
2.70861
0.978083
2.1318
2.46339
0.883659
2.20088
2.58501
0.926449
2.03092
2.32406
0.834188
2.07891
2.38559
0.855692
1.99939
2.28122
0.818967
1.97645
2.24012
0.804189
2.0864
2.38947
0.857556
2.0537
2.3365
0.840034
1.98386
2.24417
0.806121
2.02171
2.29324
0.824705
1.9309
2.17877
0.783698
1.95175
2.20297
0.791156
1.92297
2.16874
0.781507
1.9191
2.15802
0.779179
1.95916
2.20696
0.793013
1.95239
2.19073
0.789195
1.92483
2.16131
0.780649
1.94229
2.17951
0.786495
1.87696
2.12175
0.768149
1.89773
2.13959
0.773679
1.90334
2.1427
0.774967
1.89181
2.12983
0.771514
1.56347
1.73451
0.614337
1.60365
1.83086
0.650358
1.57846
1.74079
0.617807
1.52741
1.68095
0.595146
1.51415
1.67527
0.592183
1.63158
1.81893
0.603314
1.64365
1.82421
0.605872
1.96041
2.20563
0.678001
1.69909
1.96221
0.615368
1.71113
1.96628
0.617794
2.26812
2.50456
0.743784
2.32312
2.68942
0.802449
2.58274
2.94081
0.833691
2.33416
2.69623
0.805082
2.59606
2.94949
0.836943
2.76436
3.04572
0.851461
2.18306
2.7096
0.978579
1.71722
2.52892
1.03495
2.20512
2.58707
0.927527
2.14975
2.47288
0.888313
1.71775
2.52911
1.03506
2.18822
2.71222
0.979899
2.15473
2.47556
0.88966
2.21584
2.59237
0.930344
2.06007
2.34001
0.841749
2.10539
2.39938
0.86245
2.02798
2.29665
0.826394
2.0026
2.25453
0.811239
2.11075
2.40223
0.863887
2.07621
2.34907
0.846274
2.00786
2.25749
0.812749
2.04398
2.30558
0.830875
1.95846
2.19414
0.790826
1.97806
2.2173
0.797938
1.94782
2.18263
0.787999
1.93986
2.17014
0.784636
1.98342
2.22029
0.799404
1.97394
2.20303
0.795155
1.94425
2.17277
0.785877
1.9621
2.19088
0.792021
1.89625
2.1323
0.772577
1.91838
2.15121
0.778529
1.92285
2.1538
0.779662
1.90819
2.13911
0.775533
1.78433
1.94335
0.70485
1.61701
1.75815
0.627043
1.55154
1.69189
0.600702
1.64572
1.84982
0.661301
1.62805
1.76357
0.629815
1.67633
1.83981
0.612999
1.68625
1.84489
0.615258
2.01617
2.23027
0.689576
1.74645
1.98109
0.62378
1.75557
1.98496
0.625816
2.29509
2.52007
0.75013
2.33741
2.69831
0.805927
2.59982
2.95202
0.837893
2.50995
2.76772
0.819237
2.34601
2.70403
0.808138
2.60945
2.95869
0.840409
2.77802
3.05612
0.855176
2.18968
2.71297
0.980288
1.71913
2.52963
1.03534
2.21883
2.59389
0.931163
2.16732
2.4825
0.893211
1.71952
2.52978
1.03542
2.19343
2.71502
0.981333
2.17085
2.48452
0.894254
2.2265
2.59793
0.933345
2.08076
2.35168
0.847613
2.12451
2.40973
0.867719
2.04853
2.30818
0.832213
2.0212
2.26519
0.816774
2.12844
2.41194
0.868862
2.09241
2.35858
0.851178
2.02495
2.26742
0.81797
2.06027
2.31515
0.835798
1.97832
2.2056
0.796449
1.99714
2.22817
0.803324
1.96619
2.19331
0.793241
1.95574
2.17989
0.789231
2.00103
2.23047
0.804503
1.98946
2.21232
0.799885
1.95909
2.18201
0.790276
1.97675
2.19977
0.79651
1.91174
2.14119
0.776469
1.93473
2.16092
0.782778
1.93529
2.11362
0.77021
1.93824
2.16308
0.783769
1.9212
2.14693
0.779058
1.65668
1.77871
0.637396
1.58261
1.70729
0.608262
1.5918
1.71216
0.610601
1.67592
1.86522
0.669756
1.66492
1.78341
0.639708
1.71346
1.85974
0.621688
1.72178
1.86454
0.623751
1.78372
1.99819
0.630978
1.82337
1.99726
0.647644
1.81517
1.99279
0.646019
1.79103
2.00159
0.632785
2.07073
2.26061
0.697632
2.34858
2.70578
0.80886
2.6122
2.96066
0.84115
2.78084
3.05837
0.855977
2.52178
2.77591
0.822481
2.35543
2.71062
0.810726
2.61932
2.96593
0.843127
2.1945
2.71562
0.981644
1.72055
2.53019
1.03563
2.22869
2.59914
0.933991
2.17993
2.48989
0.897042
1.72085
2.53031
1.0357
2.1973
2.7173
0.982491
2.18251
2.4915
0.897873
2.2344
2.60244
0.935745
2.09573
2.36061
0.852247
2.13866
2.41793
0.871946
2.06364
2.31724
0.836883
2.03449
2.27329
0.821173
2.14161
2.41974
0.872878
2.10426
2.36606
0.855118
2.03718
2.27502
0.822129
2.07239
2.3229
0.839819
1.9926
2.21428
0.800916
2.01101
2.23659
0.807657
1.97979
2.20168
0.797506
1.96781
2.18776
0.793084
2.01384
2.23839
0.808609
2.00063
2.21943
0.803652
1.97034
2.18949
0.793961
1.98761
2.20681
0.800173
1.92399
2.14868
0.779875
1.9475
2.16901
0.78647
1.94704
2.12088
0.773424
1.95022
2.1708
0.787326
1.93137
2.15345
0.782109
1.95412
2.12553
0.775545
1.68627
1.79633
0.64606
1.69854
1.87824
0.676663
1.6924
1.80028
0.647999
1.63662
1.73803
0.623021
1.74465
1.87831
0.629612
1.75164
1.88269
0.631485
2.09478
2.27107
0.706946
1.81426
2.0137
0.637306
1.82034
2.01688
0.638951
2.10418
2.27916
0.705346
2.3575
2.71212
0.811345
2.62137
2.9675
0.843715
2.79036
3.06642
0.858792
2.36311
2.7163
0.812941
2.62677
2.97175
0.845299
2.19812
2.71781
0.982746
2.23606
2.60345
0.936274
2.10669
2.36769
0.855987
2.14937
2.42471
0.875421
2.07489
2.3246
0.840715
2.04405
2.27959
0.824703
2.0029
2.22094
0.804478
2.02109
2.24313
0.811189
1.98985
2.20833
0.800989
1.97691
2.19414
0.7963
2.02313
2.24453
0.811963
2.0087
2.22494
0.806669
1.97882
2.19554
0.797032
1.99562
2.21243
0.803168
1.93353
2.15489
0.782811
1.95733
2.17569
0.789635
1.9562
2.12694
0.776202
1.95941
2.17717
0.790366
1.93922
2.15882
0.784715
1.70821
1.81103
0.65331
1.64261
1.74178
0.624833
1.64824
1.74536
0.626567
1.71573
1.8892
0.682435
1.71272
1.81429
0.654925
1.65353
1.74879
0.62824
1.77082
1.89515
0.63678
1.77667
1.89909
0.638464
1.84019
2.02834
0.643094
1.87463
2.02715
0.66014
1.84535
2.03129
0.644625
2.13205
2.29575
0.712086
2.36484
2.71762
0.813482
2.36958
2.72134
0.814878
1.94086
2.16
0.785312
1.96479
2.18117
0.792315
1.84547
1.98277
0.723625
1.72434
1.8231
0.659338
1.66317
1.75523
0.631377
1.72892
1.89838
0.687283
1.72765
1.82579
0.660679
1.67557
1.76391
0.635617
1.67168
1.76114
0.634265
1.79266
1.91021
0.643189
1.79753
1.91371
0.644688
1.86255
2.0421
0.648435
1.904
2.04631
0.667625
1.86692
2.04479
0.649863
2.361
2.56396
0.767816
2.37106
2.72252
0.815362
2.37517
2.72588
0.816605
1.85248
1.98874
0.72652
1.73616
1.83302
0.664339
1.73912
1.90611
0.691368
1.73858
1.83524
0.665451
1.81081
1.92355
0.648864
1.81485
1.92664
0.650185
1.88189
2.05492
0.653362
1.92416
2.06033
0.673221
1.91954
2.05696
0.672126
1.8856
2.05734
0.654697
2.37136
2.57181
0.7709
2.37647
2.72696
0.817044
2.55505
2.80123
0.832157
2.38011
2.73003
0.818169
1.74484
1.84125
0.668498
1.74711
1.91271
0.694831
1.74664
1.84312
0.669427
1.69961
1.78259
0.644706
1.69716
1.78054
0.643722
1.82588
1.93532
0.653854
1.82924
1.93805
0.655015
2.18775
2.33058
0.730509
1.89869
2.06678
0.657891
1.94167
2.07324
0.678322
1.93768
2.07015
0.677348
1.90184
2.06896
0.659137
2.19331
2.33709
0.728255
2.38128
2.73103
0.818573
2.38457
2.7339
0.819605
1.75133
1.84821
0.671988
1.75348
1.91843
0.697794
1.7527
1.84981
0.672775
1.70823
1.79016
0.648315
1.70623
1.78836
0.647463
1.83843
1.94573
0.658237
1.84124
1.94816
0.659258
2.20347
2.3422
0.734959
1.91333
2.07774
0.662047
1.91602
2.0797
0.663213
2.3884
2.58547
0.776139
2.38564
2.73483
0.819981
2.64518
2.98807
0.85122
2.38865
2.73752
0.820937
2.6473
2.99017
0.851958
2.81582
3.09308
0.867505
1.75633
1.85424
0.674968
1.71194
1.79362
0.649954
1.75866
1.9235
0.700378
1.75741
1.85566
0.675655
1.84895
1.95498
0.662106
1.85132
1.95714
0.663019
2.21723
2.35279
0.738996
1.92615
2.08782
0.665888
1.92844
2.08961
0.666985
2.39558
2.59154
0.778436
2.38964
2.7384
0.821293
2.64797
2.99085
0.852194
2.5723
2.81599
0.837473
2.39244
2.74095
0.8222
2.64988
2.9928
0.852884
2.81814
3.09597
0.868386
1.76032
1.8596
0.677591
1.71693
1.7985
0.652257
1.71845
1.80003
0.652966
1.76294
1.9281
0.702672
1.76117
1.86092
0.678203
1.85784
1.96327
0.665552
1.85983
1.96524
0.666324
1.93738
2.09711
0.669446
1.97888
2.10347
0.690385
2.23352
2.36826
0.740145
2.39335
2.7418
0.82252
2.65048
2.99342
0.853105
2.44441
2.72789
0.802795
2.67085
3.05307
0.848628
1.52013
1.81303
0.646921
2.21538
2.47772
0.732443
2.46562
2.73989
0.807944
2.70758
3.07762
0.857742
1.59343
1.84561
0.663556
2.25234
2.49603
0.740278
2.48393
2.75087
0.812461
1.77055
1.93612
0.701445
1.64406
1.86881
0.675118
2.4997
2.7609
0.816511
1.68051
1.88747
0.684159
2.5131
2.76987
0.820095
1.70739
1.90265
0.691523
1.83035
1.97148
0.718152
1.72753
1.91495
0.697595
2.34199
2.55031
0.762366
2.53416
2.7849
0.825996
1.84115
1.97936
0.721969
1.74279
1.92495
0.702622
1.75449
1.93317
0.706808
2.55
2.79712
0.830642
1.7636
1.94004
0.710322
2.37602
2.57545
0.772316
2.55667
2.80256
0.832646
1.77078
1.94589
0.713301
2.3845
2.58226
0.774928
2.56275
2.80768
0.834497
1.77653
1.95094
0.715861
2.56836
2.81252
0.836228
1.78121
1.9554
0.718116
2.57357
2.81715
0.837869
2.57822
2.9374
0.811333
2.64957
2.95121
0.82299
2.56827
2.92936
0.820108
1.80876
2.05101
0.739145
1.81073
2.04675
0.740065
1.78307
2.02161
0.729614
1.68051
1.89827
0.681748
1.49655
1.80153
0.641336
2.16993
2.45651
0.722874
1.76589
2.1404
0.642634
2.54456
2.90361
0.802549
2.57459
2.92172
0.809183
2.72207
3.01743
0.841182
2.62159
2.96434
0.821612
2.65937
2.95673
0.825121
2.57974
2.93652
0.822705
2.60891
2.95511
0.829473
2.6994
3.07202
0.855651
1.79601
2.037
0.738205
1.87944
2.08315
0.757961
1.81878
2.04931
0.742847
1.81707
2.05016
0.741504
1.84275
2.06989
0.746751
1.83381
2.05891
0.745395
1.69346
1.9031
0.684522
1.80937
2.03556
0.735955
1.57773
1.83873
0.660035
1.78883
2.15058
0.64859
2.24383
2.49164
0.738369
1.84519
2.17525
0.659492
2.58293
2.92685
0.811097
2.47961
2.74821
0.811371
2.60442
2.94059
0.816174
2.65291
2.98505
0.829418
2.69229
2.97664
0.832615
2.61714
2.96046
0.831467
2.63814
2.9745
0.836611
2.72876
3.09262
0.863231
1.82528
2.05281
0.744197
1.90195
2.09494
0.762433
1.84253
2.06209
0.748032
1.91618
2.10267
0.765555
1.83867
2.06145
0.746557
1.86785
2.08355
0.752746
1.85156
2.06821
0.749757
1.73695
1.92036
0.693797
1.82861
2.04557
0.740848
1.76293
1.93232
0.699632
1.63295
1.8635
0.672509
1.86123
2.18271
0.66382
2.27546
2.50861
0.745409
1.90152
2.2023
0.67148
2.61044
2.94455
0.817645
2.75118
3.03636
0.848088
2.49598
2.75849
0.815535
2.62608
2.95536
0.821595
2.67571
3.0012
0.835434
2.64413
2.97861
0.838145
2.73004
3.00254
0.842199
2.65947
2.98946
0.842105
1.84748
2.06482
0.749147
1.92044
2.10504
0.766543
1.8607
2.07219
0.752373
1.93189
2.11161
0.769335
1.85531
2.07024
0.750725
1.88655
2.09399
0.757571
1.86529
2.07576
0.753421
1.84306
2.05338
0.744783
1.79054
1.94677
0.706444
1.67243
1.88316
0.682069
2.28236
2.5126
0.74707
1.91334
2.20836
0.67509
2.30099
2.5236
0.751537
1.94379
2.22474
0.680988
2.63049
2.95847
0.822744
2.76814
3.04849
0.852462
2.642
2.96706
0.82585
2.69231
3.01373
0.84006
2.73391
3.00545
0.843279
2.66387
2.99265
0.843299
2.67525
3.00118
0.846372
1.86449
2.07439
0.753306
1.8746
2.08032
0.756036
1.94436
2.11918
0.772661
1.86821
2.07743
0.754238
1.90054
2.10213
0.761506
1.87593
2.08199
0.756525
1.79636
1.95007
0.707995
1.85402
2.0597
0.748029
1.81147
1.9591
0.712234
1.70138
1.89915
0.689808
2.30651
2.52704
0.752967
1.95293
2.22995
0.684134
1.97667
2.24357
0.688828
2.64523
2.96951
0.826753
2.65376
2.97635
0.829199
2.78824
3.0646
0.858151
2.70447
3.02352
0.843626
2.67854
3.00372
0.84731
2.75387
3.02172
0.849083
2.68708
3.01052
0.849719
1.8775
2.08209
0.756814
1.8852
2.08686
0.759113
1.87816
2.08336
0.757214
1.91096
2.10848
0.764717
1.88404
2.08707
0.759142
1.81584
1.96184
0.713538
1.86232
2.06481
0.750725
1.72301
1.91212
0.696175
2.32605
2.53953
0.758019
1.98403
2.2481
0.691629
2.3383
2.54772
0.761299
2.00306
2.25968
0.695438
2.65614
2.97827
0.829908
2.53186
2.7832
0.825332
2.66255
2.98379
0.831845
2.79594
3.07154
0.86054
1.88739
2.08827
0.759757
1.89324
2.0921
0.761681
1.96166
2.13081
0.778015
1.88573
2.08817
0.759718
1.9187
2.11345
0.767327
1.89017
2.09117
0.761325
1.86859
2.06895
0.752962
1.83872
1.97753
0.721071
1.73934
1.92263
0.701443
2.00914
2.26364
0.697986
2.35212
2.55742
0.765194
2.02483
2.27376
0.701122
2.54057
2.78973
0.827852
1.89489
2.09322
0.762209
1.96326
2.13199
0.778574
1.89934
2.09631
0.763815
1.89144
2.09206
0.761803
1.92447
2.11737
0.76945
1.8948
2.09451
0.76314
1.87335
2.07232
0.754819
1.84739
1.98435
0.724387
1.75184
1.93125
0.705822
2.3552
2.55969
0.766124
2.02997
2.27731
0.703481
2.36375
2.56597
0.768585
2.04314
2.28629
0.706107
2.54821
2.7957
0.830107
1.89576
2.09524
0.763536
1.89831
2.09728
0.764653
1.84922
1.98588
0.725136
1.87699
2.07513
0.756369
1.85394
1.99008
0.727158
1.76152
1.93842
0.709491
2.36637
2.56799
0.769407
2.04756
2.28949
0.708316
2.05874
2.2975
0.710522
1.85535
1.99139
0.72779
1.87981
2.07751
0.757674
1.76913
1.9445
0.712592
2.06259
2.30041
0.712606
2.38249
2.58058
0.77426
2.07218
2.3076
0.714456
2.56127
2.80642
0.834043
1.86011
1.99614
0.730045
1.7752
1.94974
0.715244
2.07557
2.31025
0.716436
2.39028
2.587
0.776692
2.08389
2.31675
0.71799
2.56699
2.81133
0.835798
1.78013
1.95431
0.717571
2.39208
2.58856
0.77731
2.08691
2.31919
0.719886
2.39729
2.59296
0.778953
2.09419
2.32509
0.721211
2.81641
3.09378
0.867727
2.39892
2.59445
0.779525
2.09689
2.32739
0.723026
2.45004
2.73103
0.804153
2.65866
3.05043
0.845674
2.68109
3.05978
0.851111
1.49956
1.78489
0.623917
1.54132
1.82273
0.651812
2.47046
2.74272
0.809108
2.69243
3.07183
0.853552
2.71516
3.0829
0.85967
1.57584
1.81907
0.643372
1.60773
1.85193
0.666769
1.74614
1.92444
0.695817
2.48811
2.75348
0.813507
1.62656
1.84092
0.656232
1.65427
1.87384
0.67756
2.50325
2.76324
0.817439
1.66197
1.85786
0.665765
1.68799
1.89157
0.68613
1.80175
1.95322
0.709463
2.5161
2.77194
0.820909
2.31181
2.53031
0.754257
1.68802
1.872
0.673369
1.71297
1.90597
0.693143
2.52701
2.77966
0.823948
1.70771
1.88396
0.679676
1.73174
1.91764
0.698933
2.53637
2.78655
0.826626
2.34553
2.55274
0.763313
1.72275
1.894
0.684964
1.746
1.92714
0.703732
2.5445
2.79278
0.829005
2.35817
2.56182
0.766941
1.73434
1.90241
0.689411
1.75698
1.93499
0.707736
2.55172
2.79851
0.831151
1.74335
1.90953
0.693169
1.76555
1.94158
0.711105
2.55823
2.80387
0.833114
1.75047
1.91566
0.696368
1.77233
1.94721
0.713968
1.86111
1.99723
0.730547
2.56419
2.80891
0.83493
1.7562
1.92104
0.699124
1.77779
1.95209
0.716443
2.56969
2.81369
0.836639
1.7609
1.92585
0.701562
1.78225
1.95641
0.718622
2.5748
2.81828
0.838245
2.40053
2.59583
0.779994
2.56482
2.92931
0.808195
2.59173
2.94682
0.814388
2.58072
2.93988
0.811589
2.63911
2.94546
0.820814
2.55587
2.92169
0.817392
1.79847
2.04501
0.736893
1.81866
2.05778
0.7406
1.80887
2.0521
0.738244
1.80389
2.04299
0.73853
1.81993
2.05679
0.741879
1.81182
2.05231
0.739954
1.77505
2.01714
0.727728
1.75519
1.99205
0.717951
1.74692
1.98748
0.715988
1.71624
1.94916
0.700065
1.70772
1.94437
0.697847
1.47016
1.78773
0.634958
1.4746
1.77205
0.61738
1.44124
1.68418
0.586116
1.38698
1.62481
0.563698
1.36129
1.61324
0.557552
1.76968
2.12612
0.636752
1.71238
2.11591
0.63047
2.18224
2.46233
0.725461
1.80537
2.14554
0.640709
1.83301
2.1543
0.651288
1.74074
2.12933
0.638025
2.28667
2.66961
0.79466
2.53432
2.91143
0.823086
2.70741
3.00854
0.837934
2.55546
2.91013
0.80492
2.45542
2.73406
0.80547
2.29301
2.67281
0.795934
2.54317
2.91665
0.824903
2.71495
3.01305
0.839587
2.56537
2.91607
0.807112
2.61198
2.95828
0.819254
2.62709
2.96938
0.823376
2.61931
2.96435
0.82138
2.68497
2.97203
0.830867
2.67706
2.96717
0.829062
2.66854
2.96207
0.827118
2.59028
2.94318
0.825104
2.6
2.94936
0.827388
2.6906
3.06608
0.853476
2.68476
3.06683
0.85172
2.16766
2.70229
0.975059
2.17231
2.57104
0.919633
2.01201
2.31376
0.829581
1.98096
2.2713
0.814457
1.90337
2.16348
0.777064
1.89862
2.15526
0.775571
1.91332
2.16903
0.779421
1.90738
2.16012
0.777672
1.85946
2.11232
0.764371
1.88545
2.08627
0.759096
1.80416
2.04146
0.739854
1.86563
2.11565
0.765687
1.89123
2.08928
0.760227
1.81169
2.04551
0.74135
1.82734
2.06085
0.743613
1.82303
2.0533
0.742877
1.8343
2.06458
0.745313
1.83514
2.06576
0.744974
1.85048
2.07541
0.748385
1.84342
2.0716
0.746589
1.82858
2.0562
0.744163
1.84665
2.07117
0.748351
1.84065
2.068
0.746839
1.72418
1.95347
0.70212
1.70539
1.9076
0.687066
1.73139
1.95725
0.704012
1.80358
2.03255
0.734528
1.78266
2.00658
0.724637
1.77662
2.00345
0.723128
1.71664
1.91198
0.689447
1.74437
1.96392
0.707415
1.73817
1.96077
0.705778
1.46651
1.69532
0.592023
1.41026
1.63454
0.569112
1.43133
1.6429
0.573911
1.56042
1.83121
0.656159
1.5597
1.81225
0.639313
1.52963
1.72094
0.606583
1.86188
2.16937
0.653323
1.80926
2.15931
0.651944
2.22535
2.4825
0.73446
1.82824
2.16778
0.656909
2.23482
2.48709
0.736512
1.92548
2.19139
0.670858
2.30959
2.68163
0.799368
2.5655
2.93005
0.829726
2.73492
3.02556
0.844153
2.59073
2.93177
0.81291
2.4751
2.74549
0.810264
2.31441
2.68433
0.800462
2.57176
2.9339
0.831135
2.74071
3.02932
0.845529
2.59779
2.93624
0.814583
2.69906
2.98101
0.834234
2.64594
2.98034
0.827593
2.65261
2.98659
0.830056
2.64694
2.98267
0.828539
2.71107
2.98904
0.837219
2.6247
2.96546
0.833288
2.70531
2.98514
0.835791
2.6317
2.97013
0.83503
2.72221
3.08789
0.86153
2.7127
3.08557
0.858563
2.17639
2.70638
0.976988
2.19108
2.58025
0.924035
2.17881
2.70753
0.977553
2.1962
2.58273
0.925287
2.03918
2.32856
0.836264
2.00747
2.28555
0.821002
2.04676
2.3327
0.838217
2.01489
2.28955
0.822918
1.93865
2.18307
0.785639
1.9299
2.17258
0.783259
1.94581
2.18704
0.787479
1.93634
2.17616
0.784932
1.88217
2.12457
0.769305
1.90693
2.09762
0.763499
1.83145
2.05609
0.745562
1.88713
2.12726
0.770437
1.91168
2.1002
0.764541
1.83713
2.05918
0.746782
1.85212
2.07411
0.749704
1.84325
2.06383
0.747677
1.85731
2.07686
0.751058
1.8622
2.08049
0.751323
1.87354
2.08789
0.754378
1.86838
2.08511
0.752968
1.84752
2.06608
0.748733
1.86655
2.08186
0.753494
1.86205
2.07943
0.752269
1.75022
1.96694
0.708956
1.75561
1.9697
0.710399
1.82433
2.04332
0.73973
1.80304
2.01726
0.729887
1.79851
2.01486
0.728684
1.75482
1.92843
0.697771
1.76546
1.9749
0.713072
1.76073
1.9724
0.711775
1.54726
1.72793
0.610617
1.48474
1.66344
0.585713
1.49993
1.66945
0.589049
1.62089
1.85788
0.669749
1.61562
1.83605
0.653411
1.59228
1.74678
0.621061
1.74714
1.96051
0.631546
1.73591
1.95586
0.629524
1.94559
2.20264
0.671008
1.87544
2.18942
0.665878
2.26048
2.50035
0.741997
1.97767
2.21603
0.677652
1.99024
2.21846
0.684149
1.88923
2.19612
0.669791
2.32704
2.6918
0.803343
2.58755
2.9439
0.834847
2.7559
3.03966
0.849276
2.6161
2.94841
0.819051
2.49212
2.75602
0.814545
2.33072
2.69406
0.804264
2.59199
2.94679
0.83593
2.76027
3.04273
0.850393
2.62124
2.95191
0.820351
2.7164
2.99272
0.8386
2.67063
2.99752
0.834007
2.67132
3.00015
0.835204
2.66717
2.99705
0.834027
2.72586
2.99946
0.84109
2.72132
2.99619
0.839867
2.64963
2.98245
0.839538
2.65475
2.98606
0.84089
2.18493
2.71054
0.979047
2.20902
2.58898
0.928532
2.18664
2.7114
0.979486
2.21257
2.59073
0.929468
2.06591
2.34326
0.843349
2.03375
2.29983
0.827974
2.07128
2.34627
0.844862
2.03907
2.3028
0.829474
1.96405
2.19732
0.792351
1.95294
2.18556
0.789405
1.9692
2.20028
0.793804
1.9577
2.1883
0.790758
1.90045
2.13466
0.773587
1.92447
2.10732
0.767502
1.85221
2.06741
0.750296
1.90444
2.13693
0.774586
1.92829
2.10951
0.768434
1.85655
2.06986
0.751315
1.87066
2.08415
0.754584
1.85886
2.07217
0.751666
1.87457
2.08631
0.755698
1.88232
2.09161
0.756407
1.8905
2.09735
0.759132
1.88668
2.0952
0.757992
1.86217
2.07401
0.752555
1.88152
2.09028
0.757698
1.87813
2.08835
0.756682
1.76997
1.97738
0.714321
1.77766
1.93979
0.70317
1.77413
1.97967
0.715505
1.83982
2.05159
0.743871
1.81853
2.02579
0.734176
1.81507
2.02385
0.733182
1.78178
1.98408
0.71774
1.77812
1.98196
0.716651
1.60512
1.75257
0.624134
1.53988
1.68649
0.597986
1.66372
1.87862
0.679884
1.65416
1.85393
0.663598
1.6383
1.76879
0.632457
1.57287
1.70229
0.605832
1.56254
1.69716
0.603318
1.78815
1.97908
0.639925
1.77866
1.97446
0.638152
2.00537
2.22828
0.683451
1.92408
2.21403
0.676464
2.28893
2.51638
0.748586
2.02971
2.2397
0.68861
1.9344
2.21965
0.679835
2.03913
2.24145
0.694472
2.34044
2.7003
0.806672
2.60328
2.95438
0.838785
2.77169
3.05119
0.853421
2.63465
2.96155
0.82385
2.50668
2.76552
0.81836
2.34332
2.7022
0.807454
2.60649
2.9566
0.839622
2.77496
3.05368
0.854318
2.63843
2.96431
0.824869
2.68858
3.01086
0.838953
2.68502
3.01081
0.83919
2.68202
3.00839
0.838275
2.74384
3.01324
0.846075
2.74079
3.01079
0.845217
2.73748
3.0082
0.844261
2.66793
2.99566
0.844374
2.67173
2.9985
0.84543
2.19102
2.7137
0.980657
2.22159
2.59532
0.931935
2.19227
2.71437
0.981004
2.22414
2.59666
0.932659
2.08496
2.35413
0.848868
2.05274
2.31064
0.83347
2.08883
2.35642
0.850062
2.05664
2.31295
0.834671
1.98234
2.208
0.797656
1.96997
2.19559
0.79438
1.98604
2.21023
0.798812
1.9735
2.19774
0.795483
1.91508
2.14319
0.777356
1.9385
2.11556
0.771054
1.86812
2.07647
0.754282
1.91824
2.1451
0.778233
1.94152
2.11741
0.771873
1.87144
2.07845
0.755135
1.8846
2.0921
0.758587
1.87096
2.07902
0.755037
1.88753
2.09383
0.759514
1.89737
2.10027
0.760545
1.90301
2.10471
0.762967
1.90019
2.10303
0.762036
1.87352
2.08054
0.755788
1.89271
2.09698
0.761161
1.89018
2.09544
0.760317
1.7853
1.9862
0.718795
1.78853
1.98814
0.719797
1.85156
2.05824
0.747273
1.83034
2.03279
0.737756
1.82772
2.03121
0.736924
1.8068
1.95623
0.71089
1.79447
1.99187
0.721693
1.79164
1.99009
0.72077
1.64783
1.77385
0.634983
1.69494
1.89546
0.688021
1.68218
1.86867
0.671604
1.67256
1.78789
0.641918
1.6086
1.72143
0.615047
1.60045
1.71687
0.612867
2.0596
2.25194
0.698964
2.05133
2.2505
0.693311
1.96118
2.23455
0.685084
2.07805
2.26179
0.703106
1.96936
2.23939
0.688047
2.31679
2.53351
0.755586
2.35098
2.70746
0.809484
2.61474
2.96252
0.841848
2.7835
3.06058
0.856746
2.64832
2.97198
0.827625
2.519
2.77396
0.821715
2.35327
2.70908
0.810151
2.61711
2.96427
0.842506
2.78594
3.06259
0.857463
2.65109
2.97414
0.828425
2.74665
3.01556
0.846918
2.74925
3.01773
0.847678
2.70171
3.02126
0.842755
2.69435
3.01849
0.842152
2.69234
3.0168
0.841497
2.68158
3.0061
0.848147
2.75165
3.01979
0.848423
2.68443
3.00838
0.848982
2.1955
2.71621
0.981941
2.23073
2.60029
0.934606
2.19643
2.71676
0.982222
2.23263
2.60138
0.935189
2.0988
2.36253
0.853252
2.06678
2.31922
0.837906
2.10163
2.36435
0.854215
2.06968
2.3211
0.838892
1.9955
2.21611
0.801874
1.98259
2.20349
0.798434
1.99817
2.21782
0.802797
1.9852
2.2052
0.799336
1.9266
2.15034
0.780642
1.94955
2.1225
0.774157
1.88027
2.08377
0.757643
1.92907
2.15193
0.7814
1.95191
2.12405
0.774866
1.88279
2.08535
0.758352
1.89498
2.0984
0.761884
1.88026
2.08466
0.757891
1.89716
2.09977
0.762651
1.9086
2.10703
0.763925
1.91219
2.11045
0.766067
1.91011
2.10913
0.765306
1.88221
2.08589
0.758522
1.90098
2.10224
0.763998
1.8991
2.10102
0.763302
1.79722
1.99366
0.722588
1.81987
1.96443
0.714764
1.79971
1.99529
0.723437
1.86046
2.06364
0.750098
1.83933
2.0385
0.740746
1.83735
2.03723
0.740053
1.82364
1.96691
0.715954
1.80431
1.99841
0.725041
1.80212
1.99693
0.724261
1.67968
1.79222
0.644036
1.61626
1.72583
0.617158
1.62347
1.73006
0.619185
1.71817
1.90913
0.694704
1.70328
1.88116
0.678201
1.69807
1.80403
0.649849
1.63025
1.73413
0.621144
1.8541
2.0147
0.654819
1.8469
2.01041
0.653326
2.08825
2.27013
0.70163
1.99054
2.25193
0.692262
2.33034
2.54234
0.759122
2.11001
2.27982
0.710545
1.9972
2.25613
0.694931
2.33441
2.54511
0.76027
2.35945
2.71355
0.811873
2.62329
2.96899
0.844272
2.79236
3.06824
0.85941
2.65846
2.98027
0.830598
2.52949
2.78146
0.824657
2.36133
2.71495
0.81245
2.62508
2.9704
0.844799
2.79419
3.06988
0.859986
2.66053
2.98198
0.831229
2.10894
2.36922
0.856803
2.0772
2.32621
0.841559
2.00499
2.22235
0.805244
1.99192
2.20977
0.801746
2.00692
2.22369
0.805985
1.99385
2.21114
0.802486
1.93555
2.15626
0.783466
1.95814
2.12829
0.77683
1.8895
2.08963
0.760457
1.93745
2.15757
0.784113
1.95996
2.12958
0.777436
1.8914
2.09089
0.76104
1.90263
2.10335
0.764581
1.88732
2.08923
0.760284
1.90425
2.10443
0.765214
1.91694
2.1123
0.766674
1.9189
2.11491
0.768566
1.91736
2.11388
0.767944
1.88879
2.09022
0.760809
1.90706
2.10638
0.766311
1.90566
2.10542
0.765737
1.80643
1.99992
0.725797
1.83334
1.97359
0.719164
1.80834
2.00126
0.726512
1.86719
2.068
0.752442
1.84615
2.04314
0.743233
1.84465
2.04212
0.742658
1.83615
1.97561
0.720151
1.81189
2.00386
0.727863
1.81022
2.00264
0.727207
1.70334
1.80762
0.65162
1.73567
1.9202
0.700226
1.71936
1.89164
0.683726
1.7169
1.81736
0.656464
1.6585
1.75208
0.629836
1.88082
2.03113
0.661501
2.12395
2.28813
0.713906
2.11871
2.28765
0.708825
2.01443
2.26694
0.698374
2.02001
2.27067
0.700826
2.34889
2.55515
0.764309
2.13678
2.29608
0.717073
2.36647
2.71889
0.813939
2.53851
2.78816
0.827254
2.36806
2.72014
0.814449
1.94234
2.16109
0.785864
1.96474
2.13311
0.779108
1.8965
2.09432
0.762798
1.89793
2.09532
0.763275
1.90826
2.10726
0.76678
1.89265
2.09292
0.762275
1.90947
2.10812
0.767302
1.92313
2.11645
0.768908
1.92383
2.11844
0.770587
1.92268
2.11761
0.770074
1.89375
2.09373
0.762709
1.91153
2.10968
0.768197
1.91049
2.1089
0.767722
1.81354
2.00513
0.7285
1.84337
1.9811
0.722805
1.815
2.00624
0.729101
1.87228
2.07154
0.754387
1.85134
2.04696
0.745303
1.85021
2.04612
0.744824
1.81774
2.00842
0.730237
1.81645
2.00741
0.729686
1.72077
1.82032
0.657936
1.66756
1.75825
0.632847
1.74901
1.92925
0.704809
1.73172
1.90042
0.688369
1.73071
1.8283
0.661956
1.89866
2.04265
0.666403
2.1486
2.30367
0.720059
2.14434
2.3035
0.715168
2.03436
2.28021
0.703688
2.15568
2.31089
0.718075
2.15953
2.3109
0.722891
2.03912
2.28356
0.705973
2.37246
2.72366
0.815764
2.54639
2.79426
0.829569
2.37385
2.72479
0.816223
1.91241
2.11039
0.768574
1.89667
2.09595
0.76393
1.91332
2.11109
0.769009
1.89751
2.09662
0.764292
1.91486
2.11237
0.769744
1.91406
2.11173
0.769346
1.81902
2.0095
0.730775
1.85089
1.98733
0.725833
1.82015
2.01043
0.731281
1.87617
2.07447
0.756007
1.85534
2.05016
0.747035
1.85447
2.04945
0.746634
1.82229
2.01229
0.732241
1.82129
2.01143
0.731776
1.73354
1.83074
0.663176
1.67922
1.76658
0.636924
1.68266
1.76913
0.63817
1.75932
1.93675
0.70864
1.7413
1.90784
0.692286
1.74083
1.83732
0.666512
1.68896
1.77395
0.64052
1.6859
1.77159
0.639373
2.16964
2.31779
0.725567
2.16617
2.31793
0.720833
2.05124
2.29205
0.708375
2.36892
2.56989
0.770122
2.17588
2.32463
0.723439
2.17903
2.32434
0.728108
2.05536
2.29509
0.710523
2.37771
2.728
0.817405
2.55341
2.79989
0.831665
2.37894
2.72903
0.817824
1.8233
2.01323
0.732697
1.85663
1.99263
0.728377
1.82418
2.01401
0.733127
1.87917
2.07695
0.757368
1.85845
2.05288
0.748497
1.8578
2.0523
0.748157
1.85787
1.99385
0.728961
1.82582
2.0156
0.733944
1.82508
2.01489
0.733548
1.74291
1.83935
0.667528
1.69185
1.77623
0.641632
1.69458
1.77842
0.642694
1.76739
1.94308
0.711871
1.74884
1.91419
0.695614
1.74831
1.84487
0.670316
2.18491
2.33101
0.725915
2.0657
2.30268
0.712539
2.37825
2.57717
0.77295
2.06931
2.30545
0.714573
2.38039
2.57892
0.773652
2.19589
2.33653
0.732794
2.38239
2.732
0.818901
2.55977
2.80515
0.833589
2.38351
2.73296
0.819289
1.82658
2.01637
0.73433
1.82719
2.01698
0.734689
1.74988
1.84659
0.67117
1.70193
1.78458
0.645661
1.70413
1.78649
0.646574
1.77381
1.9485
0.714624
1.75487
1.91974
0.698468
1.75398
1.85132
0.67353
1.95684
2.08508
0.682957
1.95341
2.08226
0.682094
2.20116
2.34288
0.730484
2.07823
2.31229
0.716264
2.38649
2.58385
0.775499
2.20847
2.34841
0.732596
2.21058
2.34762
0.737026
2.08142
2.31482
0.718202
2.38666
2.73574
0.820282
2.64591
2.98878
0.851473
2.81456
3.09154
0.867032
2.56561
2.81013
0.835373
2.38768
2.73665
0.820644
2.64662
2.98949
0.851719
2.81519
3.09228
0.867268
1.75519
1.85282
0.674262
1.71013
1.79192
0.649151
1.77899
1.95323
0.717026
1.75981
1.92467
0.700978
1.75842
1.857
0.67632
1.71534
1.7969
0.651508
1.71367
1.79529
0.650747
1.97002
2.09591
0.687192
1.96706
2.09333
0.686428
2.21535
2.3537
0.734617
2.08919
2.32102
0.71963
2.39387
2.59003
0.777835
2.22177
2.35875
0.736545
2.09205
2.32336
0.721497
2.2235
2.35775
0.740896
2.39058
2.73926
0.821577
2.64862
2.99151
0.852428
2.81701
3.09456
0.867955
2.57101
2.81485
0.837065
2.39153
2.74011
0.821925
2.64926
2.99215
0.852657
2.81757
3.09522
0.868168
1.7594
1.85835
0.676967
1.78321
1.95749
0.719136
1.71989
1.80159
0.653654
2.22938
2.36249
0.742659
2.22783
2.36359
0.7384
2.09884
2.32902
0.722679
2.10147
2.33126
0.724473
2.40208
2.59728
0.780557
2.3942
2.74262
0.822771
2.65107
2.99406
0.853317
2.57603
2.81941
0.838662
2.39507
2.74343
0.823091
2.65164
2.99464
0.853524
)
;

boundaryField
{
    front
    {
        type            cyclic;
    }
    Back
    {
        type            cyclic;
    }
    inlet
    {
        type            fixedValue;
        value           uniform 0.24;
    }
    outlet
    {
        type            inletOutlet;
        inletValue      nonuniform List<scalar> 0();
        value           nonuniform List<scalar> 0();
    }
    upperPatch
    {
        type            slip;
    }
    ground
    {
        type            kqRWallFunction;
        value           nonuniform List<scalar> 
1436
(
0.814126
0.741181
0.731368
0.823701
0.74833
0.737291
0.831004
0.753999
0.741908
0.83664
0.75858
0.745652
0.840975
0.762321
0.748751
0.76537
0.751325
0.767848
0.753459
0.769866
0.755233
0.756716
0.583763
0.730215
1.03405
0.877866
0.85155
0.799937
0.7799
0.770854
0.787085
0.776069
0.766616
0.770998
0.691675
0.58787
0.597827
1.03424
0.879943
1.0347
0.885322
0.853695
0.802132
0.859293
0.807933
0.78919
0.777676
0.794748
0.782023
0.772374
0.776181
0.600655
0.608309
1.03483
0.886869
1.03516
0.890921
0.860923
0.809637
0.865237
0.814169
0.796394
0.783373
0.800779
0.787032
0.777389
0.780725
0.610697
0.617446
1.03525
0.892101
1.0355
0.895236
0.866514
0.81551
0.869941
0.819098
0.802091
0.788171
0.805607
0.791243
0.781785
0.784692
0.619602
0.625744
0.756785
1.03557
0.896163
1.03576
0.898662
0.87097
0.820165
0.873763
0.823033
0.806664
0.7922
0.809512
0.794765
0.785614
0.788116
0.717069
0.627713
0.633291
1.03581
0.899411
0.874612
0.823891
0.810373
0.795566
0.812696
0.797698
0.788907
0.791033
0.63507
0.640077
0.791704
0.64167
0.646116
0.647525
0.651439
0.77158
0.729504
0.65268
0.656116
0.657206
0.660227
0.661192
0.663884
0.664741
0.816915
0.816843
0.819252
0.847785
0.742709
0.743182
0.744761
0.719795
0.733002
0.72151
0.629681
0.601658
0.612549
0.5978
0.61584
0.825209
0.825772
0.826943
0.855297
0.749981
0.749918
0.751565
0.726067
0.738546
0.727407
0.647027
0.613156
0.624707
0.610451
0.626935
0.831456
0.832622
0.832797
0.755621
0.755284
0.756885
0.73104
0.742914
0.732131
0.658851
0.621967
0.633961
0.619762
0.635839
0.836285
0.837903
0.837326
0.76012
0.759639
0.761151
0.735136
0.746482
0.736045
0.667811
0.629402
0.642157
0.627508
0.64386
0.840018
0.84196
0.840804
0.763758
0.763194
0.7646
0.738559
0.74944
0.739319
0.675051
0.635934
0.649734
0.634228
0.651291
0.823234
0.766696
0.76609
0.767383
0.741415
0.751896
0.742047
0.681084
0.641841
0.656801
0.64026
0.658227
0.769065
0.768443
0.769629
0.743791
0.753934
0.744315
0.686147
0.647292
0.663344
0.645822
0.664631
0.828443
0.770983
0.770361
0.771451
0.745769
0.755628
0.746207
0.690409
0.652326
0.669332
0.65095
0.670485
0.747427
0.757048
0.747796
0.694016
0.656959
0.674801
0.655676
0.67583
0.697093
0.661211
0.679781
0.660015
0.680693
0.699758
0.665132
0.684311
0.664006
0.685121
0.702124
0.668679
0.688436
0.667662
0.689132
0.678703
0.609985
0.579506
0.579098
0.588749
0.608292
0.603847
0.593794
0.727963
0.793398
0.821159
0.836209
0.806723
0.79711
0.826616
0.849805
1.03385
0.975744
0.875627
0.921217
0.849255
0.831957
0.797596
0.816782
0.774572
0.782457
0.773363
0.772664
0.784852
0.781617
0.774422
0.779636
0.763011
0.768121
0.769599
0.766935
0.76134
0.597354
0.634782
0.602186
0.582119
0.578218
0.591507
0.594808
0.662218
0.604754
0.621833
0.619214
0.6079
0.663115
0.798293
0.82822
0.842698
0.801444
0.832455
0.846846
0.856972
0.976385
1.03441
0.92268
0.881871
1.03456
0.978083
0.883659
0.926449
0.834188
0.855692
0.818967
0.804189
0.857556
0.840034
0.806121
0.824705
0.783698
0.791156
0.781507
0.779179
0.793013
0.789195
0.780649
0.786495
0.768149
0.773679
0.774967
0.771514
0.614337
0.650358
0.617807
0.595146
0.592183
0.603314
0.605872
0.678001
0.615368
0.617794
0.743784
0.802449
0.833691
0.805082
0.836943
0.851461
0.978579
1.03495
0.927527
0.888313
1.03506
0.979899
0.88966
0.930344
0.841749
0.86245
0.826394
0.811239
0.863887
0.846274
0.812749
0.830875
0.790826
0.797938
0.787999
0.784636
0.799404
0.795155
0.785877
0.792021
0.772577
0.778529
0.779662
0.775533
0.70485
0.627043
0.600702
0.661301
0.629815
0.612999
0.615258
0.689576
0.62378
0.625816
0.75013
0.805927
0.837893
0.819237
0.808138
0.840409
0.855176
0.980288
1.03534
0.931163
0.893211
1.03542
0.981333
0.894254
0.933345
0.847613
0.867719
0.832213
0.816774
0.868862
0.851178
0.81797
0.835798
0.796449
0.803324
0.793241
0.789231
0.804503
0.799885
0.790276
0.79651
0.776469
0.782778
0.77021
0.783769
0.779058
0.637396
0.608262
0.610601
0.669756
0.639708
0.621688
0.623751
0.630978
0.647644
0.646019
0.632785
0.697632
0.80886
0.84115
0.855977
0.822481
0.810726
0.843127
0.981644
1.03563
0.933991
0.897042
1.0357
0.982491
0.897873
0.935745
0.852247
0.871946
0.836883
0.821173
0.872878
0.855118
0.822129
0.839819
0.800916
0.807657
0.797506
0.793084
0.808609
0.803652
0.793961
0.800173
0.779875
0.78647
0.773424
0.787326
0.782109
0.775545
0.64606
0.676663
0.647999
0.623021
0.629612
0.631485
0.706946
0.637306
0.638951
0.705346
0.811345
0.843715
0.858792
0.812941
0.845299
0.982746
0.936274
0.855987
0.875421
0.840715
0.824703
0.804478
0.811189
0.800989
0.7963
0.811963
0.806669
0.797032
0.803168
0.782811
0.789635
0.776202
0.790366
0.784715
0.65331
0.624833
0.626567
0.682435
0.654925
0.62824
0.63678
0.638464
0.643094
0.66014
0.644625
0.712086
0.813482
0.814878
0.785312
0.792315
0.723625
0.659338
0.631377
0.687283
0.660679
0.635617
0.634265
0.643189
0.644688
0.648435
0.667625
0.649863
0.767816
0.815362
0.816605
0.72652
0.664339
0.691368
0.665451
0.648864
0.650185
0.653362
0.673221
0.672126
0.654697
0.7709
0.817044
0.832157
0.818169
0.668498
0.694831
0.669427
0.644706
0.643722
0.653854
0.655015
0.730509
0.657891
0.678322
0.677348
0.659137
0.728255
0.818573
0.819605
0.671988
0.697794
0.672775
0.648315
0.647463
0.658237
0.659258
0.734959
0.662047
0.663213
0.776139
0.819981
0.85122
0.820937
0.851958
0.867505
0.674968
0.649954
0.700378
0.675655
0.662106
0.663019
0.738996
0.665888
0.666985
0.778436
0.821293
0.852194
0.837473
0.8222
0.852884
0.868386
0.677591
0.652257
0.652966
0.702672
0.678203
0.665552
0.666324
0.669446
0.690385
0.740145
0.82252
0.853105
0.802795
0.848628
0.646921
0.732443
0.807944
0.857742
0.663556
0.740278
0.812461
0.701445
0.675118
0.816511
0.684159
0.820095
0.691523
0.718152
0.697595
0.762366
0.825996
0.721969
0.702622
0.706808
0.830642
0.710322
0.772316
0.832646
0.713301
0.774928
0.834497
0.715861
0.836228
0.718116
0.837869
0.811333
0.82299
0.820108
0.739145
0.740065
0.729614
0.681748
0.641336
0.722874
0.642634
0.802549
0.809183
0.841182
0.821612
0.825121
0.822705
0.829473
0.855651
0.738205
0.757961
0.742847
0.741504
0.746751
0.745395
0.684522
0.735955
0.660035
0.64859
0.738369
0.659492
0.811097
0.811371
0.816174
0.829418
0.832615
0.831467
0.836611
0.863231
0.744197
0.762433
0.748032
0.765555
0.746557
0.752746
0.749757
0.693797
0.740848
0.699632
0.672509
0.66382
0.745409
0.67148
0.817645
0.848088
0.815535
0.821595
0.835434
0.838145
0.842199
0.842105
0.749147
0.766543
0.752373
0.769335
0.750725
0.757571
0.753421
0.744783
0.706444
0.682069
0.74707
0.67509
0.751537
0.680988
0.822744
0.852462
0.82585
0.84006
0.843279
0.843299
0.846372
0.753306
0.756036
0.772661
0.754238
0.761506
0.756525
0.707995
0.748029
0.712234
0.689808
0.752967
0.684134
0.688828
0.826753
0.829199
0.858151
0.843626
0.84731
0.849083
0.849719
0.756814
0.759113
0.757214
0.764717
0.759142
0.713538
0.750725
0.696175
0.758019
0.691629
0.761299
0.695438
0.829908
0.825332
0.831845
0.86054
0.759757
0.761681
0.778015
0.759718
0.767327
0.761325
0.752962
0.721071
0.701443
0.697986
0.765194
0.701122
0.827852
0.762209
0.778574
0.763815
0.761803
0.76945
0.76314
0.754819
0.724387
0.705822
0.766124
0.703481
0.768585
0.706107
0.830107
0.763536
0.764653
0.725136
0.756369
0.727158
0.709491
0.769407
0.708316
0.710522
0.72779
0.757674
0.712592
0.712606
0.77426
0.714456
0.834043
0.730045
0.715244
0.716436
0.776692
0.71799
0.835798
0.717571
0.77731
0.719886
0.778953
0.721211
0.867727
0.779525
0.723026
0.804153
0.845674
0.851111
0.623917
0.651812
0.809108
0.853552
0.85967
0.643372
0.666769
0.695817
0.813507
0.656232
0.67756
0.817439
0.665765
0.68613
0.709463
0.820909
0.754257
0.673369
0.693143
0.823948
0.679676
0.698933
0.826626
0.763313
0.684964
0.703732
0.829005
0.766941
0.689411
0.707736
0.831151
0.693169
0.711105
0.833114
0.696368
0.713968
0.730547
0.83493
0.699124
0.716443
0.836639
0.701562
0.718622
0.838245
0.779994
0.808195
0.814388
0.811589
0.820814
0.817392
0.736893
0.7406
0.738244
0.73853
0.741879
0.739954
0.727728
0.717951
0.715988
0.700065
0.697847
0.634958
0.61738
0.586116
0.563698
0.557552
0.636752
0.63047
0.725461
0.640709
0.651288
0.638025
0.79466
0.823086
0.837934
0.80492
0.80547
0.795934
0.824903
0.839587
0.807112
0.819254
0.823376
0.82138
0.830867
0.829062
0.827118
0.825104
0.827388
0.853476
0.85172
0.975059
0.919633
0.829581
0.814457
0.777064
0.775571
0.779421
0.777672
0.764371
0.759096
0.739854
0.765687
0.760227
0.74135
0.743613
0.742877
0.745313
0.744974
0.748385
0.746589
0.744163
0.748351
0.746839
0.70212
0.687066
0.704012
0.734528
0.724637
0.723128
0.689447
0.707415
0.705778
0.592023
0.569112
0.573911
0.656159
0.639313
0.606583
0.653323
0.651944
0.73446
0.656909
0.736512
0.670858
0.799368
0.829726
0.844153
0.81291
0.810264
0.800462
0.831135
0.845529
0.814583
0.834234
0.827593
0.830056
0.828539
0.837219
0.833288
0.835791
0.83503
0.86153
0.858563
0.976988
0.924035
0.977553
0.925287
0.836264
0.821002
0.838217
0.822918
0.785639
0.783259
0.787479
0.784932
0.769305
0.763499
0.745562
0.770437
0.764541
0.746782
0.749704
0.747677
0.751058
0.751323
0.754378
0.752968
0.748733
0.753494
0.752269
0.708956
0.710399
0.73973
0.729887
0.728684
0.697771
0.713072
0.711775
0.610617
0.585713
0.589049
0.669749
0.653411
0.621061
0.631546
0.629524
0.671008
0.665878
0.741997
0.677652
0.684149
0.669791
0.803343
0.834847
0.849276
0.819051
0.814545
0.804264
0.83593
0.850393
0.820351
0.8386
0.834007
0.835204
0.834027
0.84109
0.839867
0.839538
0.84089
0.979047
0.928532
0.979486
0.929468
0.843349
0.827974
0.844862
0.829474
0.792351
0.789405
0.793804
0.790758
0.773587
0.767502
0.750296
0.774586
0.768434
0.751315
0.754584
0.751666
0.755698
0.756407
0.759132
0.757992
0.752555
0.757698
0.756682
0.714321
0.70317
0.715505
0.743871
0.734176
0.733182
0.71774
0.716651
0.624134
0.597986
0.679884
0.663598
0.632457
0.605832
0.603318
0.639925
0.638152
0.683451
0.676464
0.748586
0.68861
0.679835
0.694472
0.806672
0.838785
0.853421
0.82385
0.81836
0.807454
0.839622
0.854318
0.824869
0.838953
0.83919
0.838275
0.846075
0.845217
0.844261
0.844374
0.84543
0.980657
0.931935
0.981004
0.932659
0.848868
0.83347
0.850062
0.834671
0.797656
0.79438
0.798812
0.795483
0.777356
0.771054
0.754282
0.778233
0.771873
0.755135
0.758587
0.755037
0.759514
0.760545
0.762967
0.762036
0.755788
0.761161
0.760317
0.718795
0.719797
0.747273
0.737756
0.736924
0.71089
0.721693
0.72077
0.634983
0.688021
0.671604
0.641918
0.615047
0.612867
0.698964
0.693311
0.685084
0.703106
0.688047
0.755586
0.809484
0.841848
0.856746
0.827625
0.821715
0.810151
0.842506
0.857463
0.828425
0.846918
0.847678
0.842755
0.842152
0.841497
0.848147
0.848423
0.848982
0.981941
0.934606
0.982222
0.935189
0.853252
0.837906
0.854215
0.838892
0.801874
0.798434
0.802797
0.799336
0.780642
0.774157
0.757643
0.7814
0.774866
0.758352
0.761884
0.757891
0.762651
0.763925
0.766067
0.765306
0.758522
0.763998
0.763302
0.722588
0.714764
0.723437
0.750098
0.740746
0.740053
0.715954
0.725041
0.724261
0.644036
0.617158
0.619185
0.694704
0.678201
0.649849
0.621144
0.654819
0.653326
0.70163
0.692262
0.759122
0.710545
0.694931
0.76027
0.811873
0.844272
0.85941
0.830598
0.824657
0.81245
0.844799
0.859986
0.831229
0.856803
0.841559
0.805244
0.801746
0.805985
0.802486
0.783466
0.77683
0.760457
0.784113
0.777436
0.76104
0.764581
0.760284
0.765214
0.766674
0.768566
0.767944
0.760809
0.766311
0.765737
0.725797
0.719164
0.726512
0.752442
0.743233
0.742658
0.720151
0.727863
0.727207
0.65162
0.700226
0.683726
0.656464
0.629836
0.661501
0.713906
0.708825
0.698374
0.700826
0.764309
0.717073
0.813939
0.827254
0.814449
0.785864
0.779108
0.762798
0.763275
0.76678
0.762275
0.767302
0.768908
0.770587
0.770074
0.762709
0.768197
0.767722
0.7285
0.722805
0.729101
0.754387
0.745303
0.744824
0.730237
0.729686
0.657936
0.632847
0.704809
0.688369
0.661956
0.666403
0.720059
0.715168
0.703688
0.718075
0.722891
0.705973
0.815764
0.829569
0.816223
0.768574
0.76393
0.769009
0.764292
0.769744
0.769346
0.730775
0.725833
0.731281
0.756007
0.747035
0.746634
0.732241
0.731776
0.663176
0.636924
0.63817
0.70864
0.692286
0.666512
0.64052
0.639373
0.725567
0.720833
0.708375
0.770122
0.723439
0.728108
0.710523
0.817405
0.831665
0.817824
0.732697
0.728377
0.733127
0.757368
0.748497
0.748157
0.728961
0.733944
0.733548
0.667528
0.641632
0.642694
0.711871
0.695614
0.670316
0.725915
0.712539
0.77295
0.714573
0.773652
0.732794
0.818901
0.833589
0.819289
0.73433
0.734689
0.67117
0.645661
0.646574
0.714624
0.698468
0.67353
0.682957
0.682094
0.730484
0.716264
0.775499
0.732596
0.737026
0.718202
0.820282
0.851473
0.867032
0.835373
0.820644
0.851719
0.867268
0.674262
0.649151
0.717026
0.700978
0.67632
0.651508
0.650747
0.687192
0.686428
0.734617
0.71963
0.777835
0.736545
0.721497
0.740896
0.821577
0.852428
0.867955
0.837065
0.821925
0.852657
0.868168
0.676967
0.719136
0.653654
0.742659
0.7384
0.722679
0.724473
0.780557
0.822771
0.853317
0.838662
0.823091
0.853524
)
;
    }
    procBoundary2to0
    {
        type            processor;
        value           nonuniform List<scalar> 
467
(
0.844632
1.11468
1.31196
1.48684
1.48684
1.57074
1.75441
0.0818682
0.0636314
0.218795
0.517886
0.844634
1.11472
1.31205
1.48703
1.48703
1.57077
1.75428
0.0818655
0.0635112
0.218585
0.517746
0.844608
1.11475
1.31213
1.48719
1.48719
1.57078
1.75409
0.0818627
0.06339
0.218364
0.517585
0.84456
1.11478
1.31221
1.48729
1.48729
1.57078
1.75387
0.0818598
0.0632687
0.218137
0.517413
0.844502
1.1148
1.31228
1.48734
1.48734
1.57077
1.75362
0.117652
0.464801
0.0903708
0.228767
0.081857
0.0834902
0.0631481
0.110922
0.217903
0.385266
0.51723
0.738648
0.844437
1.04946
1.1148
1.26649
1.31234
1.41152
1.48733
1.48733
1.57074
0.525591
0.166943
0.474507
0.864592
0.464801
0.464801
0.464801
0.935788
0.228767
0.385266
0.620442
0.738648
1.04946
1.26649
1.41152
1.76851
1.76344
1.30792
1.41329
0.935788
1.2388
0.620442
0.738495
0.988964
1.04944
1.26652
1.41137
1.91026
1.46607
1.52207
1.2388
1.41197
0.988964
1.04939
1.24229
1.26654
1.39236
1.41123
1.8922
1.56206
1.58611
1.41197
1.39236
1.49077
1.39236
1.41107
1.87134
1.57829
1.54977
1.49077
1.3923
1.41093
1.55904
1.49159
1.39225
1.41078
1.56802
0.276502
0.802451
1.07151
2.03059
1.99067
1.98867
1.94565
1.63454
0.276502
0.276502
0.802451
0.802451
0.802451
1.20102
1.38781
1.76182
1.38781
1.76344
1.5023
1.54542
1.94565
1.54542
1.5785
1.91026
1.5785
1.5785
1.6196
1.6196
1.67348
1.8922
1.67348
1.67348
1.68489
1.68489
1.89595
1.68866
1.67079
1.67079
1.6195
1.54977
1.6195
1.6195
1.6195
1.6195
1.62519
1.62519
1.62519
1.62519
1.63058
1.63058
1.63058
1.63058
1.63559
1.63559
1.63559
1.63559
1.53617
1.63454
1.69988
1.74294
1.32263
1.41509
1.77643
1.61514
1.6542
1.66731
1.66075
1.7666
1.75398
1.74178
1.66424
1.64843
1.76788
1.73215
1.91289
1.93933
1.92964
1.73476
1.7452
1.74833
1.89354
1.75013
1.72755
1.85064
1.85064
1.72336
1.72582
1.72582
1.85158
1.52638
1.55443
1.52896
1.65574
1.6577
1.5316
1.56359
1.53441
1.66299
1.66456
1.53713
1.74901
1.99096
2.03059
2.03889
2.01954
1.98714
2.00126
1.98714
1.97884
1.96205
1.0392
1.45884
1.32263
1.54292
1.75785
1.74366
1.60403
1.75785
1.60779
1.60403
1.76548
1.66075
1.63777
1.94839
1.92535
1.89378
1.96966
1.97133
1.96966
1.66731
1.7445
1.74178
1.67031
1.70868
1.73215
1.63673
1.76788
1.93138
1.92964
1.76981
1.91053
1.74833
1.7517
1.89477
1.75344
1.75183
1.66616
1.88839
1.8094
1.65148
1.65368
1.65148
1.66133
1.65956
1.66609
0.474507
0.127876
0.28736
0.734288
1.11093
0.285515
0.28736
1.1474
0.578567
0.922133
1.1474
0.922133
1.41329
1.10365
1.28125
1.28125
1.4143
1.28133
1.52207
1.343
1.44222
1.44222
1.52382
1.4426
1.58611
1.47099
1.52981
1.52981
1.58835
1.53066
1.54977
1.5158
1.52638
1.90058
2.09721
0.764247
1.89905
2.09789
0.764984
1.88043
2.07806
0.757969
1.72165
2.53065
1.03586
2.18924
2.49587
0.900126
2.04778
2.28223
0.826208
2.02676
2.24707
0.813392
1.98223
2.19813
0.798366
1.98223
2.19813
0.798366
1.90182
1.92777
2.09811
2.11978
0.764743
0.770734
1.9266
2.12059
0.771815
1.89975
2.09849
0.765318
1.85915
1.85915
2.05354
2.05354
0.74883
0.74883
1.85969
2.05405
0.74914
2.19888
2.71831
0.982992
2.23762
2.60443
0.936781
2.18924
2.49587
0.900126
2.15164
2.42625
0.876199
2.04599
2.28096
0.825476
2.04599
2.28096
0.825476
2.01034
2.22613
0.807335
1.99728
2.21366
0.803838
1.98375
2.19932
0.798973
1.96635
2.18238
0.792932
1.86545
2.00218
0.732884
1.86386
2.0003
0.731993
1.86689
2.00399
0.733717
1.9674
1.90058
2.13518
2.09721
0.780111
0.764247
1.89905
2.09789
0.764984
1.901
2.09961
0.765928
1.86298
1.9993
0.731518
1.86617
2.00308
0.733299
1.86209
1.99829
0.73105
1.86466
2.00124
0.732434
1.86754
2.00484
0.734101
2.11101
2.37068
0.857588
2.07935
2.32775
0.842373
1.9437
2.1621
0.786407
1.96612
2.13417
0.779622
1.96612
2.13417
0.779622
1.92747
2.12127
0.772233
1.9266
2.12059
0.771815
1.9155
2.11295
0.770048
1.90039
2.09906
0.765621
1.82784
2.01767
0.735037
1.86209
1.99829
0.73105
1.86817
2.00571
0.734512
)
;
    }
    procBoundary2to1
    {
        type            processor;
        value           nonuniform List<scalar> 
487
(
1.41254
1.49523
1.53051
1.24171
1.39257
1.48443
1.04933
1.2659
1.4112
1.57789
2.07421
1.69485
1.90848
1.56078
1.5598
1.41752
0.119404
0.466115
0.935266
1.23838
1.23838
1.47833
1.5365
1.51944
1.52835
1.44491
1.47563
1.53821
1.34003
0.0907258
0.231597
0.622483
0.989058
0.989058
1.58422
1.8803
0.0835694
0.112594
0.386863
0.739342
0.739342
1.78669
1.61652
1.62019
1.60162
0.282396
0.169436
1.20324
0.876694
1.31792
1.46809
1.52746
1.47916
1.54499
1.52746
1.52746
1.52746
1.52746
1.68799
1.47916
1.47916
1.5748
2.06657
1.58535
1.76061
1.93269
2.39166
2.39166
1.86532
2.03752
2.03752
2.18494
1.7778
1.78107
1.75986
1.62209
1.49556
1.5245
1.72487
1.72487
1.54288
1.58057
1.58057
1.62714
1.62305
1.58276
1.45623
1.34003
1.34003
1.34003
1.80069
0.282396
0.812024
0.812024
1.20324
1.38337
1.38337
1.38337
1.8341
1.612
1.8583
1.88752
2.2522
2.42201
2.4418
2.17905
1.61866
1.72154
1.72815
1.59291
1.54924
1.6872
1.65689
1.56335
1.29072
1.32214
1.31008
1.44491
1.47563
1.47422
1.14293
1.46016
1.15817
2.38911
1.46967
1.56598
1.60913
1.34918
1.62971
1.53293
1.53305
1.62733
1.57426
1.53438
1.59811
1.54195
1.56141
1.56989
1.4879
1.5799
2.19356
1.70085
2.08902
1.65633
2.60569
1.42366
1.79836
1.50846
2.31563
2.33664
2.62411
2.3748
2.10372
2.16495
2.16495
2.15804
1.99982
2.22783
2.58955
2.44682
1.77808
1.77884
1.74803
1.84565
1.62295
1.56847
1.55308
1.71333
1.56704
1.59916
1.59916
1.59465
1.53203
1.60524
1.72674
1.72963
1.605
1.45437
1.61304
1.59989
1.30874
1.29108
1.25016
1.31947
1.30298
1.30958
1.00273
1.06016
1.21975
1.11206
1.39483
1.6539
1.5871
1.5871
1.0484
1.67716
1.85677
1.85369
1.85349
1.84089
1.81546
1.81546
1.82544
1.00577
1.51267
1.36886
1.27247
1.46964
1.62733
1.61004
1.53438
1.64438
1.56338
1.65744
1.59772
1.52039
1.61148
1.80909
1.50427
1.77836
1.64438
1.82039
1.65744
1.79361
1.52039
1.80909
1.95635
1.95635
2.38211
2.30184
2.19356
2.08902
2.38211
2.30184
1.79398
2.45542
1.93563
2.09505
2.45542
2.10983
2.51518
2.54898
2.60569
2.51518
2.54898
1.72923
1.54158
1.71046
1.94974
1.94974
1.70069
1.87559
2.15779
1.96443
2.08016
1.96443
2.08016
0.485142
0.128901
0.289661
1.15619
0.586918
0.918605
1.41833
1.10844
1.28311
1.52204
1.52204
1.34914
1.44781
1.44781
1.5792
1.47833
1.5365
1.50658
1.51944
1.52835
2.03584
1.82054
1.96023
0.727526
0.519208
1.07031
0.289434
1.74693
1.53064
1.70376
2.06854
1.98147
2.19993
1.87468
2.20546
2.19463
2.24357
2.15976
1.89185
2.17029
0.777155
1.87555
2.13325
0.768925
1.85638
2.11673
0.765038
1.9282
2.21349
0.79243
1.86172
1.96708
0.667072
2.40364
2.59858
0.781072
2.55035
2.92056
0.804926
2.56866
2.93219
0.808514
1.78746
2.03844
0.734615
1.79838
2.04578
0.735808
1.76629
2.01211
0.725705
1.73784
1.98228
0.71388
1.41561
1.737
0.601655
1.51134
1.51134
1.89977
1.89977
0.58322
0.58322
1.58941
1.89997
0.598126
2.27267
2.66298
0.792059
2.51417
2.89977
0.819133
1.88091
2.15077
0.771897
1.87897
2.14424
0.770995
1.84598
2.10493
0.761574
1.87313
2.07993
0.756826
1.6515
1.88721
0.675287
1.38288
1.6554
0.572059
1.4967
1.76371
0.573685
2.69089
2.99898
0.834432
1.71059
2.5268
1.03362
2.08796
2.44031
0.873213
2.04133
2.36593
0.846776
1.93956
1.93956
2.21986
2.21986
0.795095
0.795095
1.76392
1.929
0.703191
1.76199
1.86191
0.678784
1.93954
2.09879
0.670596
1.98147
2.10577
0.691101
2.23524
2.36711
0.744533
2.57724
2.82046
0.839087
2.39592
2.7442
0.823378
2.65218
2.9952
0.853722
2.43856
2.72466
0.801339
2.15705
2.44998
0.719947
2.53277
2.53277
2.8967
2.8967
0.800028
0.800028
1.78732
1.78732
2.03223
2.03223
0.736551
0.736551
1.68082
2.10029
0.623885
1.68082
2.10029
0.623885
1.78414
1.95841
0.719524
2.10335
2.33281
0.724247
1.44059
1.77073
0.627627
2.51977
2.88899
0.79732
2.6279
2.93957
0.818525
2.54236
2.91343
0.814471
1.77797
2.02693
0.734749
1.79659
2.03886
0.736921
1.80318
2.04738
0.737975
1.69833
1.93881
0.695431
1.33274
1.5991
0.550539
1.73429
2.11119
0.623624
2.16418
2.70073
0.97433
2.16474
2.56728
0.917915
2.00123
2.30785
0.827027
1.97046
2.26561
0.811958
1.72125
1.803
0.654223
)
;
    }
    procBoundary2to3
    {
        type            processor;
        value           nonuniform List<scalar> 
447
(
2.17005
2.09043
2.01138
2.16749
2.16749
2.00965
2.17608
2.00829
2.18583
2.00737
1.9025
2.65606
2.65606
1.57496
2.07022
2.07022
1.9025
1.69314
1.70665
1.92964
1.92964
1.57496
1.57496
1.77645
1.71019
1.93856
1.57428
1.57428
1.71505
1.94711
1.5737
1.5737
1.72099
1.95532
1.5733
1.5733
1.96144
1.57308
1.57308
1.57308
1.57308
1.78184
1.57312
1.57312
1.57312
1.57312
1.78393
1.57314
1.57314
1.78614
2.23102
2.23102
2.2466
2.25147
2.26597
2.27036
2.24077
2.28318
2.27341
2.24077
2.66735
2.60758
1.8615
2.24703
2.07265
1.70665
1.70825
2.5027
1.93654
2.51095
1.71019
1.71248
2.51343
1.94519
2.52023
1.71505
1.71791
2.52229
1.95348
2.52801
1.72099
1.7243
2.52976
1.96144
2.53465
1.87488
2.10208
2.10511
1.78283
2.10797
2.1107
1.78503
2.11329
2.50125
2.17009
2.54951
2.53859
2.09043
2.17121
2.08921
2.08921
2.62101
2.62101
2.59137
2.62932
2.08854
2.17151
2.08849
2.65133
2.65773
2.08884
2.18087
2.08977
2.67462
2.67951
2.09094
2.19086
2.0926
2.63194
2.35185
2.35185
2.66014
2.4213
2.35621
2.51451
2.52691
2.28101
2.19684
2.19171
2.29052
2.30912
2.20199
2.29997
2.20763
2.55979
2.56938
2.31814
2.35332
2.23269
2.21902
2.21312
2.34525
2.32678
2.64446
2.63715
2.35332
2.23639
2.36077
2.24136
2.37484
2.36803
2.66936
2.66376
2.38146
2.25655
2.38766
2.26117
2.39926
2.39367
2.75414
2.68837
2.66292
2.68411
2.40442
2.40465
2.27491
2.40967
2.27898
2.41897
2.41451
2.5027
2.76244
2.66381
2.24985
2.36421
2.32349
2.36036
2.09155
2.5056
1.93208
2.50833
1.93414
2.51581
1.94091
2.51806
1.94288
2.52429
1.94937
2.52617
1.95126
2.53146
1.95749
2.53307
1.9593
2.53465
2.78225
2.78225
2.27894
2.28095
2.27993
2.12449
2.27785
2.12318
2.27894
2.12584
2.28095
2.27993
2.12704
2.28183
2.28274
2.2844
2.78766
2.28356
2.12939
2.28183
2.12829
2.28274
2.13056
2.2844
2.28356
2.13158
2.78766
2.78828
2.1336
2.28514
2.13267
2.28591
2.16061
1.95182
2.06792
1.70665
1.69122
1.95182
2.07306
1.9457
1.69416
1.95239
1.86579
1.69122
1.70825
1.69102
2.15122
1.83413
2.02382
1.69102
1.71248
1.69129
1.69173
1.71791
1.69242
1.69327
1.7243
1.7243
1.69437
1.69437
2.18461
1.85737
2.05353
2.38683
2.21288
2.30966
2.70693
2.70693
3.0256
3.0256
0.84432
0.84432
2.6267
2.99522
0.827826
2.65957
3.01639
0.835889
2.69617
3.02003
0.842735
2.70933
3.02762
0.8451
2.63596
3.00106
0.83007
2.66631
3.02094
0.837591
2.62835
2.97303
0.845776
2.62835
2.97303
0.845776
2.63257
2.97655
0.847075
2.63383
2.97764
0.847471
2.63724
2.98063
0.848563
2.63827
2.98157
0.8489
2.64111
2.98418
0.84984
2.64199
2.985
0.850133
2.64442
2.98733
0.85096
2.64442
2.98733
0.85096
2.81388
3.09068
0.866778
2.68489
3.00603
0.839308
2.81867
2.68733
3.0966
3.0089
0.868585
0.840202
2.81867
3.0966
0.868585
2.73486
2.73486
3.09708
3.09708
0.864884
0.864884
2.75529
3.1127
0.87053
2.77073
3.12534
0.875022
2.7507
3.1091
0.869214
2.76725
3.12241
0.873967
2.75592
3.02356
0.84974
2.77981
2.68957
3.13322
3.01257
0.877761
0.850465
2.71355
2.66434
3.03131
2.98532
0.8464
0.832406
2.79754
3.07303
0.861057
2.81388
3.09068
0.866778
2.68548
3.00669
0.83953
2.65231
3.01159
0.834081
2.71866
3.0898
0.860089
2.74051
3.10131
0.8664
2.75955
3.11611
0.871728
2.77396
3.12809
0.875974
2.64444
3.00648
0.832145
2.67257
3.02523
0.839188
2.7458
3.10531
0.867875
2.76354
3.11935
0.872906
2.77699
3.13073
0.876919
2.71145
3.02948
0.845706
2.62984
2.97426
0.84623
2.63124
2.97543
0.846662
2.63502
2.97867
0.84785
2.63616
2.97967
0.848214
2.63926
2.98246
0.849225
2.6402
2.98334
0.849538
2.64282
2.9858
0.850418
2.64364
2.98657
0.850693
2.68352
3.00448
0.838817
2.68417
3.00517
0.839056
2.68615
3.00751
0.839769
2.6867
3.00812
0.839978
2.81922
3.09733
0.868785
2.81972
3.09794
0.868968
)
;
    }
    procBoundary2to4
    {
        type            processor;
        value           nonuniform List<scalar> 
40
(
2.16056
2.17152
2.09481
2.01332
2.18959
2.18959
2.16056
2.5187
2.49373
2.4872
2.09481
2.09229
2.09229
2.5187
2.50409
2.18656
2.27551
2.27551
2.18345
2.26675
2.26166
2.27134
2.18295
2.26178
2.18722
2.65976
3.0459
0.845939
2.65976
3.0459
0.845939
2.64876
2.61665
3.04434
2.98894
0.843463
0.825401
2.64782
3.03821
0.843133
)
;
    }
}


// ************************************************************************* //
