/*--------------------------------*- C++ -*----------------------------------*\
  =========                 |
  \\      /  F ield         | OpenFOAM: The Open Source CFD Toolbox
   \\    /   O peration     | Website:  https://openfoam.org
    \\  /    A nd           | Version:  10
     \\/     M anipulation  |
\*---------------------------------------------------------------------------*/
FoamFile
{
    format      ascii;
    class       volScalarField;
    location    "2000";
    object      omega;
}
// * * * * * * * * * * * * * * * * * * * * * * * * * * * * * * * * * * * * * //

dimensions      [0 0 -1 0 0 0 0];

internalField   nonuniform List<scalar> 
8808
(
0.524065
0.535013
0.65647
1.21523
0.425777
0.427908
0.480579
0.677698
1.65155
4.39131
0.361346
0.365514
0.391762
0.487703
0.723995
0.998396
1.15855
0.464603
0.536401
2.31556
2.30473
3.65349
3.77286
0.87486
0.886816
0.872005
0.845267
0.855595
0.884582
1.1173
2.59525
0.652301
0.527049
0.543727
0.536965
0.52388
0.534426
0.652631
1.19343
0.648166
0.421813
0.420802
0.430427
0.425662
0.427784
0.48017
0.675956
1.64226
4.38541
0.653292
0.369039
0.339157
0.35363
0.361297
0.365464
0.391757
0.487592
0.722768
0.993917
1.15219
0.464444
0.535912
1.99987
2.52121
2.31115
2.29739
3.65948
3.77043
0.874072
0.88448
0.869647
0.842408
0.853185
0.88085
1.10376
2.60526
0.652058
0.526793
0.543564
0.536825
0.523674
0.533814
0.64894
1.17575
0.64814
0.421582
0.420634
0.430318
0.425546
0.427641
0.479651
0.673839
1.63649
4.3765
0.653296
0.368907
0.339049
0.353565
0.361243
0.365409
0.391724
0.48743
0.721533
0.990335
0.464263
0.535403
2.0019
2.52169
2.31063
2.29395
3.66083
3.76492
0.873353
0.882196
0.86742
0.839806
0.851085
0.877732
1.09276
2.62031
0.651836
0.526548
0.543399
0.536671
0.52345
0.533187
0.645413
1.16211
0.648117
0.42136
0.42047
0.430209
0.42543
0.427488
0.479041
0.671511
1.63296
4.36488
0.653302
0.368778
0.33894
0.353497
0.361187
0.365366
0.391662
0.487218
0.72037
0.987597
0.464062
0.534888
2.00453
2.5235
2.31104
2.29193
3.6578
3.75671
0.8727
0.880042
0.865403
0.837518
0.849344
0.875202
1.08431
2.63269
0.651634
0.526308
0.543229
0.536503
0.523213
0.532557
0.642086
1.15209
0.648099
0.42115
0.420314
0.430102
0.425314
0.427315
0.478357
0.669122
1.63072
4.35204
0.65331
0.368652
0.338829
0.353429
0.361129
0.365304
0.391577
0.486956
0.719331
0.985618
0.463849
0.534386
2.00714
2.52467
2.31086
2.28994
3.65136
3.74677
0.872111
0.878088
0.863659
0.835581
0.847972
0.873228
1.07818
2.63979
0.651449
0.52607
0.543053
0.536323
0.522969
0.531939
0.639008
1.14504
0.648083
0.42095
0.420163
0.429998
0.425199
0.42713
0.477621
0.666793
1.62917
0.653318
0.36853
0.338718
0.353358
0.36107
0.365239
0.391465
0.486658
0.718445
0.463629
2.00941
2.52433
2.30949
2.28737
3.64272
3.73607
0.876388
0.862223
0.834007
0.846945
0.871751
1.07403
2.64142
0.542869
0.536136
0.522726
0.531347
0.636208
1.14034
0.420019
0.429896
0.425085
0.426936
0.476854
0.664616
2.28406
3.633
3.72535
0.832783
0.846224
0.870695
1.07143
2.63844
0.535946
0.522488
0.530791
0.633727
1.13738
0.429791
0.424968
0.42674
0.476073
0.662655
3.62301
3.71508
0.845757
0.869974
1.06994
2.63193
0.522259
0.530279
0.631563
1.13563
0.424849
0.426536
0.475295
0.660953
3.70558
0.869502
1.06916
2.62297
0.529815
0.629731
1.13465
0.474529
0.659532
1.06876
2.61247
0.628192
1.1341
0.473774
0.65838
1.62367
1.06844
2.60112
0.626916
1.13366
0.473003
0.657452
1.62241
1.06796
2.58942
1.13301
0.656603
1.62095
4.39284
1.52605
1.63305
3.65146
3.76419
1.24869
1.25878
3.77307
5.17061
1.29881
1.47178
1.48946
2.66717
4.52914
2.59561
1.78811
4.63814
0.878632
1.44225
1.20395
4.65274
0.875251
1.43664
2.37924
2.37193
4.01135
1.00947
1.32426
1.64543
4.00973
1.00798
1.3217
1.52179
1.62975
4.38723
1.51842
1.62338
1.71346
1.70475
3.72525
4.47626
4.35934
4.11581
4.03182
3.9456
4.04245
3.94802
3.93483
3.94115
1.99951
2.58902
1.03482
1.16433
2.5217
2.36835
1.24018
1.19806
2.28174
1.16188
1.13269
2.31179
2.27484
1.15944
1.1299
3.3921
1.14836
1.20528
2.29888
3.39725
1.14524
1.20284
3.76366
1.24629
1.25625
3.65841
3.76178
1.24428
1.25419
5.1737
1.29513
1.463
3.77129
5.17586
1.29209
1.45577
1.48184
2.66683
1.46415
2.67391
4.54782
4.59
1.77266
2.60226
1.76156
4.65768
0.871733
1.43161
1.18419
4.66873
0.86831
1.4273
2.36979
2.36654
4.00891
1.00654
1.3195
1.63892
4.00573
1.00525
1.31777
1.51571
1.62116
4.37915
1.51369
1.61757
1.70157
1.69654
3.72527
4.47892
3.72497
4.48234
4.36231
4.11734
4.36684
4.11789
4.04464
3.94828
4.04731
3.94696
3.94254
3.9447
2.58841
1.03357
1.16174
2.00123
2.5882
1.03241
1.15939
2.36776
1.23774
1.19578
2.52136
2.36734
1.23556
1.19377
2.27306
1.15723
1.1274
2.31064
2.26966
1.15529
1.12521
3.39858
1.14244
1.2007
2.29476
3.40163
1.14
1.1989
3.7609
1.24261
1.25249
3.66103
3.75741
1.24129
1.25116
5.17453
1.28957
1.44984
3.76657
5.16505
1.28756
1.44503
1.459
2.67756
1.44795
2.69034
4.59919
4.61462
1.75369
2.61707
1.74846
4.67153
0.864864
1.42357
1.16855
4.67516
0.861616
1.42051
2.36526
2.36367
4.00418
1.00407
1.31634
1.63493
3.99892
1.00304
1.31528
1.5121
1.61609
4.36807
1.51103
1.61434
3.72478
4.48212
3.72388
4.47823
4.36705
4.11689
4.36432
4.11098
4.04703
3.94591
4.04327
3.94089
3.94482
3.94321
2.58848
1.03131
1.15724
2.00378
2.58969
1.0303
1.15536
2.36736
1.23362
1.19203
2.52308
2.36772
1.23198
1.19058
2.26867
1.15361
1.12329
2.31101
2.26674
1.1522
1.12165
3.40204
1.13785
1.19737
2.29254
3.40235
1.13602
1.19614
3.75589
1.24026
1.2501
3.65903
3.75052
1.23953
1.24935
5.16051
1.28594
1.44111
3.75895
5.14335
1.28469
1.43797
1.44473
2.69421
1.43857
2.70458
4.61607
4.61235
1.74505
2.6305
1.7431
4.6754
0.858427
1.41795
1.1568
4.67234
0.855506
1.41594
2.36273
2.36167
3.99679
1.00211
1.31442
1.63244
3.99018
1.00134
1.31383
1.51017
1.61334
4.35539
1.50967
1.61265
3.72351
4.47603
3.72219
4.4675
4.36248
4.10823
4.35474
4.09824
4.04121
3.93876
4.03318
3.93099
3.94215
3.93743
2.59012
1.02936
1.15369
2.00644
2.59114
1.02853
1.15229
2.36775
1.23059
1.18938
2.52452
2.36766
1.22949
1.18845
2.266
1.15105
1.12027
2.31106
2.26431
1.15015
1.11914
3.40183
1.13446
1.19513
2.29062
3.39956
1.13317
1.19435
3.74844
1.23901
1.24879
3.65331
3.74169
1.2387
1.24845
5.13687
1.28371
1.43543
3.74936
5.11561
1.283
1.43339
1.43668
2.70699
1.43379
2.7121
4.60872
4.59302
1.74207
2.63899
1.74178
4.67064
0.852674
1.41433
1.14834
4.66259
0.850131
1.41314
2.36081
2.35982
3.98775
1.00065
1.31334
1.63076
3.98062
1.0001
1.31304
1.50925
1.61191
4.3425
1.50904
1.61168
3.72171
4.46416
3.72013
4.45317
4.35159
4.09449
4.3409
4.08245
4.03004
3.9281
4.01962
3.91874
3.93549
3.92863
2.59134
1.02776
1.15109
2.00881
2.59141
1.0271
1.15014
2.36743
1.22864
1.18776
2.5246
2.36637
1.22805
1.18729
2.26355
1.14948
1.11822
2.31001
2.2615
1.14902
1.11752
3.39829
1.1321
1.19373
2.28823
3.39411
1.13126
1.19329
3.73925
1.23854
1.24823
3.64511
3.73171
1.23851
1.24815
5.10827
1.28246
1.43172
3.73877
5.08577
1.28209
1.43035
1.43277
2.71265
1.43182
2.71245
4.58633
4.56382
1.7418
2.64194
1.74208
4.65955
0.847703
1.41222
1.14255
4.64835
0.845584
1.41161
2.35894
2.35783
3.97816
0.999615
1.31277
1.62949
3.97114
0.999235
1.31262
3.71959
4.44929
4.33706
4.07828
4.01594
3.91547
4.00454
3.90546
3.92614
3.91807
2.59124
2.36578
1.22766
1.18702
2.26058
1.14874
1.11698
2.30769
2.25799
1.14863
1.11661
3.39234
1.13057
1.19294
2.28511
3.38697
1.13005
1.19272
3.7291
1.23857
1.24814
3.63557
3.7213
1.23871
1.2482
5.07831
1.2818
1.42917
3.72799
5.05636
1.28162
1.42815
1.43124
2.71137
1.43117
2.70685
4.5555
4.52966
1.74232
2.64001
1.74254
4.64451
0.843586
1.41116
1.13878
4.63165
0.841895
1.41092
2.35691
2.35563
3.91529
3.38492
1.12964
1.19255
3.37896
1.19246
3.7187
1.23887
1.24827
3.62557
3.71108
1.23907
1.24838
5.04931
1.28145
1.4272
3.71758
5.02887
1.28134
1.42632
1.43076
2.70456
1.43091
2.69699
4.52063
4.49371
1.74253
2.63428
1.74237
4.62746
0.840317
1.41074
1.13649
4.61403
0.839028
1.41069
2.35464
2.3532
3.70861
1.23926
1.24846
3.70146
1.24855
5.02243
1.2812
1.42542
3.70787
5.00401
1.28107
1.42455
1.4305
2.69389
1.43049
2.68444
4.48463
4.45821
1.7419
2.62584
1.74121
4.60981
0.837829
1.41064
1.13516
4.59653
0.836896
1.41066
2.35217
2.35056
4.99828
1.2809
1.42361
3.69905
4.9821
1.28072
1.42266
1.42999
2.68087
1.42963
2.67045
4.4495
4.42454
1.74017
2.61564
1.73892
4.59245
0.836034
1.41062
1.13444
4.57974
0.835405
1.41062
2.3495
2.34777
4.97713
1.42162
1.429
2.66667
1.42822
2.65592
4.41641
4.39343
1.73731
2.60446
1.73551
4.5759
0.834815
1.41053
1.13398
4.56398
0.834418
1.41044
2.34667
2.34483
0.997824
1.62394
0.997782
1.42744
2.65211
1.4262
2.64142
4.38601
4.3652
1.73336
2.59281
1.73104
4.56041
0.834024
1.41022
1.13348
4.54937
0.833756
1.40997
2.34368
2.34165
0.997689
1.62249
0.997596
1.42526
2.63764
4.35851
1.72836
4.54606
0.833422
1.40953
2.34047
0.997401
1.12498
1.49909
0.816833
1.095
4.82358
4.82035
2.7653
4.68489
2.49945
4.3901
2.76784
4.68042
2.49639
4.54697
4.35999
4.54923
4.35819
1.15516
1.62813
2.28252
1.63511
2.31389
1.62997
2.28071
1.63306
1.71196
2.41772
1.62243
2.30245
1.71453
2.41564
1.62035
2.11214
3.76112
2.05067
3.65536
2.11642
3.76139
2.04651
2.20513
3.80805
2.13902
3.77249
2.20555
3.80734
2.1376
3.91181
3.34045
3.89737
3.35185
1.48229
0.813454
1.0884
1.11023
1.46806
0.81015
1.08202
4.06717
4.57109
1.85911
2.59698
4.04569
4.57065
1.85213
4.81339
4.81136
2.75966
4.6678
2.4933
4.38363
2.76086
4.66376
2.49169
4.53717
4.35258
4.53983
4.35041
1.14966
1.78626
2.47443
1.75838
2.52104
1.78745
2.47429
1.75678
1.62103
2.27764
1.62717
2.31083
1.62182
2.27724
1.62619
1.70379
2.41136
1.6118
2.2964
1.70519
2.4105
1.61096
2.10932
3.76085
2.04681
3.66031
2.11255
3.76019
2.04382
2.20073
3.80423
2.13477
3.76933
2.20007
3.80267
2.13437
3.9517
3.38123
3.9445
3.38894
1.45615
0.807032
1.076
1.09794
1.44637
0.804021
1.07033
4.12365
4.57213
1.83456
2.6094
4.10747
4.56899
1.83207
4.80625
4.80443
2.75668
4.6517
2.49117
4.37391
2.75749
4.64775
2.49002
1.78281
2.47485
1.75329
2.52211
1.78313
2.47522
1.75258
1.61739
2.27704
1.62301
2.31075
1.61741
2.27712
1.62281
1.69924
2.40865
1.60548
2.2935
1.69987
2.40829
1.60549
2.10902
3.75659
2.04656
3.66056
2.11185
3.75501
2.04406
2.19871
3.7969
2.13352
3.76308
2.19763
3.79454
2.13352
3.96391
3.40532
3.96316
3.40861
1.43846
0.801212
1.06513
1.08823
1.4322
0.798538
1.06037
4.1572
4.56244
1.82512
2.62425
4.14644
4.55722
1.82528
4.79935
4.79738
2.75408
4.636
2.49006
4.36183
2.75491
4.63221
2.48892
1.7821
2.47635
1.75135
2.52389
1.78182
2.47664
1.75127
1.61615
2.27755
1.62148
2.31111
1.61566
2.27763
1.62176
1.69687
2.40725
1.60194
2.29158
1.69706
2.40697
1.60247
2.10939
3.74876
2.04765
3.65656
2.11217
3.74645
2.04526
2.19733
3.78668
2.13327
3.75434
2.19617
3.78378
2.13331
3.95545
3.41298
3.95907
3.41278
1.42732
0.796073
1.05614
1.08098
1.42363
0.793748
1.05236
4.17185
4.54576
1.82395
2.63542
4.16522
4.53948
1.82538
4.79168
4.78948
2.75092
4.62111
2.48868
4.3489
2.75194
4.61763
2.48739
1.78301
2.47708
1.75151
2.52473
1.78243
2.47701
1.75182
1.61625
2.27758
1.62148
2.31066
1.6155
2.2774
1.62203
1.69567
2.4058
1.60002
2.28948
1.69565
2.40539
1.60082
2.10951
3.73848
2.04881
3.64945
2.11239
3.73571
2.04631
2.19566
3.77474
2.1329
3.74413
2.1946
3.77159
2.13282
3.93478
3.40844
3.94069
3.40592
1.42086
0.791618
1.0491
1.07589
1.41887
0.789649
1.04627
4.17375
4.52586
1.82629
2.64111
4.16984
4.51925
1.82809
4.78314
4.78075
1.78452
2.4762
1.75286
2.52396
1.78385
2.47572
1.75334
1.61691
2.27644
1.6222
2.30897
1.61609
2.27595
1.62283
1.69491
2.40367
1.59887
2.28673
1.69483
2.40306
1.59977
2.10896
3.72692
2.04942
3.64044
2.11202
3.72398
2.04673
2.19338
3.76217
2.13196
3.73337
2.19247
3.75903
2.13171
3.90846
3.39618
3.91534
3.39232
1.41742
0.787872
1.04388
1.07257
1.41642
0.786265
1.04188
4.16705
4.5049
1.82918
2.64149
4.16493
4.49823
1.83084
4.77395
4.77145
1.69412
2.4007
1.59795
2.28324
1.69408
2.39985
1.59885
2.10767
3.7151
2.04927
3.63058
2.11092
3.71218
2.04638
2.19046
3.74981
2.13033
3.72271
2.1897
3.74682
2.12992
3.88042
3.37969
3.88746
3.37519
1.41568
0.784845
1.04024
1.07058
1.41516
0.783592
1.03894
4.15479
4.48378
1.83106
2.63753
4.15384
4.4772
1.83234
4.76444
4.76192
2.10572
3.7037
2.04836
3.62061
2.10912
3.70092
2.04529
2.18703
3.73817
2.1281
3.71262
2.18639
3.73541
2.12755
3.85297
3.3614
3.85971
3.35674
1.41469
0.7825
1.03789
1.06949
1.41428
0.78156
1.03711
4.13896
4.46301
1.83128
2.63031
4.13875
4.45662
1.83212
4.75495
4.75246
2.18324
3.72753
2.1254
3.70334
2.18268
3.72505
2.12474
3.82736
3.3429
3.83355
3.33835
1.41379
0.780766
1.03652
1.06894
1.41325
0.7801
1.03612
4.12098
4.44296
1.82974
2.62089
4.12121
4.4368
1.83014
4.74568
4.74328
3.80421
3.32513
3.80974
3.32086
1.41256
0.779541
1.03583
1.06862
1.41176
0.779078
1.03565
4.10191
4.4238
1.8266
2.61011
4.10236
4.41793
1.82662
4.73681
4.73452
3.7836
3.3086
3.78853
3.30469
1.41074
0.778698
1.03553
1.06826
1.4096
0.778343
1.03544
4.08245
4.40572
1.82209
2.59864
4.08302
4.40017
1.82179
4.72834
4.72623
3.76545
3.29351
3.76975
3.28995
1.40814
0.777947
1.03522
4.06321
4.38878
1.81648
2.58688
4.06374
4.38353
1.8159
4.72044
4.71843
2.77437
4.39435
4.68972
2.50135
4.69495
2.50564
2.77059
3.26399
6.00342
3.91084
6.00344
3.91075
3.2621
2.12056
3.6494
3.76074
2.04995
3.76028
2.05497
2.11547
2.11386
3.76476
3.77256
2.14129
3.7727
2.14372
2.10936
2.21048
3.77325
3.80847
2.14101
3.80891
2.14325
2.20917
2.30781
5.16659
3.97789
2.78741
3.98053
2.7885
2.30482
3.86456
3.3287
3.31699
3.88151
5.30592
5.33355
2.36282
1.49711
2.00817
1.72825
2.01635
1.73737
2.35482
2.87606
2.66915
4.60376
1.94044
4.5821
1.95206
2.87575
4.50797
4.3977
3.53247
4.00819
2.59672
4.56743
1.86953
4.56693
1.87949
4.03121
4.47005
3.56829
3.54172
4.46244
1.66548
2.3158
2.87118
4.64274
1.67582
2.30524
2.86723
1.65859
4.64792
2.29527
2.86295
2.30167
2.86511
1.65013
3.78215
3.86263
2.37654
3.78231
3.86376
6.01926
6.01836
4.81535
4.81781
2.37364
3.78297
3.86575
3.78282
3.86479
6.01552
6.01708
2.01891
3.25089
2.36175
4.01088
2.02169
3.24897
2.35873
2.01773
4.01025
3.24621
2.35587
3.24754
2.35798
2.01562
3.25971
6.00261
3.9111
3.26077
6.00099
3.91129
2.76362
4.3886
4.67194
2.49346
4.67608
2.49558
2.76196
3.25894
5.99575
3.91146
5.99868
3.91147
3.25824
2.58876
2.48503
1.77082
1.71055
2.59272
2.48095
1.76787
4.5447
4.35453
4.35643
4.54233
2.58523
1.70685
2.47449
1.76202
2.47736
1.76414
2.5823
3.72519
4.60211
4.60136
4.47277
4.65102
4.64894
4.35558
4.24822
4.24509
4.11358
4.18062
4.17807
3.97516
4.03605
3.9791
3.95312
3.94664
3.95564
4.03959
3.98518
3.98247
3.9475
3.95937
3.95776
4.06087
3.93728
4.06246
5.22529
5.22733
3.9394
4.06491
4.06381
5.22973
5.22883
1.68508
2.59001
2.59031
1.84113
2.59178
1.8434
1.68227
1.79111
2.52249
2.47488
1.76032
2.47557
1.76243
1.78941
1.69924
2.36914
2.41255
1.69048
2.41344
1.69203
1.6977
1.59138
2.26605
1.61851
2.27909
1.59312
2.26413
1.61684
1.62538
2.31261
2.27834
1.62916
2.27927
1.63061
1.62412
1.58845
2.27664
2.26133
1.6119
2.26247
1.61294
1.58726
1.83626
2.8757
1.98583
3.39394
1.83854
2.875
1.98229
1.70926
2.30036
2.41256
1.61511
2.41387
1.61649
1.70735
1.83423
3.39562
2.87414
1.9798
2.87446
1.98263
1.83255
2.10642
3.7725
2.13974
3.76313
2.11011
3.77215
2.13808
2.11388
3.657
3.7613
2.04468
3.76144
2.04809
2.1103
2.10784
3.76249
3.77122
2.13615
3.77183
2.13722
2.10476
2.29869
3.97552
2.78653
5.1755
2.30054
3.9731
2.78688
2.20227
3.77199
3.80545
2.13556
3.80656
2.13634
2.20251
2.29541
5.1763
3.96826
2.78812
3.97077
2.78706
2.29441
5.37445
5.35634
2.3437
2.00094
1.71953
1.47551
2.34842
1.99549
1.7121
2.87982
4.62326
1.92981
2.66821
2.87705
4.64025
1.92126
3.92452
3.37242
3.36256
3.93545
5.38793
5.39708
2.34021
1.46921
1.98743
1.69922
1.99073
1.70503
2.33795
2.88329
2.67052
4.66588
1.90754
4.6545
1.91347
2.88745
4.56441
4.57829
4.51363
3.57761
4.52853
3.60343
4.07929
2.59885
4.5713
1.83998
4.57304
1.84446
4.0983
4.57374
3.6349
3.61114
4.552
1.63814
2.29538
2.86222
4.66177
1.64493
2.29194
2.8612
1.63457
4.66577
2.29327
2.86114
2.29469
2.86142
1.62931
3.78335
3.8665
2.36872
3.7833
3.86707
6.01358
6.01135
4.80781
4.80967
2.36715
3.78317
3.86754
3.78347
3.86739
6.00598
6.0088
2.01317
3.24518
2.35576
4.00808
2.01489
3.24413
2.35417
2.01288
4.0069
3.2423
2.35333
3.24326
2.35454
2.01155
3.25706
5.9923
3.91131
3.25768
5.98837
3.91089
2.75895
4.38137
4.65572
2.49072
4.6597
2.49196
2.75806
3.25648
5.97947
3.9095
5.98409
3.91033
3.25579
2.57717
2.47169
1.75885
1.70005
2.57951
2.46945
1.75732
4.5344
4.34574
4.34816
4.5315
2.57496
1.6975
2.46573
1.75378
2.46737
1.75477
2.5731
4.60264
3.72522
4.60297
4.65254
4.48079
4.65354
3.72512
4.60301
4.60308
4.48191
4.6541
4.65404
4.25064
4.36451
4.25228
4.18248
4.11816
4.18363
4.36601
4.25348
4.25324
4.11834
4.18403
4.18415
3.98721
4.04615
3.98865
3.96049
3.94815
3.96113
4.04703
3.98967
3.98941
3.94775
3.96099
3.96126
4.06582
3.94355
4.06643
5.23014
5.23002
3.94432
4.06696
4.06685
5.22853
5.22948
1.67774
2.58927
1.83915
2.58808
1.68007
2.58843
1.83739
1.67604
2.58806
2.58762
1.83469
2.58797
1.83593
1.67419
1.6946
2.41185
1.68852
2.36746
1.69566
2.41149
1.68746
1.78486
2.5211
2.47458
1.75429
2.47434
1.75537
1.78416
1.69308
2.36731
2.41124
1.68545
2.41125
1.68603
1.6925
1.584
2.26031
1.60849
2.2718
1.58475
2.25964
1.60794
1.61923
2.31063
2.27698
1.62418
2.27703
1.62471
1.61889
1.58196
2.27051
2.25873
1.60496
2.25907
1.60505
1.58164
1.8298
2.87383
1.98072
3.39988
1.83102
2.87364
1.97834
1.70213
2.29538
2.40921
1.60787
2.40973
1.60821
1.70118
1.8287
3.40073
2.87325
1.97774
2.87341
1.97972
1.82787
2.10389
3.77054
2.13571
3.75991
2.1066
3.76946
2.13499
2.11195
3.66074
3.75808
2.04377
3.75921
2.04639
2.10905
2.10606
3.75872
3.76687
2.13448
3.76838
2.13491
2.10364
2.29124
3.96573
2.7887
5.1721
2.29172
3.96297
2.78991
2.19863
3.76806
3.799
2.13379
3.80099
2.13391
2.19958
2.289
5.16901
3.95709
2.79154
3.96014
2.79049
2.28888
5.40405
5.40243
2.33571
1.98445
1.69361
1.45502
2.33641
1.98264
1.68918
2.89584
4.67443
1.90204
2.68181
2.89158
4.68022
1.89816
3.95716
3.40096
3.39553
3.96093
5.4027
5.39863
2.33545
1.45093
1.98028
1.68173
1.98099
1.6849
2.33573
2.8997
2.68596
4.68421
1.89228
4.68345
1.89452
2.90333
4.60636
4.61138
4.57902
3.64016
4.60665
3.66121
4.1298
2.6128
4.56416
1.82751
4.56842
1.82843
4.14323
4.62904
3.68183
3.66367
4.59675
1.62304
2.29769
2.86183
4.67324
1.62707
2.29745
2.8619
1.622
4.67468
2.30324
2.86312
2.30284
2.86288
1.61904
3.78308
3.86745
2.36489
3.78251
3.86719
6.00293
5.99968
4.80098
4.80285
2.36386
3.78138
3.86608
3.78217
3.8667
5.99269
5.99626
2.0103
3.24146
2.35388
4.00263
2.01145
3.24046
2.3528
2.0104
4.00076
3.23848
2.35254
3.23955
2.3535
2.00947
3.25422
5.97465
3.90853
3.25509
5.96964
3.90729
2.75619
4.37093
4.63989
2.48953
4.64378
2.49059
2.75544
3.25333
5.95937
3.90441
5.96456
3.90596
3.25229
4.60274
3.72452
4.60229
4.65373
4.48133
4.65298
3.72422
4.60093
4.60168
4.48001
4.6505
4.65188
4.25312
4.36666
4.25213
4.18335
4.11536
4.18212
4.36574
4.24864
4.25065
4.11338
4.17829
4.18043
3.98922
4.04622
3.98841
3.96014
3.94449
3.95907
4.04496
3.98539
3.98703
3.94286
3.95571
3.95746
4.06685
3.94456
4.06644
5.2272
5.22552
3.94406
4.06495
4.06584
5.22127
5.22353
1.67142
2.58749
1.83367
2.5888
1.6729
2.58736
1.83282
1.67054
2.58925
2.58753
1.83176
2.58747
1.83221
1.66945
1.69109
2.41121
1.68435
2.36747
1.69132
2.41131
1.68411
1.78219
2.52258
2.47603
1.75166
2.47561
1.75199
1.78223
1.69029
2.36758
2.41154
1.68347
2.41139
1.68338
1.6904
1.57989
2.25842
1.60239
2.26803
1.5799
2.25817
1.60263
1.61628
2.31085
2.27741
1.6221
2.27729
1.622
1.61657
1.57849
2.26724
2.2578
1.60096
2.25799
1.60042
1.57877
1.82645
2.87295
1.97938
3.40246
1.82705
2.87268
1.97756
1.69823
2.29287
2.40764
1.60378
2.40789
1.60346
1.69786
1.82588
3.40239
2.87192
1.97779
2.8723
1.97942
1.8255
2.10365
3.76538
2.13456
3.75425
2.10595
3.7634
2.13426
2.11196
3.65981
3.75108
2.04467
3.75306
2.04702
2.10924
2.10606
3.75244
3.75922
2.13424
3.76154
2.13446
2.10383
2.28694
3.95395
2.79191
5.15525
2.28686
3.9506
2.79265
2.19688
3.7611
3.78941
2.13343
3.79208
2.13335
2.19805
2.28509
5.14959
3.9436
2.79295
3.94719
2.79263
2.28527
5.3841
5.39238
2.33682
1.97943
1.67853
1.44254
2.33612
1.97934
1.67637
2.90882
4.68294
1.88993
2.69809
2.90627
4.67972
1.88879
3.96342
3.41238
3.41097
3.96172
5.37423
5.36296
2.33751
1.44007
1.97937
1.6728
1.97905
1.67411
2.33833
2.91061
2.7014
4.66855
1.88709
4.67488
1.88742
2.91195
4.61617
4.61478
4.60731
3.68146
4.64309
3.69686
4.15799
2.62708
4.54894
1.82482
4.55474
1.82385
4.16652
4.65068
3.70688
3.69389
4.61229
1.61669
2.30899
2.86412
4.67477
1.61888
2.3095
2.86431
1.61729
4.67396
2.31568
2.86538
2.3153
2.86527
1.61572
3.7808
3.86527
2.36259
3.77976
3.86435
5.98905
5.98529
4.79354
4.79563
2.36174
3.77777
3.86213
3.77899
3.86327
5.97768
5.98153
2.00868
3.23749
2.3532
3.99471
2.0096
3.2363
2.35219
2.00893
3.9924
3.23393
2.35187
3.2352
2.35288
2.00812
3.24999
5.95421
3.90278
3.25122
5.94905
3.90096
2.75352
4.35852
4.62475
2.48828
4.62843
2.48943
2.75265
3.24874
5.93894
3.89712
5.94396
3.89911
3.24737
4.60003
3.7231
4.59902
4.64882
4.47348
4.64693
3.72266
4.59668
4.59789
4.47062
4.64257
4.64482
4.24625
4.36022
4.24343
4.17578
4.10514
4.1729
4.35764
4.23692
4.24034
4.10181
4.16633
4.16976
3.98318
4.03881
3.9808
3.95342
3.93632
3.95106
4.03612
3.97516
3.97802
3.93377
3.94554
3.9483
4.06388
3.94078
4.06256
5.21875
5.216
3.93924
4.05942
4.0611
5.20996
5.21306
1.66803
2.58769
1.83145
2.59048
1.66885
2.58776
1.83128
1.66774
2.59086
2.58805
1.83134
2.58797
1.83126
1.6672
1.69013
2.41155
1.68292
2.36778
1.6898
2.41159
1.6832
1.78197
2.52424
2.47705
1.7514
2.47688
1.75122
1.78246
1.68978
2.36774
2.41147
1.68335
2.41154
1.68289
1.69031
1.57804
2.25761
1.59895
2.26552
1.57757
2.2574
1.5997
1.61545
2.31108
2.27766
1.62182
2.2777
1.62136
1.6161
1.57703
2.2648
2.25687
1.59883
2.25717
1.59791
1.57765
1.82476
2.87136
1.97971
3.40135
1.82505
2.87081
1.97806
1.69623
2.29098
2.40628
1.60156
2.40659
1.60086
1.69619
1.82444
3.40042
2.8694
1.97846
2.87011
1.98005
1.82426
2.10393
3.75705
2.13444
3.74629
2.10621
3.75439
2.1342
2.11232
3.65493
3.74129
2.04589
3.74384
2.04826
2.10955
2.10631
3.74401
3.74914
2.13416
3.75199
2.13441
2.10401
2.2836
3.93997
2.79249
5.12996
2.28342
3.93621
2.79235
2.19545
3.75189
3.77779
2.13315
3.78085
2.13313
2.19659
2.28176
5.12294
3.92859
2.79085
3.93244
2.79144
2.28192
5.33743
5.35065
2.3396
1.97928
1.67125
1.4357
2.33896
1.97971
1.67058
2.91258
4.66102
1.88626
2.7092
2.91249
4.6524
1.88636
3.95113
3.41045
3.41194
3.94616
5.32359
5.30922
2.34002
1.43432
1.98022
1.66944
1.97976
1.66961
2.34035
2.91195
2.71075
4.63265
1.88632
4.6429
1.88593
2.91092
4.60433
4.59894
4.61337
3.70167
4.65354
3.71259
4.16893
2.63694
4.52959
1.82664
4.53603
1.8249
4.17413
4.65306
3.71476
3.70553
4.61168
1.61565
2.3212
2.86618
4.66819
1.61682
2.32122
2.8661
1.61717
4.66571
2.32599
2.86648
2.32637
2.86673
1.61631
3.77681
3.86087
2.36072
3.77543
3.85957
5.9739
5.97008
4.7852
4.7875
2.3599
3.77282
3.85676
3.77433
3.85816
5.96258
5.96633
2.00745
3.23274
2.35244
3.98543
2.00832
3.23137
2.35131
2.00772
3.98296
3.22869
2.35071
3.23011
2.35186
2.0069
3.24449
5.93406
3.89512
3.24599
5.92931
3.89299
2.75014
4.34558
4.61099
2.4864
4.61422
2.48773
2.74908
3.243
5.92024
3.88872
5.92469
3.89089
3.24143
4.59538
3.72119
4.59402
4.64014
4.46063
4.63761
3.72067
4.59111
4.59258
4.45696
4.63227
4.63497
4.23333
4.3482
4.22952
4.16272
4.09058
4.15894
4.34463
4.22155
4.22561
4.08656
4.15104
4.15504
3.97191
4.02669
3.96864
3.94238
3.92505
3.93927
4.02322
3.96164
3.96512
3.92196
3.9326
3.93588
4.05763
3.93332
4.05566
5.20671
5.20335
3.93107
4.05143
4.05362
5.19636
5.19989
1.66673
2.58817
1.83151
2.59143
1.6671
2.58815
1.83175
1.66685
2.59148
2.58813
1.83249
2.58821
1.83209
1.66668
1.69066
2.41122
1.68311
2.36716
1.69005
2.41093
1.68366
1.78311
2.52471
2.4766
1.75253
2.47685
1.75208
1.78377
1.69052
2.36678
2.41007
1.68416
2.41052
1.68354
1.69121
1.57745
2.25651
1.59713
2.26297
1.57675
2.25611
1.59815
1.61575
2.31034
2.27684
1.62243
2.27719
1.62181
1.61657
1.57664
2.26214
2.25511
1.59768
2.25565
1.59658
1.57742
1.82379
2.86852
1.98039
3.39711
1.82396
2.86763
1.9787
1.6952
2.28875
2.40435
1.60028
2.40484
1.5994
1.69528
1.82354
3.39555
2.8656
1.97894
2.86661
1.98063
1.82341
2.10386
3.74656
2.13428
3.7368
2.10628
3.74352
2.13393
2.11229
3.64724
3.72992
2.04666
3.73277
2.04919
2.10936
2.10608
3.73425
3.73774
2.13363
3.74083
2.13402
2.1036
2.28006
3.92475
2.78953
5.10076
2.27997
3.92087
2.78854
2.19363
3.74147
3.7653
2.13237
3.76847
2.13251
2.19463
2.27807
5.09329
3.91316
2.7855
3.91701
2.78683
2.2781
5.2796
5.29454
2.34025
1.98016
1.66885
1.43254
2.34036
1.98048
1.66896
2.90718
4.62186
1.88597
2.71305
2.90921
4.61054
1.88637
3.92855
3.39975
3.40303
3.92204
5.26458
5.24949
2.33986
1.4318
1.98052
1.66891
1.98033
1.66861
2.33935
2.90458
2.71281
4.58701
1.88644
4.59892
1.88606
2.90174
4.5793
4.57164
4.60806
3.70619
4.65024
3.71404
4.16835
2.64125
4.50884
1.8296
4.51543
1.82779
4.17127
4.64571
3.71107
3.7043
4.60302
1.6173
2.33062
2.86689
4.6559
1.61802
2.32973
2.86642
1.61919
4.65239
2.33257
2.866
2.3339
2.86664
1.61857
3.77159
3.85527
2.35882
3.76996
3.8538
5.95893
5.95532
4.77614
4.7786
2.35796
3.76695
3.85074
3.76866
3.85225
5.94837
5.95182
2.00617
3.22738
2.35113
3.97583
2.00708
3.22591
2.34985
2.0064
3.97341
3.22309
2.34894
3.22457
2.35025
2.00553
4.58959
4.6295
4.21744
4.33309
4.21324
4.14697
4.07406
4.14282
3.9579
4.01217
3.95424
3.92902
3.91214
3.92557
4.00837
3.94678
3.95045
3.90883
3.91849
3.92194
4.04919
3.9235
4.04684
5.19277
5.18912
3.92084
4.04202
4.04447
5.18177
5.18545
2.58805
1.83291
1.6669
1.69173
2.40944
1.68402
2.36517
1.69105
2.40879
1.68464
1.57742
2.2545
1.59611
2.25983
1.57663
2.25384
1.59724
1.61646
2.30833
2.27476
1.62329
2.27541
1.62265
1.61729
1.57666
2.25881
2.25234
1.59688
2.25312
1.59573
1.57746
1.82295
2.86442
1.98076
3.3907
1.82312
2.86325
1.97893
1.69447
2.28581
2.40161
1.59935
2.4023
1.59842
1.69456
1.82268
3.38876
2.86073
1.97886
2.86198
1.98071
1.8225
2.10308
3.735
2.13359
3.72651
2.10569
3.73184
2.13306
2.11156
3.63794
3.71806
2.0467
3.72097
2.04942
2.10843
2.10511
3.72389
3.72598
2.1324
3.72909
2.13298
2.10244
2.27592
3.90934
2.78347
5.0709
2.27599
3.90555
2.78184
2.19118
3.73068
3.75284
2.13091
3.75593
2.13122
2.19202
2.27378
5.0636
3.89811
2.77771
3.90181
2.77956
2.27365
5.21957
5.23448
2.33757
1.98015
1.66866
1.43138
2.33851
1.98011
1.66901
2.89489
4.57499
1.88597
2.71023
2.8984
4.56284
1.88614
3.90151
3.38405
3.38829
3.89448
5.20484
5.19036
2.33637
1.43093
1.97939
1.66917
1.97959
1.66881
2.33508
2.89099
2.70855
4.53858
1.88557
4.5507
1.88554
2.88701
4.54714
4.53835
4.59695
3.70041
4.64002
3.70632
4.16
2.64044
4.48774
1.83182
4.49432
1.8303
4.16151
4.63339
3.70026
3.69499
4.59008
1.61983
2.3362
2.866
4.64021
1.62046
2.33438
2.86515
1.62175
4.63613
2.33538
2.86399
2.33758
2.865
1.6211
3.76556
2.35673
3.76378
4.76669
4.76921
2.35581
3.76053
3.76234
4.03956
3.91244
4.03704
5.17809
5.17444
1.82193
2.85933
1.98053
3.38303
1.82217
2.85797
1.97853
1.82158
3.3809
2.85512
1.97813
2.85652
1.98015
1.82132
2.10156
3.72327
2.13221
3.71613
2.10434
3.72017
2.13149
2.11009
3.62799
3.70648
2.04597
3.7093
2.04889
2.10679
2.10341
3.71358
3.71454
2.13052
3.71753
2.13125
2.10057
2.27118
3.89449
2.77522
5.04232
2.27139
3.89092
2.77318
2.18812
3.72013
3.74099
2.12882
3.74388
2.12928
2.18883
2.26891
5.03555
3.884
2.7684
3.88742
2.77055
2.26866
5.16216
5.17611
2.33187
1.97862
1.66891
1.43101
2.33351
1.97818
1.66919
2.87832
4.52659
1.8847
2.70229
2.88267
4.5147
1.88445
3.87345
3.36603
3.37065
3.86653
5.14849
5.13519
2.33004
1.43064
1.9767
1.66907
1.97728
1.66887
2.32816
2.8737
2.6996
4.49146
1.88297
4.50298
1.8834
2.86913
4.51175
4.50262
4.58267
3.6884
4.62611
3.69318
4.14669
2.63555
4.46688
1.83249
4.47332
1.8314
4.14727
4.61836
3.6854
3.68096
4.57487
1.62218
2.33813
2.86366
4.62289
1.62293
2.33554
2.86248
1.62397
4.61864
2.33505
2.86074
2.33794
2.86203
1.62315
3.75904
2.35441
3.75718
4.75716
4.75968
2.35343
3.75381
3.75568
2.09939
3.71199
2.13018
3.70618
2.10232
3.70906
2.12932
2.10111
3.70379
3.70384
2.1281
3.70661
2.12896
2.09815
2.26598
3.88065
2.76566
5.01608
2.2663
3.87738
2.76342
2.18459
3.71022
3.73009
2.12622
3.7327
2.12679
2.18521
2.26364
5.00999
3.8711
2.75836
3.8742
2.76063
2.26332
5.1096
5.1222
2.32393
1.97557
1.66862
1.43072
2.32605
1.97479
1.66868
2.85959
4.48018
1.88165
2.69091
2.86431
4.46914
1.88094
3.84637
3.34748
3.35211
3.83988
5.09735
5.08552
2.32167
1.43029
1.97267
1.66807
1.97356
1.66813
2.31942
2.8547
2.68759
4.44787
1.87859
4.45834
1.87946
2.84995
4.4758
4.46686
4.56687
3.67291
4.61034
3.6771
4.13021
2.62769
4.44666
1.83138
4.45288
1.83073
4.13024
4.60214
3.6685
3.66446
4.55875
1.62386
2.33711
2.86014
4.60523
1.6248
2.33394
2.85873
1.62543
4.60105
2.33235
2.85656
2.33573
2.85805
1.62439
3.75228
2.35187
3.75039
4.74782
4.75027
2.35086
3.74698
3.74886
2.26052
3.86809
2.75553
4.99267
2.26089
3.86516
2.75323
2.18075
3.70117
3.72028
2.12325
3.72262
2.12391
2.1813
2.25814
4.98732
3.85956
2.74816
3.86231
2.75043
2.25775
5.06297
5.07404
2.31457
1.97126
1.66736
1.4301
2.31697
1.97022
1.66714
2.84028
4.43767
1.87686
2.6775
2.84503
4.42776
1.87574
3.82132
3.32946
3.33388
3.81547
5.05227
5.04198
2.31205
1.42956
1.96764
1.66599
1.96875
1.66633
2.3096
2.83543
2.67386
4.40881
1.87267
4.41811
1.87389
2.83077
4.44109
4.43265
4.55062
3.65576
4.5939
3.6597
4.11191
2.61786
4.4273
1.82861
4.43325
1.82836
4.11163
4.58567
3.65086
3.64694
4.54255
1.62466
2.3339
2.85578
4.58803
1.62582
2.33032
2.8542
1.626
4.58405
2.32798
2.85174
2.33169
2.85336
1.62474
3.74545
2.34916
3.74356
4.73884
4.74119
2.34811
3.74017
3.74203
2.25486
3.8569
2.74538
4.97227
2.2553
3.85434
2.74312
5.0225
5.03203
2.30445
1.96605
1.66502
1.42896
2.30698
1.96482
1.66452
2.82144
4.39978
1.87062
2.66314
2.826
4.39105
1.86919
3.79882
3.3126
3.31669
3.7936
5.0133
5.00449
2.30182
1.4283
1.96194
1.66288
1.9632
1.66346
2.29929
2.8168
2.65941
4.37447
1.8656
4.38259
1.86708
2.81241
4.40863
4.40085
4.53457
3.63808
4.57756
3.642
4.09274
2.60686
4.40897
1.82441
4.41461
1.82451
4.09236
4.56957
3.63326
3.62929
4.52678
1.62457
2.32917
2.85082
4.57173
1.62595
2.32533
2.84914
1.62571
4.56802
2.32248
2.84649
2.32641
2.8482
1.62424
3.73865
3.8266
2.34629
3.73679
3.82537
5.90308
4.73031
4.73254
2.3452
3.73345
3.82303
3.73529
3.82417
5.89978
5.90138
4.98783
4.99596
2.29402
1.96021
1.66165
1.42724
2.2966
1.95886
1.6609
2.80364
4.3666
1.86331
2.64856
2.80791
4.35902
1.86165
3.77883
3.29714
3.30087
3.77421
4.97993
4.97244
2.29135
1.42643
1.95576
1.65881
1.95711
1.65962
2.28883
2.79931
2.64486
4.34467
1.85767
4.35168
1.85935
2.79523
4.37895
4.37189
4.51913
3.62057
4.56177
3.62455
4.07336
2.59529
4.39179
1.81903
4.39709
1.81941
4.07299
4.55416
3.61607
3.61199
4.51175
1.62364
2.32343
2.84549
4.55653
1.62525
2.31938
2.84372
1.62459
4.55308
2.31617
2.84091
2.32028
2.84269
1.6229
3.73193
3.82183
2.34324
3.73013
3.8207
5.89825
5.89675
4.72227
4.72432
2.34211
3.72686
3.81848
3.72863
3.81955
5.89396
5.89528
4.9583
4.96516
2.28359
1.95394
1.65736
1.42488
2.28614
1.95251
1.65637
2.78712
4.33787
1.8552
2.63416
2.79105
4.33131
1.85336
3.76129
3.28645
4.95167
4.35215
4.50474
3.60358
4.54686
3.60773
1.62187
2.31698
2.83983
4.54244
1.62371
2.31276
2.83796
3.72538
3.81741
2.33994
3.72357
3.81638
1.00098
1.09022
0.856901
0.864872
0.66853
0.682472
0.88669
0.969382
0.680451
0.7405
0.986878
0.553054
0.753459
0.676521
0.985074
0.552604
0.753359
1.65513
2.31114
1.25591
1.65002
1.65754
2.30905
1.25412
0.893718
0.566978
0.679555
0.723368
0.892436
0.56673
0.679274
1.08767
0.733138
0.797712
0.996088
1.08541
0.732376
0.796938
0.822391
0.848606
0.654827
0.874465
0.821103
0.849028
0.654022
0.898066
0.656925
0.723116
0.885667
0.896829
0.656422
0.723078
0.85693
0.691257
0.710535
0.870833
0.855636
0.691043
0.710371
0.855294
0.676467
0.689029
0.843823
0.854091
0.676167
0.688756
0.86332
0.668224
0.682066
0.854367
0.861903
0.667859
0.681617
0.965632
0.679802
0.739312
0.882653
0.962202
0.679126
0.738093
0.983388
0.55229
0.753142
0.674584
0.981543
0.551804
0.752781
1.64912
2.30456
1.24974
1.64175
1.65063
2.30379
1.24833
0.891152
0.566574
0.678953
0.722126
0.890005
0.566289
0.678571
1.08334
0.731592
0.796074
0.992052
1.08157
0.730813
0.79529
1.57919
2.40852
1.3404
2.00017
1.58135
2.40715
1.33945
0.819797
0.849415
0.653231
0.873712
0.818555
0.84977
0.652491
0.895574
0.65587
0.722925
0.883348
0.894373
0.655359
0.722783
0.854362
0.690746
0.71012
0.868529
0.85318
0.690478
0.709872
0.852897
0.675818
0.688463
0.841088
0.851784
0.675464
0.688125
0.860572
0.667503
0.681158
0.852103
0.859373
0.667101
0.680676
0.959028
0.678449
0.736838
0.879237
0.956191
0.677766
0.735599
0.979907
0.551442
0.752355
0.67235
0.978183
0.550909
0.751836
1.64589
2.30188
1.24501
1.63666
1.64679
2.30162
1.24394
0.888899
0.566099
0.67818
0.720915
0.887945
0.565791
0.677759
1.08
0.730046
0.794454
0.988903
1.0787
0.729314
0.793725
1.57341
2.40475
1.33844
2.00243
1.5749
2.40414
1.33769
0.817306
0.850095
0.651759
0.873026
0.816135
0.850394
0.651076
0.893176
0.6548
0.72254
0.881118
0.892058
0.654284
0.72232
0.852022
0.690137
0.709555
0.866401
0.850966
0.689832
0.709255
0.850708
0.675073
0.687783
0.838639
0.849732
0.674686
0.687412
0.858254
0.666722
0.6802
0.85018
0.857272
0.666311
0.679718
0.953581
0.6771
0.734366
0.876414
0.951296
0.676445
0.733184
0.976728
0.550498
0.751297
0.669989
0.975233
0.549923
0.750704
1.64433
2.30057
1.24156
1.63353
1.6449
2.30044
1.24078
0.887041
0.565584
0.677352
0.719812
0.886297
0.565264
0.676934
1.07757
0.728609
0.79295
0.986562
1.07669
0.72796
0.792322
1.57003
2.4034
1.33723
2.0051
1.57097
2.40317
1.33665
0.814968
0.850668
0.650398
0.872405
0.813889
0.85092
0.649765
0.890963
0.653724
0.72201
0.879059
0.889968
0.65321
0.721735
0.849942
0.689461
0.708899
0.864517
0.849037
0.689134
0.70857
0.848805
0.674272
0.68705
0.836523
0.847986
0.673873
0.686671
0.85637
0.665935
0.679257
0.848624
0.855602
0.665538
0.678801
0.949224
0.675821
0.732032
0.874167
0.947452
0.675221
0.730959
0.974014
0.549475
0.750124
0.667624
0.972788
0.548871
0.749518
1.64363
2.29946
1.23914
1.6315
1.64404
2.29929
1.23857
0.885598
0.565053
0.676544
0.718847
0.88505
0.564734
0.676157
1.07595
0.727347
0.79166
0.984911
1.0754
0.7268
0.791153
1.56851
2.40317
1.33659
2.00765
1.56904
2.4031
1.33612
0.812826
0.85115
0.649136
0.871848
0.811858
0.851362
0.64855
0.889003
0.652656
0.721381
0.877227
0.888155
0.65215
0.721073
0.848171
0.68875
0.708199
0.862923
0.847429
0.688417
0.707865
0.847219
0.673458
0.686312
0.834767
0.846561
0.673067
0.685946
0.854907
0.665184
0.678375
0.847429
0.854336
0.664818
0.677964
0.945863
0.67466
0.729929
0.872451
0.94454
0.674132
0.728993
0.971836
0.548401
0.748954
0.665367
0.970875
0.547786
0.748386
1.64326
2.29812
1.23746
1.63007
1.64362
2.29787
1.23704
0.884535
0.564531
0.675812
0.718041
0.884155
0.564226
0.675477
2.4033
1.33635
1.56855
0.887345
0.651608
0.720697
0.84673
0.688035
0.707499
0.861648
0.846155
0.687709
0.707177
0.845954
0.67267
0.685609
0.833371
0.845448
0.672303
0.685273
0.853827
0.6645
0.677587
0.84656
0.853429
0.664175
0.677231
0.943363
0.673646
0.728107
0.871195
0.942411
0.673198
0.727323
0.547309
0.66329
0.5467
0.844985
0.671937
0.68497
0.832312
0.844617
0.671608
0.684673
0.853079
0.663902
0.676913
0.845974
0.852824
0.663626
0.676619
0.94157
0.672794
0.726591
0.870316
0.94091
0.67243
0.725963
0.546235
0.661461
0.545648
0.8526
0.663401
0.67636
0.845614
0.852457
0.663173
0.676125
0.940323
0.672104
0.72538
0.869729
0.939876
0.671817
0.724896
0.545204
0.659897
0.544647
0.93947
0.671566
0.724453
0.86935
0.939168
0.671348
0.724099
0.544246
0.65861
0.543729
0.967591
0.543364
0.745067
0.657574
0.967459
0.542878
0.744864
1.64038
2.28803
1.23394
1.62456
1.6409
2.28754
1.23375
0.967503
0.542549
0.744713
0.656705
0.967363
0.542069
0.744513
1.63935
2.28568
1.23353
1.62324
1.63993
2.28523
1.23331
0.967322
0.541672
0.744249
1.63806
2.28332
1.23299
1.62164
1.63873
2.28278
1.23267
2.01548
1.63576
2.27467
1.49819
2.27848
1.49942
2.01277
1.65364
1.64638
2.30588
1.25108
2.30713
1.25266
1.65175
2.00806
2.27114
1.49495
1.62759
2.01005
2.26846
1.49401
2.00617
1.62494
2.26438
1.4907
2.26608
1.49124
2.00485
1.58563
1.99941
2.40999
1.34068
2.4119
1.58316
1.34171
1.6484
1.63903
2.30254
1.24599
2.30294
1.24719
1.64726
2.00249
2.26262
1.48813
1.62002
2.00343
2.26141
1.48788
2.00155
1.61826
2.25951
1.48581
2.26023
1.48573
2.00101
1.57777
2.00075
2.40533
1.3385
2.40622
1.57601
1.33931
1.64567
1.63451
2.30104
1.24224
2.30115
1.24314
1.64501
1.99986
2.25852
1.48381
1.61565
2.00026
2.25792
1.4841
1.99935
1.61449
2.25684
1.48296
2.25721
1.48243
1.99918
1.57264
2.00319
2.40353
1.33712
2.40386
1.5715
1.33775
1.64438
1.63172
2.29994
1.2396
2.30003
1.24024
1.64396
1.99844
2.25611
1.4814
1.61333
1.99865
2.25568
1.48207
1.99807
1.6125
2.25476
1.48154
2.25508
1.48072
1.99798
1.56977
2.00587
2.40311
1.33635
2.4032
1.56912
1.33684
1.6438
1.62988
2.29867
1.23776
2.29883
1.23822
1.64347
1.99731
2.25405
1.48022
1.61207
1.99751
2.25361
1.4811
1.99694
1.61143
2.2526
1.48089
2.25298
1.47992
1.99682
1.56863
2.00833
2.40321
1.33602
2.40323
1.56832
1.33642
1.64346
1.62854
2.29711
1.23647
2.29734
1.23682
1.64315
1.64043
1.62307
2.28647
1.23356
2.28686
1.23374
1.63992
1.63935
1.62172
2.28407
1.23304
2.28453
1.23329
1.63877
9.4039
17.9112
30.1767
8.00742
15.3547
28.7964
7.87882
15.1847
28.6051
9.383
17.8456
30.3536
7.99958
15.2839
28.935
7.8605
15.1173
28.7207
9.36189
17.8051
30.4879
7.98506
15.2276
29.0444
7.84011
15.0677
28.8105
9.34329
17.7812
30.5911
7.96762
15.186
29.1325
7.82055
15.0325
28.8831
9.32767
17.7678
30.6702
7.95015
15.1556
29.2042
7.80285
15.0079
28.9431
7.93389
15.1337
29.2626
7.78725
14.9907
28.9928
7.91934
15.1181
29.3099
7.77385
14.9792
29.0339
7.90673
15.1075
29.3484
7.76259
14.9719
29.0681
7.75334
14.9679
29.0966
8.02048
14.9566
25.6661
8.88807
16.5678
28.6058
9.03239
19.7693
34.032
8.99119
17.1206
31.3381
8.78799
16.7539
30.8637
8.41769
16.08
29.9155
8.33751
15.9778
29.5463
8.1275
15.6476
29.3652
8.33059
15.9041
29.6821
8.1207
15.6002
29.4644
8.05619
15.5851
29.2853
8.05532
15.5439
29.3688
7.86209
14.732
27.8422
8.01225
14.8656
25.7562
7.97986
14.6497
25.9734
9.03106
19.7643
34.0351
8.98649
17.0981
31.3751
9.02728
19.7522
34.0427
8.9694
17.0405
31.4709
8.78331
16.7301
30.9025
8.41253
16.0576
29.9565
8.7658
16.6683
31.0037
8.39429
16
30.0646
8.32648
15.8824
29.7218
8.11725
15.5859
29.4949
8.31114
15.8263
29.8262
8.10532
15.5487
29.5772
8.05409
15.5311
29.395
8.04769
15.4967
29.4674
7.96815
14.5944
26.0348
7.93449
14.4654
26.2001
9.02615
19.749
34.0448
8.9631
17.0244
31.4984
9.02289
19.7412
34.0503
8.94385
16.984
31.5703
8.75926
16.6508
31.0331
8.38767
15.9838
30.0963
8.73922
16.6068
31.1107
8.36744
15.9431
30.1804
8.30541
15.8104
29.8571
8.10086
15.5379
29.6027
8.28757
15.77
29.9392
8.08716
15.5104
29.6718
8.04479
15.4864
29.4903
8.03516
15.4601
29.5535
7.92401
14.4321
26.2515
7.89482
14.353
26.3962
9.02191
19.7391
34.0518
8.93749
16.973
31.5912
9.01908
19.7338
34.0558
8.91926
16.9458
31.6466
8.73263
16.5946
31.1337
8.36071
15.9319
30.2052
8.71378
16.5644
31.1952
8.34128
15.9041
30.2716
8.28156
15.7587
29.9637
8.08246
15.5025
29.6933
8.26401
15.7305
30.0293
8.06881
15.483
29.7511
8.03164
15.4524
29.5736
8.02104
15.4332
29.6285
7.88577
14.3319
26.4422
7.86064
14.2815
26.573
8.82098
16.2949
29.1216
9.01823
19.7323
34.057
8.91354
16.9385
31.663
9.01576
19.7285
34.06
8.89762
16.9209
31.7071
8.70787
16.5562
31.2136
8.33508
15.8965
30.2913
8.69145
16.5363
31.2636
8.31771
15.8781
30.3442
8.25834
15.7227
30.049
8.06431
15.4775
29.7691
8.24231
15.7036
30.102
8.05161
15.4642
29.8172
8.01741
15.4277
29.6459
8.00691
15.4143
29.6931
7.74823
14.4742
28.3487
7.85272
14.2678
26.6147
7.83063
14.2348
26.7327
9.01503
19.7275
34.0609
8.89275
16.9163
31.7203
8.68642
16.5311
31.2788
8.31228
15.8732
30.3601
8.23726
15.6985
30.118
8.04751
15.4605
29.8322
8.2233
15.6864
30.1611
8.0362
15.452
29.8722
8.00342
15.4105
29.708
7.99362
15.4016
29.748
7.82363
14.2258
26.7702
7.80422
14.2048
26.8756
7.99044
15.3992
29.7606
7.79809
14.1993
26.909
7.7813
14.187
27.002
7.77604
14.184
27.0315
7.76188
14.1784
27.1131
8.76019
16.2362
29.4049
7.6822
14.4472
28.5934
7.75749
14.1773
27.1389
7.74586
14.1767
27.2102
7.74229
14.1772
27.2328
7.733
14.1804
27.2953
7.73016
14.1819
27.3153
7.72288
14.1877
27.3708
7.72072
14.1902
27.3885
9.30058
17.8509
30.2402
9.39904
17.8917
30.227
9.29217
17.8329
30.2834
9.40452
18.2298
30.8139
7.98083
15.3365
28.8267
8.00637
15.3359
28.8353
7.97752
15.3163
28.8665
7.85042
15.1146
28.381
7.8747
15.1662
28.6371
7.84527
15.0941
28.4148
7.93528
15.2181
26.604
8.19358
15.5594
25.984
8.08124
15.3198
26.2749
8.21236
15.6826
25.9006
8.05927
15.2337
26.3454
9.26868
17.7901
30.3933
9.37747
17.8332
30.3917
9.26154
17.7789
30.4253
9.38675
18.1833
30.9502
7.96423
15.2619
28.9675
7.99652
15.268
28.9657
7.95937
15.2456
28.9981
7.82796
15.0396
28.5044
7.85541
15.1033
28.7452
7.82195
15.0244
28.5307
7.89105
14.9125
26.968
8.13997
15.2247
26.2311
7.99611
15.0259
26.5344
8.15682
15.2989
26.1732
7.97739
14.9728
26.5816
9.24224
17.7531
30.5082
9.35683
17.7976
30.5175
9.23642
17.7465
30.5327
7.94313
15.2045
29.0762
7.9807
15.2156
29.0691
7.93754
15.1924
29.1005
7.80397
14.9851
28.6018
7.83506
15.0577
28.8301
7.79823
14.9744
28.6232
7.83381
14.7277
27.2133
8.09809
15.0276
26.4189
7.92685
14.8417
26.7302
8.11171
15.0739
26.3721
7.9128
14.8084
26.7697
9.22083
17.7314
30.5966
9.33896
17.7768
30.6141
9.21618
17.7276
30.6157
7.92125
15.1629
29.1627
7.96303
15.1771
29.1528
7.91581
15.1542
29.1824
7.78153
14.947
28.6819
7.81594
15.0255
28.8992
7.77636
14.9397
28.6996
7.77987
14.6165
27.3977
8.06876
14.9057
26.5764
7.87448
14.722
26.9024
8.07923
14.9361
26.5363
7.86385
14.7
26.9381
9.20426
17.7191
30.6648
9.32412
17.7655
30.6882
9.20085
17.7168
30.6792
7.90068
15.1333
29.2323
7.94578
15.1491
29.2209
7.89572
15.1271
29.2485
7.76151
14.9208
28.7486
7.79875
15.003
28.9564
7.75696
14.9158
28.7633
7.73316
14.5479
27.5458
8.04698
14.8239
26.7139
7.83439
14.6405
27.0607
8.05596
14.8461
26.6781
7.8265
14.626
27.0931
8.81682
16.8267
30.3555
7.88223
15.1124
29.2885
7.92991
15.129
29.2763
7.87792
15.108
29.3017
7.74406
14.9029
28.8041
7.7837
14.9874
29.0038
7.74018
14.8996
28.8163
7.69335
14.5048
27.6686
8.03144
14.7712
26.8377
7.80368
14.585
27.2074
8.039
14.7874
26.8046
7.79757
14.5755
27.237
7.86618
15.098
29.3337
7.91585
15.1148
29.3212
7.86256
15.095
29.3445
7.72925
14.8912
28.8502
7.77084
14.977
29.0431
7.72602
14.8892
28.8604
7.65986
14.4778
27.7713
8.0203
14.7378
26.9514
7.77946
14.5473
27.3426
8.02682
14.75
26.9208
7.77466
14.5415
27.3691
8.79824
16.81
30.4514
7.85269
15.0884
29.3703
7.90375
15.1053
29.3578
7.84971
15.0865
29.3792
7.71697
14.8841
28.8885
7.76009
14.9707
29.0757
7.71434
14.8831
28.897
7.63208
14.4619
27.8574
8.01233
14.7179
27.056
7.76032
14.523
27.4657
8.01822
14.7275
27.0275
7.75664
14.52
27.4894
7.70701
14.8805
28.9206
7.75132
14.9673
29.103
7.70493
14.8803
28.9278
7.60943
14.454
27.9301
8.00654
14.7074
27.1519
7.7454
14.5092
27.5777
8.01197
14.7151
27.1254
7.74263
14.5084
27.5988
7.59132
14.452
27.9919
8.0025
14.7041
27.2396
7.7339
14.5036
27.6793
8.00754
14.7103
27.215
7.73187
14.5046
27.6979
7.57697
14.454
28.0454
7.99975
14.7059
27.3203
7.72515
14.5042
27.7714
8.00454
14.711
27.2971
7.72368
14.5064
27.7878
7.5658
14.4592
28.0928
7.99847
14.7122
27.393
7.71861
14.5097
27.8549
8.00276
14.716
27.3722
7.7178
14.5132
27.869
7.9088
14.9771
27.5799
7.93268
15.5445
26.1846
7.99769
15.0205
25.5517
8.02581
15.0586
25.5633
8.23667
15.9678
25.7037
8.1038
15.4183
26.1834
8.12463
15.5266
26.0876
8.22072
15.8093
25.8137
8.88992
16.6026
28.5617
8.78778
17.0035
29.8682
9.49555
18.1379
30.4136
9.66094
18.0155
30.6105
8.87795
16.9399
30.0495
8.78421
16.9587
29.938
9.49519
18.0928
30.5144
9.40005
18.216
30.8506
9.03381
19.7749
34.0286
9.69224
18.879
33.0419
8.99509
17.1447
31.2981
9.33027
17.7516
32.104
8.79187
16.7794
30.822
8.61716
16.4725
30.5049
8.42209
16.104
29.8716
8.50585
16.2764
30.2236
8.25245
15.8451
29.4455
8.33626
15.9517
29.5947
8.19125
15.7583
29.416
8.12593
15.6311
29.3997
8.33389
15.9271
29.64
8.24533
15.776
29.5791
8.12354
15.6152
29.4331
8.18178
15.6954
29.5351
7.98802
15.5147
29.2176
8.0566
15.5709
29.314
8.05624
15.5572
29.3422
7.98535
15.4747
29.2926
8.01198
15.1638
29.1856
7.97683
14.675
25.9422
7.92716
15.1277
26.7116
7.96384
14.5817
26.0469
7.81009
14.2466
25.6389
7.82617
14.331
25.5528
8.00232
14.7844
25.8358
7.99132
14.7129
25.9078
8.48767
16.1256
27.2488
8.18398
15.4646
26.0508
8.01631
15.0879
26.4733
8.03718
15.1554
26.4175
8.16556
15.3694
26.1185
8.49249
16.0666
27.2672
8.78281
16.9465
29.9602
9.494
18.0804
30.544
9.65038
17.9725
30.7291
8.77915
16.9175
30.0193
9.48878
18.0497
30.622
9.64228
17.9512
30.8046
9.38232
18.1748
30.9804
9.68911
18.8701
33.0528
9.02974
19.7598
34.0379
9.32524
17.7339
32.1295
8.98122
17.0773
31.4095
9.02851
19.7558
34.0404
9.67963
18.8479
33.0815
8.97546
17.0581
31.4413
9.30901
17.6891
32.1951
8.61235
16.4496
30.5457
8.77798
16.7079
30.9386
8.5007
16.2537
30.264
8.40683
16.0368
29.9949
8.77209
16.6873
30.9723
8.59447
16.3906
30.6526
8.40069
16.0176
30.0309
8.48249
16.195
30.3699
8.2412
15.7555
29.6184
8.32179
15.8623
29.7587
8.17731
15.6768
29.5705
8.11357
15.5727
29.5234
8.31662
15.8436
29.7936
8.22601
15.7026
29.7221
8.1095
15.5602
29.5512
8.16196
15.6288
29.6647
7.98348
15.4626
29.3158
8.05241
15.519
29.4198
8.05016
15.5074
29.4443
7.97596
15.4299
29.38
7.91884
14.3614
26.3084
7.87697
14.857
27.0373
7.90318
14.3049
26.3826
7.74448
13.9978
25.9242
7.76059
14.0486
25.8595
7.9566
14.5458
26.0924
7.94533
14.5028
26.1476
8.42403
15.8034
27.5716
8.13265
15.1722
26.2784
8.11736
15.1136
26.3302
8.86138
16.3965
28.8704
8.77774
16.9095
30.0381
9.48666
18.0414
30.6448
8.77405
16.8906
30.0873
9.4798
18.0215
30.7045
9.6318
17.9338
30.8884
9.67656
18.8419
33.0899
9.025
19.7461
34.0468
9.30351
17.6767
32.2138
8.95671
17.0096
31.524
9.02395
19.7436
34.0486
9.66766
18.8266
33.1122
8.95026
16.9962
31.5479
9.28747
17.6458
32.2627
8.58783
16.3738
30.6838
8.75259
16.6348
31.0606
8.47598
16.1783
30.401
8.38096
15.969
30.126
8.74589
16.6201
31.0864
8.56744
16.3316
30.7662
8.37416
15.9554
30.1541
8.45612
16.1363
30.4833
8.22032
15.6875
29.7528
8.29952
15.7957
29.886
8.15642
15.615
29.693
8.09638
15.528
29.6266
8.29354
15.7823
29.9135
8.20274
15.6494
29.8342
8.09173
15.5187
29.65
8.13963
15.5803
29.7687
7.97296
15.4202
29.4002
8.04177
15.477
29.5119
8.03847
15.4681
29.5334
7.96333
15.395
29.4564
7.80617
14.5628
28.1061
7.85727
14.1738
26.5791
7.71371
13.9132
26.0449
7.81972
14.6945
27.2638
7.84258
14.1403
26.6378
7.91391
14.4026
26.301
7.90417
14.3763
26.3494
8.37076
15.6087
27.8059
8.09405
14.997
26.4574
8.08195
14.9602
26.5005
8.8435
16.3406
28.9933
8.77263
16.8853
30.1031
9.47747
18.0163
30.7219
8.8311
16.8457
30.2817
8.76896
16.8729
30.1444
9.47061
18.0042
30.768
9.6222
17.9254
30.9557
9.66489
18.8225
33.1188
9.02091
19.7371
34.0532
9.2824
17.6374
32.2769
8.93126
16.963
31.6108
9.02001
19.7354
34.0546
9.65703
18.8123
33.1364
8.92517
16.9539
31.6293
9.26823
17.6168
32.3147
8.56068
16.3198
30.7906
8.72616
16.5835
31.1553
8.44958
16.1246
30.5078
8.35411
15.9217
30.2287
8.71987
16.5734
31.1758
8.54123
16.2908
30.8552
8.34759
15.9124
30.2508
8.4307
16.096
30.5734
8.19679
15.6387
29.8584
8.27564
15.7485
29.9867
8.13402
15.5705
29.7916
8.0779
15.4955
29.7132
8.26974
15.7391
30.0087
8.17946
15.6119
29.9228
8.07326
15.4889
29.7329
8.11782
15.5461
29.853
7.95991
15.3877
29.4742
8.02817
15.4455
29.5923
7.99457
15.0923
29.3551
8.02456
15.439
29.6111
7.9496
15.369
29.5232
7.80123
14.0629
26.7976
7.67148
13.8187
26.2083
7.65851
13.7938
26.2586
7.76748
14.5961
27.4376
7.7883
14.043
26.8461
7.87715
14.3134
26.4867
7.8687
14.2965
26.5306
8.06686
14.8867
26.6096
7.84392
14.6595
27.0171
7.85312
14.6774
26.9832
8.05695
14.8603
26.6477
8.3419
15.5033
27.9679
8.76757
16.8694
30.1578
9.46843
18.0011
30.7815
9.62012
17.9244
30.9702
8.81953
16.8299
30.3416
8.7641
16.8613
30.1926
9.46228
17.9942
30.8177
9.65464
18.8096
33.1417
9.01736
19.7309
34.0581
9.26391
17.6114
32.3259
8.90802
16.932
31.6785
9.01657
19.7297
34.0591
9.64797
18.8029
33.156
8.90272
16.9261
31.6932
9.25209
17.5982
32.3562
8.53506
16.2828
30.8746
8.70217
16.5488
31.2311
8.42475
16.0883
30.5933
8.32911
15.8897
30.3099
8.69669
16.5422
31.2478
8.51774
16.2635
30.9266
8.32327
15.8835
30.3276
8.40791
16.0696
30.6469
8.17384
15.6044
29.942
8.25285
15.7157
30.0675
8.11259
15.5393
29.8716
8.06001
15.4727
29.7857
8.24746
15.7093
30.0852
8.158
15.5861
29.9931
8.05569
15.4681
29.8021
8.09792
15.5229
29.9215
7.94613
15.3636
29.5387
8.01391
15.4228
29.662
7.984
15.0724
29.4163
8.01033
15.4182
29.6782
7.93601
15.35
29.581
7.97583
15.0615
29.4566
7.75233
13.9973
26.9791
7.72253
14.5352
27.5787
7.74113
13.9856
27.0195
7.59015
13.6904
26.5243
7.84517
14.2557
26.655
7.83773
14.2446
26.6946
8.30109
15.4101
28.154
8.0468
14.8136
26.7427
8.03854
14.7946
26.7772
8.31371
15.4322
28.1221
8.76279
16.859
30.2041
9.46034
17.9925
30.8284
9.61224
17.9233
31.0211
8.75963
16.8539
30.2338
9.45504
17.9889
30.8574
9.64597
18.8012
33.1603
9.24857
17.5948
32.3653
8.51231
16.2583
30.9423
8.68162
16.5265
31.2933
8.40264
16.0646
30.6632
8.30711
15.8689
30.375
8.15298
15.5811
30.0086
8.23244
15.694
30.1331
8.09327
15.5184
29.9368
8.04365
15.4574
29.846
8.22774
15.6899
30.1475
8.13913
15.569
30.0494
8.03979
15.4544
29.8597
8.08045
15.5077
29.9775
7.9327
15.3461
29.5943
8.00012
15.4072
29.7217
7.97312
15.0585
29.4691
7.99677
15.4042
29.7354
7.92333
15.3368
29.6302
7.71009
13.9594
27.13
7.58021
13.6788
26.5629
7.57069
13.6684
26.5997
7.68435
14.4967
27.6961
7.70045
13.9529
27.1636
7.56153
13.6592
26.6352
7.81698
14.218
26.8063
7.81042
14.2109
26.8417
8.0324
14.7666
26.8639
7.7909
14.5643
27.2765
8.02538
14.7525
26.8958
8.29154
15.3851
28.2561
8.75844
16.8525
30.2439
8.75567
16.8497
30.2698
7.9204
15.3342
29.6415
7.98747
15.3973
29.7721
7.71337
14.4497
28.478
7.67404
13.9395
27.2549
7.54441
13.6437
26.7016
7.65235
14.4729
27.7942
7.66588
13.9366
27.2826
7.52154
13.627
26.7911
7.52878
13.6317
26.7626
7.79233
14.1946
26.9408
7.78663
14.1904
26.9722
8.0222
14.7373
26.9752
7.76509
14.5293
27.4307
8.01598
14.7264
27.0049
8.7761
16.2454
29.3331
8.75461
16.8488
30.2788
8.75225
16.8475
30.3019
7.6977
14.4457
28.5349
7.64374
13.9318
27.3581
7.62591
14.4593
27.8767
7.63696
13.9314
27.381
7.77116
14.1817
27.0594
7.76634
14.1798
27.0869
8.01486
14.7202
27.0775
7.74918
14.5131
27.5454
7.7524
14.5149
27.523
8.00917
14.7116
27.1051
8.763
16.2376
29.3919
8.75132
16.8471
30.31
8.78598
16.8048
30.5195
8.74932
16.8469
30.3309
7.61879
13.9327
27.4436
7.60445
14.453
27.9465
7.61329
13.9339
27.4627
7.47561
13.6103
26.982
7.48022
13.6106
26.9614
7.75346
14.1768
27.1633
7.74949
14.1765
27.1874
8.23176
15.2904
28.6193
8.00957
14.7119
27.1712
7.73688
14.5056
27.6496
7.73929
14.5055
27.6297
8.0043
14.7049
27.1969
8.24788
15.3262
28.5751
8.74852
16.8468
30.3384
8.74687
16.8474
30.3575
7.59875
13.9395
27.5151
7.58737
14.4522
28.006
7.59438
13.9419
27.5312
7.45983
13.6125
27.0574
7.46336
13.6115
27.0396
7.73905
14.178
27.2541
7.73588
14.179
27.2753
8.22162
15.2842
28.7064
8.00591
14.7101
27.2569
8.00099
14.7044
27.2809
8.74233
16.2316
29.4916
8.74618
16.8475
30.3644
9.43508
17.9894
30.9652
8.74487
16.8487
30.3821
9.43294
17.9912
30.9787
9.59194
17.9554
31.1781
7.58294
13.9501
27.5761
7.45339
13.6153
27.0916
7.57381
14.455
28.0578
7.57947
13.9532
27.5901
7.72762
14.1837
27.3341
7.72509
14.1855
27.353
8.21323
15.2825
28.7851
8.00342
14.7128
27.3358
7.99873
14.7082
27.3583
8.73435
16.2319
29.5352
8.74427
16.849
30.3887
9.43226
17.9918
30.983
8.77204
16.8076
30.6169
8.74315
16.8505
30.4055
9.43028
17.9936
30.9955
9.59114
17.962
31.1939
7.57071
13.9635
27.6299
7.44528
13.6214
27.1395
7.44304
13.6238
27.1545
7.5635
14.4614
28.1042
7.56814
13.9675
27.6429
7.71885
14.1929
27.4052
7.71706
14.1957
27.4227
8.00211
14.7192
27.4088
7.71624
14.5137
27.8946
8.22371
15.3231
28.8075
8.74275
16.8513
30.4114
9.42978
17.9943
30.9995
8.89575
16.9824
29.9763
9.35384
18.1419
30.8147
7.87985
15.2653
26.9505
8.88505
16.5352
28.6494
8.87275
16.9279
30.0723
9.33763
18.0915
30.9797
7.86158
14.955
27.2948
8.86999
16.4335
28.8023
8.85517
16.8894
30.1562
7.82098
14.598
28.0381
7.82429
14.7694
27.5316
8.84068
16.8615
30.2313
7.7864
14.6579
27.7153
8.82803
16.8412
30.2975
7.75173
14.5883
27.8641
7.74267
14.4689
28.3701
7.72098
14.5432
27.9862
8.79915
16.2659
29.2288
8.80692
16.8166
30.4064
7.72235
14.4541
28.4454
7.69424
14.514
28.0868
7.67148
14.4956
28.1703
8.79078
16.8062
30.4918
7.6525
14.4849
28.2403
8.75713
16.235
29.4189
8.78446
16.8045
30.5285
7.63696
14.48
28.2994
8.74681
16.2321
29.4686
8.77919
16.8046
30.5624
7.62441
14.4791
28.3502
8.77484
16.806
30.5941
7.61426
14.4811
28.3948
8.77121
16.8085
30.6241
9.40805
17.932
30.1248
9.2902
17.6168
30.367
9.26659
17.7847
30.3435
8.00719
15.3746
28.7568
7.89527
15.2371
28.7749
7.88238
15.2044
28.5708
7.89953
14.9161
27.6417
7.8755
15.3662
26.8339
8.89082
16.6799
28.4617
8.47047
16.3138
26.8023
9.49971
17.8993
29.9612
9.49091
17.8509
30.0848
9.65292
17.9814
30.7014
9.38843
17.859
30.3151
9.28663
17.5991
30.4062
9.26542
17.7682
30.3915
9.25987
17.7274
30.5162
9.34187
18.102
30.9419
8.01308
15.2931
28.7383
8.01336
15.1978
29.1207
8.01325
15.2463
28.8285
7.8922
15.2212
28.8028
8.00251
15.3
28.9044
7.88094
15.1774
28.8783
7.89019
14.8618
27.6978
7.86543
15.1324
28.6947
7.86951
15.0188
27.2223
8.45998
16.2093
26.9262
8.87436
16.4557
28.7651
8.43825
15.9797
27.1515
9.48765
17.8385
30.1203
8.85929
16.8979
30.136
9.47701
17.8086
30.2144
9.36682
17.8131
30.4587
9.27147
17.5468
30.544
9.25734
17.7163
30.5529
9.2493
17.69
30.6472
9.32536
18.0674
31.0787
8.01205
15.2322
28.8547
8.01087
15.1538
29.2065
8.00623
15.1941
28.929
8.006
15.1271
29.2662
7.87666
15.1644
28.9008
7.98902
15.2399
29.0202
7.86351
15.1296
28.9627
7.85337
14.6984
27.8849
7.84517
15.0786
28.7899
7.82869
14.6189
28.0019
7.83396
14.8072
27.4784
8.42661
15.9196
27.2405
8.85725
16.3806
28.9019
8.40675
15.7914
27.3972
9.47364
17.8014
30.2416
9.63971
17.9459
30.8272
8.84414
16.8677
30.2132
9.46347
17.7845
30.3146
9.34753
17.7858
30.569
9.24641
17.683
30.6753
9.24334
17.5005
30.7193
9.23811
17.6672
30.7477
8.00372
15.1834
28.9505
8.00394
15.1192
29.2851
7.99457
15.1547
29.0128
7.99705
15.0983
29.3384
7.85901
15.1196
28.9814
7.97191
15.1949
29.1131
7.84575
15.0938
29.0334
7.82528
15.0402
28.8663
7.79904
14.548
28.1379
7.79564
14.681
27.673
8.85257
16.366
28.9341
8.39635
15.7545
27.4708
8.83914
16.3298
29.0204
8.38133
15.679
27.5905
9.46053
17.7808
30.3358
9.6294
17.9311
30.9066
9.45164
17.7722
30.393
9.33115
17.7702
30.6535
9.23957
17.4969
30.739
9.23534
17.6631
30.7695
9.22788
17.6543
30.8255
7.9915
15.1469
29.0308
7.98149
15.126
29.0833
7.9867
15.0768
29.4018
7.84138
15.0865
29.0491
7.95427
15.162
29.1886
7.82871
15.0677
29.0931
7.79211
14.5347
28.1687
7.80708
15.0132
28.9291
7.77226
14.5028
28.253
7.76005
14.6029
27.8295
8.83432
16.3197
29.048
8.3723
15.6554
27.6542
8.36054
15.6071
27.7489
9.44916
17.7705
30.4096
9.44175
17.767
30.4546
9.61396
17.9231
31.0095
9.31786
17.7624
30.7185
9.22549
17.6522
30.8426
9.21781
17.4857
30.8446
9.21929
17.6483
30.8864
7.97838
15.1204
29.0983
7.96856
15.1053
29.1424
7.82464
15.0625
29.1064
7.93764
15.1382
29.2501
7.81298
15.049
29.1434
7.76601
14.4943
28.2788
7.79095
14.9945
28.9812
7.72834
14.5528
27.9577
8.81633
16.2879
29.1453
8.3525
15.5912
27.8052
8.80353
16.2707
29.2083
8.34306
15.5596
27.8817
9.43976
17.7667
30.4676
8.80932
16.8188
30.3941
9.43388
17.7664
30.5031
9.60722
17.9248
31.0527
7.96563
15.1014
29.1548
7.95652
15.0907
29.1917
7.9652
15.0513
29.5035
7.80932
15.0453
29.1544
7.92264
15.1212
29.2999
7.79902
15.0358
29.1853
7.777
14.9817
29.0244
7.72713
14.457
28.4277
7.70059
14.5201
28.0632
8.33575
15.5482
27.9327
8.78733
16.2541
29.2829
8.32847
15.5283
27.9954
8.80034
16.8114
30.4405
7.95386
15.088
29.2018
7.96266
15.0494
29.5141
7.94573
15.0808
29.2326
7.7958
15.0333
29.1944
7.90955
15.1095
29.3404
7.78692
15.0271
29.22
7.76521
14.9734
29.0601
7.70915
14.4482
28.493
7.67685
14.4993
28.1507
8.78333
16.2508
29.3007
8.32185
15.5201
28.0425
8.77282
16.2431
29.3478
8.31648
15.5083
28.0947
8.79258
16.8069
30.4819
7.78416
15.0255
29.2276
7.77669
15.0218
29.249
7.70515
14.447
28.5077
7.75547
14.9687
29.0899
7.69423
14.4455
28.5474
7.65695
14.487
28.2238
8.76929
16.241
29.3634
8.31045
15.5022
28.1387
8.30667
15.496
28.1824
7.69098
14.4455
28.5598
7.74762
14.9666
29.115
7.64058
14.4808
28.2854
8.30111
15.4915
28.2237
8.74942
16.2326
29.4559
8.2987
15.4893
28.2604
8.78045
16.8045
30.5541
7.67963
14.4481
28.604
7.62736
14.4791
28.338
8.29355
15.4859
28.2995
8.74038
16.2315
29.5021
8.29229
15.4868
28.3302
8.7759
16.8056
30.5862
7.6166
14.4802
28.384
8.73816
16.2315
29.5139
8.28746
15.4842
28.3675
8.7327
16.2322
29.545
8.28706
15.4871
28.3936
9.59181
17.9571
31.1821
8.73082
16.2328
29.5559
8.28259
15.4856
28.4293
8.8894
16.967
30.0016
9.40883
18.245
30.7756
9.35004
18.1271
30.8597
7.93982
15.3182
26.482
7.87956
15.1735
27.0522
8.86808
16.9171
30.0939
9.39115
18.1929
30.9186
9.33351
18.0824
31.0145
7.90434
14.9752
26.8917
7.85277
14.8989
27.3608
7.84479
14.6687
27.9254
8.85141
16.8817
30.1756
7.84813
14.7654
27.1591
7.81464
14.7363
27.5813
8.83744
16.8559
30.2484
7.79269
14.6393
27.3557
7.7774
14.6375
27.7552
7.78532
14.5229
28.1979
8.82515
16.8372
30.3126
8.83002
16.3107
29.0729
7.74413
14.5621
27.5115
7.7437
14.5752
27.8967
8.81428
16.8239
30.3686
7.70263
14.5137
27.64
7.71396
14.5347
28.013
8.80469
16.8147
30.418
8.79526
16.2616
29.2469
7.66762
14.4833
27.7473
7.68822
14.5085
28.109
8.79632
16.8089
30.4617
8.77987
16.248
29.3164
7.63847
14.465
27.8373
7.66643
14.4923
28.1888
8.78915
16.8056
30.5011
7.61459
14.4554
27.913
7.64834
14.4832
28.2559
8.7831
16.8045
30.5371
7.5954
14.452
27.9774
7.63361
14.4795
28.3127
7.67717
14.4493
28.6139
8.77808
16.805
30.5704
7.58021
14.4532
28.0327
7.62169
14.4793
28.3617
8.77391
16.8066
30.6016
7.56822
14.4576
28.0815
7.61216
14.482
28.4048
8.77059
16.8094
30.631
8.72954
16.2336
29.5648
9.41155
17.9554
30.0665
9.30926
17.871
30.1934
9.31801
17.8933
30.1415
9.29355
17.6366
30.3268
9.26707
17.8026
30.2932
8.0061
15.3942
28.713
7.98341
15.3573
28.7858
7.98512
15.3786
28.7399
7.8977
15.2534
28.745
7.94403
15.3019
28.8105
7.9463
15.3217
28.7731
7.88534
15.225
28.5339
7.85513
15.1369
28.3446
7.85914
15.1598
28.3059
7.83261
15.0226
28.0042
7.83936
15.0482
27.9599
7.8643
15.4757
26.7002
7.93944
15.4276
26.3429
7.99479
14.8948
25.697
7.86203
14.6506
25.2299
7.86659
14.78
25.092
8.53454
16.6626
26.7197
8.47679
16.5642
26.5474
8.89133
16.6404
28.5125
8.54996
16.5402
26.8026
8.51689
16.3618
27.023
8.47162
16.4289
26.706
8.7867
16.987
29.8919
9.49605
18.1215
30.4492
9.65818
18.0028
30.6421
9.49696
17.8811
30.0054
8.88337
16.9528
30.0262
8.7853
16.9721
29.9159
9.49588
18.1067
30.4828
9.6556
17.9916
30.6723
9.49419
17.8654
30.0462
9.39389
17.8747
30.2715
9.27619
17.8026
30.3596
9.284
17.8169
30.3227
9.27549
17.5577
30.5119
9.27929
17.5698
30.4788
9.28309
17.5837
30.443
9.26397
17.7534
30.4357
9.26201
17.7396
30.4778
9.34595
18.1137
30.9026
9.39566
18.2038
30.8854
9.69537
18.8887
33.0303
9.33494
17.7707
32.0764
8.62103
16.4969
30.4613
8.51023
16.3007
30.1806
8.25114
15.8208
29.4928
8.1889
15.7362
29.4579
8.24867
15.7977
29.5375
8.18566
15.7152
29.4978
7.98763
15.5009
29.2436
8.01324
15.1858
29.1425
8.01363
15.2771
28.7704
7.98676
15.4876
29.2688
8.01284
15.1744
29.1642
8.01369
15.2614
28.7995
7.9408
15.2832
28.8441
7.88877
15.2059
28.8295
7.93724
15.2649
28.8771
8.00469
15.3175
28.87
7.96918
15.2788
28.9367
7.97345
15.2973
28.9019
7.88497
15.1912
28.8544
7.9285
15.2318
28.9359
7.93307
15.2481
28.9066
7.82536
14.9979
28.0453
7.88054
14.8132
27.7493
7.81785
14.975
28.0831
7.87023
15.1487
28.6669
7.83393
15.0566
28.4763
7.83971
15.0745
28.4466
7.87131
14.7702
27.7973
7.80251
14.9338
28.1509
7.81016
14.9533
28.1183
7.98738
14.7795
25.8262
7.8531
14.5326
25.3508
7.84059
14.4261
25.4575
7.87561
15.0916
27.1423
7.91666
15.047
26.8067
7.9495
14.4989
26.1418
8.52488
16.2733
27.0652
8.45547
16.1229
26.9957
8.88196
16.5064
28.6888
8.44353
16.0437
27.0983
8.87811
16.4792
28.7289
8.45518
15.9437
27.426
8.78168
16.9359
29.9804
9.49246
18.069
30.5718
9.64762
17.9644
30.7556
9.48405
17.827
30.1539
8.86346
16.907
30.1154
8.78024
16.926
30.0009
9.49074
18.0589
30.5978
9.64505
17.9575
30.7807
9.48064
17.8174
30.185
9.26745
17.5374
30.5737
9.37219
17.8228
30.4252
9.24833
17.7606
30.4825
9.25478
17.7692
30.4546
9.25924
17.5216
30.6283
9.25478
17.7065
30.5863
9.26329
17.5289
30.6022
9.25198
17.6976
30.6183
9.32933
18.0742
31.048
9.37812
18.1676
31.0092
9.68592
18.862
33.063
9.31995
17.7177
32.1531
9.68278
18.8547
33.0725
9.31452
17.7028
32.1749
8.60686
16.4284
30.5837
8.49499
16.2326
30.3016
8.60083
16.4087
30.6194
8.48887
16.213
30.337
8.23655
15.7365
29.6551
8.17247
15.6596
29.6036
8.23141
15.7188
29.6898
8.16729
15.6435
29.6352
7.98126
15.4511
29.3379
8.00948
15.1444
29.2269
8.01048
15.2184
28.8812
7.97871
15.4401
29.3594
8.00786
15.1355
29.2469
8.00868
15.2062
28.9048
7.92368
15.217
28.962
7.87236
15.152
28.9225
7.91857
15.2027
28.9882
7.9929
15.2538
28.9928
7.94862
15.2169
29.0523
7.95399
15.231
29.0251
7.86791
15.1404
28.9429
7.90811
15.1777
29.0351
7.91344
15.1899
29.0115
7.79483
14.9156
28.1815
7.78739
14.8994
28.2102
7.85031
15.0904
28.7682
7.80993
14.9972
28.5793
7.81589
15.01
28.5557
7.83663
14.6423
27.9646
7.7729
14.8709
28.2632
7.77995
14.8842
28.2375
7.93437
14.4255
26.2286
7.79365
14.1722
25.7179
7.77697
14.1064
25.791
7.84346
14.8499
27.4219
7.86261
14.8084
27.1007
7.88758
14.2554
26.452
7.94284
14.8816
26.6792
7.95915
14.9236
26.6365
8.45968
15.9069
27.429
8.42155
15.8726
27.2827
8.86604
16.4144
28.8357
8.42932
15.7833
27.5645
8.39569
15.6944
27.6963
8.41078
15.8262
27.3627
8.77662
16.9027
30.0548
9.48442
18.034
30.666
9.63696
17.9412
30.8488
9.47006
17.7947
30.2676
8.84762
16.8744
30.1949
8.7752
16.8961
30.072
9.48213
18.0274
30.6859
9.63446
17.9373
30.8691
9.46689
17.7895
30.2916
9.25512
17.5151
30.6536
9.35224
17.7915
30.5429
9.22573
17.7357
30.5768
9.23095
17.7407
30.5553
9.24713
17.5046
30.6991
9.25112
17.5095
30.6767
9.24365
17.6771
30.7008
9.24077
17.6716
30.7255
9.6735
18.8363
33.0978
9.29805
17.6654
32.2313
9.67057
18.8312
33.1052
9.2927
17.6551
32.2475
8.58108
16.3585
30.713
8.46937
16.163
30.43
8.57424
16.3444
30.7405
8.46273
16.149
30.4576
8.21454
15.6737
29.7815
8.15086
15.6025
29.7195
8.20861
15.6609
29.8088
8.1452
15.5908
29.745
7.96988
15.4113
29.4194
8.00174
15.1118
29.3034
8.00073
15.1729
28.9727
7.96662
15.4028
29.4384
7.99945
15.1048
29.3212
7.99784
15.1638
28.9924
7.90291
15.1668
29.0561
7.8546
15.1103
28.9995
7.89754
15.1563
29.0776
7.97648
15.2052
29.0907
7.92652
15.1717
29.1437
7.93211
15.1819
29.1218
7.85012
15.1017
29.0167
7.88717
15.1383
29.116
7.89243
15.1472
29.0965
7.76584
14.8584
28.2879
7.81346
14.5794
28.0726
7.75917
14.8475
28.3114
7.83013
15.0485
28.8486
7.78702
14.9555
28.6631
7.79247
14.9643
28.6437
7.74631
14.8284
28.3556
7.75255
14.8373
28.334
7.87224
14.2118
26.5173
7.7289
13.9529
25.9859
7.80505
14.7069
27.6286
7.80601
14.6652
27.3111
7.82838
14.1111
26.6936
7.68503
13.8466
26.1559
7.69913
13.8779
26.1015
7.88664
14.7488
26.8556
7.89885
14.7756
26.8184
8.40238
15.6866
27.6822
8.39341
15.7286
27.4987
8.84832
16.3529
28.9634
8.37909
15.6112
27.7865
8.38366
15.6993
27.5671
8.34937
15.5421
27.9045
8.7715
16.8808
30.117
9.47513
18.0117
30.7382
9.62684
17.9286
30.924
9.45733
17.7772
30.3562
8.83418
16.8506
30.2655
8.77008
16.8765
30.1316
9.47286
18.0077
30.7536
9.62459
17.9269
30.9402
9.45461
17.7747
30.375
9.33508
17.7734
30.6333
9.20787
17.7217
30.6497
9.21186
17.7244
30.633
9.22931
17.4897
30.7899
9.23253
17.4915
30.7743
9.23602
17.494
30.7569
9.2328
17.6597
30.7891
9.2302
17.6567
30.8083
9.66215
18.8187
33.125
9.27748
17.6298
32.2903
9.65957
18.8154
33.1309
9.27277
17.623
32.3028
8.55406
16.3092
30.8133
8.44314
16.1141
30.5308
8.54753
16.2995
30.835
8.43684
16.1046
30.5528
8.19095
15.6289
29.881
8.12854
15.5616
29.813
8.18511
15.62
29.9027
8.12308
15.5534
29.8337
7.95651
15.381
29.491
7.992
15.0867
29.3712
7.98809
15.1392
29.0496
7.95303
15.3747
29.5076
7.98938
15.0815
29.3868
7.98495
15.1326
29.066
7.88222
15.1306
29.1331
7.8371
15.0797
29.0645
7.87714
15.1231
29.1509
7.95879
15.1696
29.1702
7.90551
15.1395
29.2172
7.91073
15.1468
29.1994
7.83288
15.0735
29.0789
7.86752
15.1102
29.1825
7.87238
15.1166
29.1663
7.74014
14.82
28.3764
7.73434
14.8128
28.3962
7.81145
15.0191
28.9145
7.76633
14.9267
28.7329
7.7712
14.9327
28.7167
7.77873
14.5122
28.2263
7.72326
14.8001
28.4335
7.72861
14.8059
28.4153
7.81454
14.0853
26.7468
7.7686
14.6192
27.7935
7.75562
14.5782
27.4754
7.77591
14.0257
26.8925
7.63397
13.7517
26.354
7.64599
13.7716
26.3073
8.33097
15.4887
27.9946
8.35907
15.5515
27.8812
8.37048
15.6393
27.6733
8.31502
15.4455
28.0774
8.36199
15.6199
27.7331
8.82527
16.3023
29.0985
8.76649
16.8665
30.1695
9.46631
17.9985
30.7943
9.61789
17.9236
30.9841
9.44644
17.7688
30.4257
8.82225
16.8333
30.3275
8.76514
16.8636
30.1819
9.46425
17.9962
30.8063
9.61599
17.9233
30.9971
9.4442
17.7679
30.4404
9.22613
17.4881
30.8053
9.22322
17.487
30.8191
9.32102
17.7639
30.7027
9.19482
17.7131
30.7038
9.19775
17.7147
30.6918
9.22336
17.6506
30.8578
9.22036
17.4861
30.8326
9.22117
17.6493
30.873
9.6523
18.8071
33.1467
9.25975
17.6064
32.3365
9.65011
18.8049
33.1514
9.25585
17.6021
32.3466
8.52911
16.2757
30.8928
8.41896
16.0814
30.612
8.52329
16.2692
30.9102
8.41335
16.0751
30.63
8.16843
15.5978
29.96
8.10758
15.5333
29.889
8.16309
15.5916
29.9772
8.10263
15.5278
29.9059
7.94273
15.3587
29.5532
7.98128
15.0685
29.4302
7.97495
15.1148
29.1142
7.93932
15.3541
29.5676
7.97855
15.0648
29.4437
7.97191
15.1101
29.1278
7.86299
15.1047
29.1963
7.82064
15.0576
29.1194
7.85839
15.0993
29.211
7.94183
15.1437
29.2349
7.88652
15.1167
29.2765
7.89117
15.1219
29.262
7.81677
15.0532
29.1315
7.84979
15.0902
29.2368
7.85411
15.0948
29.2235
7.71797
14.7945
28.4512
7.75989
14.4868
28.3031
7.71305
14.7898
28.4679
7.79478
14.9985
28.9691
7.74824
14.9069
28.7911
7.75245
14.911
28.7776
7.75398
14.48
28.3266
7.70367
14.7816
28.4994
7.70817
14.7853
28.4841
7.76386
14.0105
26.9368
7.62236
13.7338
26.3992
7.61121
13.7178
26.4425
7.73586
14.5633
27.9281
7.71243
14.5239
27.61
7.73042
13.9756
27.0581
7.60046
13.7033
26.4843
7.8112
14.5984
27.1664
7.81806
14.6101
27.1354
8.32688
15.4641
28.0479
8.35147
15.5811
27.818
8.81214
16.2817
29.1665
8.28866
15.381
28.2256
8.34378
15.5675
27.8715
8.80763
16.2759
29.1886
8.76181
16.8572
30.214
9.45851
17.9911
30.8386
9.61039
17.9235
31.0323
9.43758
17.7662
30.4802
8.81172
16.8212
30.3817
8.76056
16.8553
30.2247
9.45672
17.9899
30.8482
9.60887
17.9242
31.0427
9.43582
17.7664
30.4918
8.50713
16.2536
30.957
8.39754
16.0602
30.6786
8.14821
15.5766
30.0228
8.08886
15.5144
29.9509
8.14354
15.5726
30.0366
8.08453
15.5108
29.9647
7.92952
15.3427
29.6066
7.97043
15.0558
29.481
7.9624
15.0973
29.1682
7.92634
15.3395
29.6189
7.9678
15.0534
29.4925
7.9596
15.0941
29.1794
7.84579
15.0865
29.248
7.80577
15.0418
29.1653
7.84176
15.0827
29.2601
7.92638
15.1252
29.2875
7.86993
15.1009
29.3242
7.8739
15.1045
29.3123
7.80232
15.0387
29.1754
7.8343
15.0765
29.281
7.83804
15.0796
29.2701
7.69919
14.778
28.5143
7.7373
14.4644
28.3901
7.69508
14.7751
28.5283
7.78028
14.9844
29.0143
7.73278
14.8938
28.8394
7.73633
14.8964
28.8282
7.73212
14.4603
28.4095
7.68725
14.7702
28.5548
7.69098
14.7723
28.542
7.72001
13.9668
27.0949
7.7071
14.527
28.0389
7.67585
14.4897
27.7222
7.69132
13.9476
27.1955
7.5528
13.651
26.669
7.78545
14.5567
27.3046
8.27766
15.3576
28.2922
8.30197
15.4061
28.1914
8.33544
15.5424
27.9405
8.32847
15.5326
27.9895
8.79106
16.2576
29.266
8.26784
15.3388
28.3549
8.75758
16.8515
30.2524
8.80244
16.8129
30.4295
8.75646
16.8504
30.2618
7.91771
15.3318
29.6519
7.96017
15.0478
29.5242
7.95095
15.0852
29.2131
7.94845
15.0831
29.2222
7.83086
15.074
29.29
7.79274
15.031
29.2035
7.82742
15.0714
29.3
7.91279
15.1123
29.3301
7.85582
15.0903
29.3627
7.8591
15.0927
29.353
7.78974
15.0289
29.2118
7.82111
15.0675
29.3171
7.82427
15.0695
29.308
7.68352
14.768
28.5673
7.71775
14.4517
28.4618
7.68014
14.7665
28.5791
7.76796
14.9751
29.0518
7.71989
14.8856
28.8795
7.72281
14.8871
28.8702
7.67373
14.7639
28.6014
7.67677
14.7649
28.5906
7.68244
13.9431
27.2259
7.53643
13.6373
26.7327
7.68237
14.5036
28.1305
7.64529
14.4687
27.8162
7.6582
13.9344
27.309
7.76932
14.5337
27.4056
8.25908
15.3239
28.4139
8.28222
15.3683
28.3172
8.32221
15.5172
28.0466
8.27391
15.3551
28.3747
8.25119
15.312
28.4697
8.31588
15.5101
28.0921
8.75389
16.8484
30.2863
8.79437
16.8078
30.4721
8.75291
16.8478
30.2948
7.81826
15.066
29.3242
7.78157
15.024
29.2352
7.81538
15.0644
29.3325
7.77905
15.0228
29.2421
7.8102
15.0622
29.3466
7.8128
15.0634
29.339
7.67069
14.7629
28.6119
7.70131
14.4462
28.5214
7.66798
14.7624
28.6218
7.75772
14.9696
29.083
7.70937
14.8813
28.913
7.71171
14.8819
28.9053
7.66285
14.7617
28.6406
7.66526
14.7618
28.6315
7.65074
13.9328
27.3341
7.5146
13.6229
26.8186
7.50806
13.6194
26.8448
7.66154
14.4894
28.2068
7.62015
14.4571
27.8952
7.63063
13.9314
27.4028
7.49597
13.6144
26.8942
7.50182
13.6166
26.8701
8.24408
15.3028
28.5224
8.26639
15.3447
28.4292
8.31136
15.5014
28.1398
8.76629
16.2392
29.3771
8.25961
15.3366
28.4805
8.23761
15.2957
28.5722
8.30555
15.4961
28.1825
8.75072
16.8471
30.3167
8.78749
16.8051
30.5105
8.74986
16.8468
30.3245
7.66042
14.7615
28.6495
7.68787
14.4459
28.5713
7.65833
14.7617
28.6579
7.74942
14.9669
29.1092
7.70107
14.8798
28.9413
7.70282
14.8798
28.9348
7.68498
14.4464
28.5828
7.65447
14.7622
28.6739
7.65619
14.7618
28.6661
7.6245
13.9318
27.4237
7.49039
13.6127
26.9176
7.48517
13.6114
26.9398
7.64432
14.4819
28.2711
7.59985
14.4524
27.9622
7.60819
13.9355
27.4809
8.25345
15.3305
28.5292
8.3025
15.4921
28.2224
8.7546
16.2341
29.431
8.29714
15.4881
28.2627
8.75177
16.2332
29.4443
8.22644
15.2866
28.6641
8.74804
16.847
30.3444
8.78171
16.8044
30.5458
8.7473
16.8471
30.3516
7.65264
14.7625
28.6814
7.65121
14.763
28.6884
7.60327
13.9373
27.4984
7.47123
13.6103
27.0019
7.46718
13.6107
27.021
7.63036
14.4792
28.3257
7.58375
14.4526
28.0195
7.59038
13.9445
27.5467
7.7275
14.5049
27.7439
7.72925
14.5033
27.7264
8.24281
15.3232
28.6188
8.29535
15.4877
28.2961
8.74472
16.2319
29.4795
8.23823
15.3215
28.6602
8.21724
15.2829
28.7467
8.29036
15.4847
28.3343
8.74582
16.848
30.37
9.43433
17.99
30.9699
9.59248
17.9519
31.1696
8.77693
16.8052
30.5785
8.74519
16.8482
30.3767
9.43362
17.9906
30.9743
9.5923
17.9537
31.1738
7.58649
13.9472
27.5617
7.45648
13.6138
27.0748
7.61903
14.4797
28.3732
7.57096
14.4561
28.0698
7.57633
13.9564
27.6037
7.44778
13.619
27.1239
7.45045
13.6171
27.1081
7.72036
14.509
27.8298
7.72159
14.5063
27.8143
8.23405
15.3206
28.6997
8.28958
15.4867
28.3625
8.73642
16.2317
29.5238
8.23021
15.3207
28.7373
8.28485
15.4844
28.3993
8.20955
15.2828
28.8221
8.74398
16.8495
30.394
9.43157
17.9923
30.9872
9.59149
17.9587
31.1862
8.77291
16.807
30.6094
8.7434
16.8499
30.4004
9.43092
17.9929
30.9914
9.5914
17.9604
31.19
7.57331
13.9599
27.6169
7.61015
14.4836
28.4152
7.44098
13.6268
27.17
8.20657
15.2843
28.8564
8.2268
15.3217
28.7735
8.28515
15.4888
28.4225
8.28048
15.4869
28.458
8.72779
16.2343
29.5757
8.74272
16.8522
30.4161
9.42928
17.9952
31.0034
8.76979
16.8102
30.6386
8.74234
16.8528
30.422
9.429
17.9961
31.0071
)
;

boundaryField
{
    front
    {
        type            cyclic;
    }
    Back
    {
        type            cyclic;
    }
    inlet
    {
        type            fixedValue;
        value           uniform 1.78;
    }
    outlet
    {
        type            inletOutlet;
        inletValue      nonuniform List<scalar> 0();
        value           nonuniform List<scalar> 0();
    }
    upperPatch
    {
        type            slip;
    }
    ground
    {
        beta1           0.075;
        blended         0;
        type            omegaWallFunction;
        value           nonuniform List<scalar> 
1436
(
30.1767
28.7964
28.6051
30.3536
28.935
28.7207
30.4879
29.0444
28.8105
30.5911
29.1325
28.8831
30.6702
29.2042
28.9431
29.2626
28.9928
29.3099
29.0339
29.3484
29.0681
29.0966
25.6661
28.6058
34.032
31.3381
30.8637
29.9155
29.5463
29.3652
29.6821
29.4644
29.2853
29.3688
27.8422
25.7562
25.9734
34.0351
31.3751
34.0427
31.4709
30.9025
29.9565
31.0037
30.0646
29.7218
29.4949
29.8262
29.5772
29.395
29.4674
26.0348
26.2001
34.0448
31.4984
34.0503
31.5703
31.0331
30.0963
31.1107
30.1804
29.8571
29.6027
29.9392
29.6718
29.4903
29.5535
26.2515
26.3962
34.0518
31.5912
34.0558
31.6466
31.1337
30.2052
31.1952
30.2716
29.9637
29.6933
30.0293
29.7511
29.5736
29.6285
26.4422
26.573
29.1216
34.057
31.663
34.06
31.7071
31.2136
30.2913
31.2636
30.3442
30.049
29.7691
30.102
29.8172
29.6459
29.6931
28.3487
26.6147
26.7327
34.0609
31.7203
31.2788
30.3601
30.118
29.8322
30.1611
29.8722
29.708
29.748
26.7702
26.8756
29.7606
26.909
27.002
27.0315
27.1131
29.4049
28.5934
27.1389
27.2102
27.2328
27.2953
27.3153
27.3708
27.3885
30.2402
30.227
30.2834
30.8139
28.8267
28.8353
28.8665
28.381
28.6371
28.4148
26.604
25.984
26.2749
25.9006
26.3454
30.3933
30.3917
30.4253
30.9502
28.9675
28.9657
28.9981
28.5044
28.7452
28.5307
26.968
26.2311
26.5344
26.1732
26.5816
30.5082
30.5175
30.5327
29.0762
29.0691
29.1005
28.6018
28.8301
28.6232
27.2133
26.4189
26.7302
26.3721
26.7697
30.5966
30.6141
30.6157
29.1627
29.1528
29.1824
28.6819
28.8992
28.6996
27.3977
26.5764
26.9024
26.5363
26.9381
30.6648
30.6882
30.6792
29.2323
29.2209
29.2485
28.7486
28.9564
28.7633
27.5458
26.7139
27.0607
26.6781
27.0931
30.3555
29.2885
29.2763
29.3017
28.8041
29.0038
28.8163
27.6686
26.8377
27.2074
26.8046
27.237
29.3337
29.3212
29.3445
28.8502
29.0431
28.8604
27.7713
26.9514
27.3426
26.9208
27.3691
30.4514
29.3703
29.3578
29.3792
28.8885
29.0757
28.897
27.8574
27.056
27.4657
27.0275
27.4894
28.9206
29.103
28.9278
27.9301
27.1519
27.5777
27.1254
27.5988
27.9919
27.2396
27.6793
27.215
27.6979
28.0454
27.3203
27.7714
27.2971
27.7878
28.0928
27.393
27.8549
27.3722
27.869
27.5799
26.1846
25.5517
25.5633
25.7037
26.1834
26.0876
25.8137
28.5617
29.8682
30.4136
30.6105
30.0495
29.938
30.5144
30.8506
34.0286
33.0419
31.2981
32.104
30.822
30.5049
29.8716
30.2236
29.4455
29.5947
29.416
29.3997
29.64
29.5791
29.4331
29.5351
29.2176
29.314
29.3422
29.2926
29.1856
25.9422
26.7116
26.0469
25.6389
25.5528
25.8358
25.9078
27.2488
26.0508
26.4733
26.4175
26.1185
27.2672
29.9602
30.544
30.7291
30.0193
30.622
30.8046
30.9804
33.0528
34.0379
32.1295
31.4095
34.0404
33.0815
31.4413
32.1951
30.5457
30.9386
30.264
29.9949
30.9723
30.6526
30.0309
30.3699
29.6184
29.7587
29.5705
29.5234
29.7936
29.7221
29.5512
29.6647
29.3158
29.4198
29.4443
29.38
26.3084
27.0373
26.3826
25.9242
25.8595
26.0924
26.1476
27.5716
26.2784
26.3302
28.8704
30.0381
30.6448
30.0873
30.7045
30.8884
33.0899
34.0468
32.2138
31.524
34.0486
33.1122
31.5479
32.2627
30.6838
31.0606
30.401
30.126
31.0864
30.7662
30.1541
30.4833
29.7528
29.886
29.693
29.6266
29.9135
29.8342
29.65
29.7687
29.4002
29.5119
29.5334
29.4564
28.1061
26.5791
26.0449
27.2638
26.6378
26.301
26.3494
27.8059
26.4574
26.5005
28.9933
30.1031
30.7219
30.2817
30.1444
30.768
30.9557
33.1188
34.0532
32.2769
31.6108
34.0546
33.1364
31.6293
32.3147
30.7906
31.1553
30.5078
30.2287
31.1758
30.8552
30.2508
30.5734
29.8584
29.9867
29.7916
29.7132
30.0087
29.9228
29.7329
29.853
29.4742
29.5923
29.3551
29.6111
29.5232
26.7976
26.2083
26.2586
27.4376
26.8461
26.4867
26.5306
26.6096
27.0171
26.9832
26.6477
27.9679
30.1578
30.7815
30.9702
30.3416
30.1926
30.8177
33.1417
34.0581
32.3259
31.6785
34.0591
33.156
31.6932
32.3562
30.8746
31.2311
30.5933
30.3099
31.2478
30.9266
30.3276
30.6469
29.942
30.0675
29.8716
29.7857
30.0852
29.9931
29.8021
29.9215
29.5387
29.662
29.4163
29.6782
29.581
29.4566
26.9791
27.5787
27.0195
26.5243
26.655
26.6946
28.154
26.7427
26.7772
28.1221
30.2041
30.8284
31.0211
30.2338
30.8574
33.1603
32.3653
30.9423
31.2933
30.6632
30.375
30.0086
30.1331
29.9368
29.846
30.1475
30.0494
29.8597
29.9775
29.5943
29.7217
29.4691
29.7354
29.6302
27.13
26.5629
26.5997
27.6961
27.1636
26.6352
26.8063
26.8417
26.8639
27.2765
26.8958
28.2561
30.2439
30.2698
29.6415
29.7721
28.478
27.2549
26.7016
27.7942
27.2826
26.7911
26.7626
26.9408
26.9722
26.9752
27.4307
27.0049
29.3331
30.2788
30.3019
28.5349
27.3581
27.8767
27.381
27.0594
27.0869
27.0775
27.5454
27.523
27.1051
29.3919
30.31
30.5195
30.3309
27.4436
27.9465
27.4627
26.982
26.9614
27.1633
27.1874
28.6193
27.1712
27.6496
27.6297
27.1969
28.5751
30.3384
30.3575
27.5151
28.006
27.5312
27.0574
27.0396
27.2541
27.2753
28.7064
27.2569
27.2809
29.4916
30.3644
30.9652
30.3821
30.9787
31.1781
27.5761
27.0916
28.0578
27.5901
27.3341
27.353
28.7851
27.3358
27.3583
29.5352
30.3887
30.983
30.6169
30.4055
30.9955
31.1939
27.6299
27.1395
27.1545
28.1042
27.6429
27.4052
27.4227
27.4088
27.8946
28.8075
30.4114
30.9995
29.9763
30.8147
26.9505
28.6494
30.0723
30.9797
27.2948
28.8023
30.1562
28.0381
27.5316
30.2313
27.7153
30.2975
27.8641
28.3701
27.9862
29.2288
30.4064
28.4454
28.0868
28.1703
30.4918
28.2403
29.4189
30.5285
28.2994
29.4686
30.5624
28.3502
30.5941
28.3948
30.6241
30.1248
30.367
30.3435
28.7568
28.7749
28.5708
27.6417
26.8339
28.4617
26.8023
29.9612
30.0848
30.7014
30.3151
30.4062
30.3915
30.5162
30.9419
28.7383
29.1207
28.8285
28.8028
28.9044
28.8783
27.6978
28.6947
27.2223
26.9262
28.7651
27.1515
30.1203
30.136
30.2144
30.4587
30.544
30.5529
30.6472
31.0787
28.8547
29.2065
28.929
29.2662
28.9008
29.0202
28.9627
27.8849
28.7899
28.0019
27.4784
27.2405
28.9019
27.3972
30.2416
30.8272
30.2132
30.3146
30.569
30.6753
30.7193
30.7477
28.9505
29.2851
29.0128
29.3384
28.9814
29.1131
29.0334
28.8663
28.1379
27.673
28.9341
27.4708
29.0204
27.5905
30.3358
30.9066
30.393
30.6535
30.739
30.7695
30.8255
29.0308
29.0833
29.4018
29.0491
29.1886
29.0931
28.1687
28.9291
28.253
27.8295
29.048
27.6542
27.7489
30.4096
30.4546
31.0095
30.7185
30.8426
30.8446
30.8864
29.0983
29.1424
29.1064
29.2501
29.1434
28.2788
28.9812
27.9577
29.1453
27.8052
29.2083
27.8817
30.4676
30.3941
30.5031
31.0527
29.1548
29.1917
29.5035
29.1544
29.2999
29.1853
29.0244
28.4277
28.0632
27.9327
29.2829
27.9954
30.4405
29.2018
29.5141
29.2326
29.1944
29.3404
29.22
29.0601
28.493
28.1507
29.3007
28.0425
29.3478
28.0947
30.4819
29.2276
29.249
28.5077
29.0899
28.5474
28.2238
29.3634
28.1387
28.1824
28.5598
29.115
28.2854
28.2237
29.4559
28.2604
30.5541
28.604
28.338
28.2995
29.5021
28.3302
30.5862
28.384
29.5139
28.3675
29.545
28.3936
31.1821
29.5559
28.4293
30.0016
30.7756
30.8597
26.482
27.0522
30.0939
30.9186
31.0145
26.8917
27.3608
27.9254
30.1756
27.1591
27.5813
30.2484
27.3557
27.7552
28.1979
30.3126
29.0729
27.5115
27.8967
30.3686
27.64
28.013
30.418
29.2469
27.7473
28.109
30.4617
29.3164
27.8373
28.1888
30.5011
27.913
28.2559
30.5371
27.9774
28.3127
28.6139
30.5704
28.0327
28.3617
30.6016
28.0815
28.4048
30.631
29.5648
30.0665
30.1934
30.1415
30.3268
30.2932
28.713
28.7858
28.7399
28.745
28.8105
28.7731
28.5339
28.3446
28.3059
28.0042
27.9599
26.7002
26.3429
25.697
25.2299
25.092
26.7197
26.5474
28.5125
26.8026
27.023
26.706
29.8919
30.4492
30.6421
30.0054
30.0262
29.9159
30.4828
30.6723
30.0462
30.2715
30.3596
30.3227
30.5119
30.4788
30.443
30.4357
30.4778
30.9026
30.8854
33.0303
32.0764
30.4613
30.1806
29.4928
29.4579
29.5375
29.4978
29.2436
29.1425
28.7704
29.2688
29.1642
28.7995
28.8441
28.8295
28.8771
28.87
28.9367
28.9019
28.8544
28.9359
28.9066
28.0453
27.7493
28.0831
28.6669
28.4763
28.4466
27.7973
28.1509
28.1183
25.8262
25.3508
25.4575
27.1423
26.8067
26.1418
27.0652
26.9957
28.6888
27.0983
28.7289
27.426
29.9804
30.5718
30.7556
30.1539
30.1154
30.0009
30.5978
30.7807
30.185
30.5737
30.4252
30.4825
30.4546
30.6283
30.5863
30.6022
30.6183
31.048
31.0092
33.063
32.1531
33.0725
32.1749
30.5837
30.3016
30.6194
30.337
29.6551
29.6036
29.6898
29.6352
29.3379
29.2269
28.8812
29.3594
29.2469
28.9048
28.962
28.9225
28.9882
28.9928
29.0523
29.0251
28.9429
29.0351
29.0115
28.1815
28.2102
28.7682
28.5793
28.5557
27.9646
28.2632
28.2375
26.2286
25.7179
25.791
27.4219
27.1007
26.452
26.6792
26.6365
27.429
27.2827
28.8357
27.5645
27.6963
27.3627
30.0548
30.666
30.8488
30.2676
30.1949
30.072
30.6859
30.8691
30.2916
30.6536
30.5429
30.5768
30.5553
30.6991
30.6767
30.7008
30.7255
33.0978
32.2313
33.1052
32.2475
30.713
30.43
30.7405
30.4576
29.7815
29.7195
29.8088
29.745
29.4194
29.3034
28.9727
29.4384
29.3212
28.9924
29.0561
28.9995
29.0776
29.0907
29.1437
29.1218
29.0167
29.116
29.0965
28.2879
28.0726
28.3114
28.8486
28.6631
28.6437
28.3556
28.334
26.5173
25.9859
27.6286
27.3111
26.6936
26.1559
26.1015
26.8556
26.8184
27.6822
27.4987
28.9634
27.7865
27.5671
27.9045
30.117
30.7382
30.924
30.3562
30.2655
30.1316
30.7536
30.9402
30.375
30.6333
30.6497
30.633
30.7899
30.7743
30.7569
30.7891
30.8083
33.125
32.2903
33.1309
32.3028
30.8133
30.5308
30.835
30.5528
29.881
29.813
29.9027
29.8337
29.491
29.3712
29.0496
29.5076
29.3868
29.066
29.1331
29.0645
29.1509
29.1702
29.2172
29.1994
29.0789
29.1825
29.1663
28.3764
28.3962
28.9145
28.7329
28.7167
28.2263
28.4335
28.4153
26.7468
27.7935
27.4754
26.8925
26.354
26.3073
27.9946
27.8812
27.6733
28.0774
27.7331
29.0985
30.1695
30.7943
30.9841
30.4257
30.3275
30.1819
30.8063
30.9971
30.4404
30.8053
30.8191
30.7027
30.7038
30.6918
30.8578
30.8326
30.873
33.1467
32.3365
33.1514
32.3466
30.8928
30.612
30.9102
30.63
29.96
29.889
29.9772
29.9059
29.5532
29.4302
29.1142
29.5676
29.4437
29.1278
29.1963
29.1194
29.211
29.2349
29.2765
29.262
29.1315
29.2368
29.2235
28.4512
28.3031
28.4679
28.9691
28.7911
28.7776
28.3266
28.4994
28.4841
26.9368
26.3992
26.4425
27.9281
27.61
27.0581
26.4843
27.1664
27.1354
28.0479
27.818
29.1665
28.2256
27.8715
29.1886
30.214
30.8386
31.0323
30.4802
30.3817
30.2247
30.8482
31.0427
30.4918
30.957
30.6786
30.0228
29.9509
30.0366
29.9647
29.6066
29.481
29.1682
29.6189
29.4925
29.1794
29.248
29.1653
29.2601
29.2875
29.3242
29.3123
29.1754
29.281
29.2701
28.5143
28.3901
28.5283
29.0143
28.8394
28.8282
28.4095
28.5548
28.542
27.0949
28.0389
27.7222
27.1955
26.669
27.3046
28.2922
28.1914
27.9405
27.9895
29.266
28.3549
30.2524
30.4295
30.2618
29.6519
29.5242
29.2131
29.2222
29.29
29.2035
29.3
29.3301
29.3627
29.353
29.2118
29.3171
29.308
28.5673
28.4618
28.5791
29.0518
28.8795
28.8702
28.6014
28.5906
27.2259
26.7327
28.1305
27.8162
27.309
27.4056
28.4139
28.3172
28.0466
28.3747
28.4697
28.0921
30.2863
30.4721
30.2948
29.3242
29.2352
29.3325
29.2421
29.3466
29.339
28.6119
28.5214
28.6218
29.083
28.913
28.9053
28.6406
28.6315
27.3341
26.8186
26.8448
28.2068
27.8952
27.4028
26.8942
26.8701
28.5224
28.4292
28.1398
29.3771
28.4805
28.5722
28.1825
30.3167
30.5105
30.3245
28.6495
28.5713
28.6579
29.1092
28.9413
28.9348
28.5828
28.6739
28.6661
27.4237
26.9176
26.9398
28.2711
27.9622
27.4809
28.5292
28.2224
29.431
28.2627
29.4443
28.6641
30.3444
30.5458
30.3516
28.6814
28.6884
27.4984
27.0019
27.021
28.3257
28.0195
27.5467
27.7439
27.7264
28.6188
28.2961
29.4795
28.6602
28.7467
28.3343
30.37
30.9699
31.1696
30.5785
30.3767
30.9743
31.1738
27.5617
27.0748
28.3732
28.0698
27.6037
27.1239
27.1081
27.8298
27.8143
28.6997
28.3625
29.5238
28.7373
28.3993
28.8221
30.394
30.9872
31.1862
30.6094
30.4004
30.9914
31.19
27.6169
28.4152
27.17
28.8564
28.7735
28.4225
28.458
29.5757
30.4161
31.0034
30.6386
30.422
31.0071
)
;
    }
    procBoundary2to0
    {
        type            processor;
        value           nonuniform List<scalar> 
467
(
0.310502
0.321038
0.338597
0.385793
0.385793
0.36544
0.400385
0.657281
0.348072
0.285112
0.294385
0.31048
0.321007
0.338567
0.385712
0.385712
0.365323
0.40018
0.657286
0.348011
0.285046
0.294341
0.310452
0.320973
0.338533
0.385627
0.385627
0.365204
0.399965
0.657292
0.347953
0.284978
0.294294
0.310421
0.320958
0.338499
0.385536
0.385536
0.365086
0.399746
0.657299
0.347898
0.284908
0.294243
0.310387
0.32092
0.338462
0.385442
0.385442
0.364968
0.399524
0.651285
0.525832
0.648071
0.42076
0.657306
0.653327
0.347843
0.368411
0.284837
0.338607
0.294191
0.353287
0.310352
0.36101
0.320881
0.365171
0.338422
0.391331
0.385342
0.385342
0.364852
2.0098
0.871584
0.810914
0.875669
0.525832
0.525832
0.525832
0.542681
0.42076
0.338607
0.419877
0.353287
0.36101
0.365171
0.391331
2.30688
2.25688
0.861108
0.84562
0.542681
0.535754
0.419877
0.353214
0.429684
0.360948
0.365114
0.391173
3.3768
0.83188
0.84428
0.535754
0.522043
0.429684
0.36088
0.42472
0.365048
0.426317
0.390997
3.69917
0.845488
0.852327
0.522043
0.426317
0.529384
0.426317
0.390792
3.697
0.869197
0.938876
0.529384
0.426078
0.390561
0.938384
0.528967
0.425796
0.390278
0.937781
1.0265
1.14938
3.71902
4.44534
4.06559
4.0007
3.90209
2.59094
1.0265
1.0265
1.14938
1.14938
1.14938
1.22751
1.18693
2.3637
1.18693
2.25688
1.14864
1.11635
3.90209
1.11635
1.12936
3.3768
1.12936
1.12936
1.19238
1.19238
1.23945
3.69917
1.23945
1.23945
1.24859
1.24859
3.69263
1.24861
1.28047
1.28047
1.42057
0.938876
1.42057
1.42057
1.42057
1.42057
1.41938
1.41938
1.41938
1.41938
1.41818
1.41818
1.41818
1.41818
1.41683
1.41683
1.41683
1.41683
1.78465
2.59094
2.52351
2.47515
1.83335
1.75373
2.27405
1.62305
1.6168
1.69362
1.59534
2.25595
2.28214
2.39885
1.59647
1.59749
2.10801
1.97964
3.37483
3.61809
3.69826
1.97747
2.04764
2.12766
3.69693
2.12669
2.17922
3.71801
3.71801
2.12237
2.17873
2.17873
3.71582
0.723768
0.938646
0.723503
2.73555
2.73338
0.723256
0.938134
0.723023
2.72618
2.72416
0.722693
4.58804
4.62668
4.44534
4.32907
4.20902
4.06982
4.13866
4.06982
3.94292
3.91479
1.66681
2.58781
1.83335
1.69162
2.36444
2.40801
1.68455
2.36444
1.68517
1.68455
2.25147
1.59534
1.57668
3.89873
3.90961
4.03454
5.17081
5.16725
5.17081
1.69362
2.39791
2.39885
1.69364
2.8536
1.97964
1.8209
2.10801
3.69563
3.69826
2.10459
3.70151
2.12766
2.09979
3.69476
2.12528
2.12624
2.25247
4.96766
3.85187
2.74041
2.73823
2.74041
2.72872
2.73079
2.72177
0.810914
0.851556
0.647967
1.5683
2.40324
1.33595
0.647967
0.886657
0.65112
0.720375
0.886657
0.720375
0.84562
0.687344
0.706833
0.706833
0.845205
0.706539
0.84428
0.671282
0.684411
0.684411
0.844027
0.684157
0.852327
0.662998
0.675927
0.675927
0.852261
0.675746
0.938876
0.671152
0.723768
7.94341
15.0791
29.2408
7.77446
15.0208
29.2553
7.74593
14.9664
29.1207
9.01427
19.7265
34.0618
8.88809
16.9123
31.7329
8.29734
15.8617
30.4027
8.21896
15.6833
30.174
8.0326
15.4497
29.8847
8.0326
15.4497
29.8847
7.94088
7.90118
15.0772
15.1037
29.2503
29.3649
7.84689
15.0852
29.3861
7.77232
15.0201
29.2617
7.69921
7.69921
14.8796
14.8796
28.9478
28.9478
7.69773
14.8797
28.9538
9.64401
18.7996
33.1644
9.24518
17.5917
32.3741
8.88809
16.9123
31.7329
8.67703
16.5224
31.3072
8.30208
15.865
30.3893
8.30208
15.865
30.3893
8.13481
15.5658
30.0618
8.07644
15.5049
29.99
8.02927
15.4479
29.896
7.98446
15.3954
29.7836
7.66697
14.4567
28.6596
7.6707
14.4534
28.6422
7.66375
14.4605
28.6759
7.95537
7.94341
15.0451
15.0791
29.5432
29.2408
7.77446
15.0208
29.2553
7.76842
15.019
29.2733
7.67272
14.452
28.6329
7.66527
14.4585
28.6677
7.6749
14.4505
28.6237
7.66876
14.455
28.6508
7.66233
14.4626
28.6834
8.5021
16.2494
30.9712
8.39262
16.0563
30.6935
7.91503
15.3295
29.6622
7.95775
15.0463
29.5339
7.95775
15.0463
29.5339
7.84419
15.0837
29.3941
7.84689
15.0852
29.3861
7.80788
15.0615
29.3523
7.77033
15.0195
29.2675
7.64964
14.7634
28.6952
7.6749
14.4505
28.6237
7.661
14.465
28.6914
)
;
    }
    procBoundary2to1
    {
        type            processor;
        value           nonuniform List<scalar> 
487
(
0.52423
0.535572
0.66046
0.425885
0.428
0.480844
0.361384
0.365539
0.391736
0.487771
1.00366
0.464743
0.536854
0.858233
0.8889
1.13323
0.652566
0.527322
0.543893
0.537091
0.537091
0.668828
0.682842
0.681069
0.741593
0.820384
1.10179
1.22761
1.80876
0.648196
0.422053
0.420973
0.430534
0.430534
0.677988
1.65578
0.653289
0.369172
0.339257
0.353686
0.353686
0.724555
2.31787
2.372
2.30778
1.03612
0.875289
1.24284
0.887998
0.873217
0.846794
0.62565
0.472185
1.06756
0.62565
0.62565
0.62565
0.62565
1.13248
0.472185
0.472185
0.65571
4.63398
0.881953
1.4485
2.38334
4.01208
4.01208
1.01107
1.32737
1.32737
1.53115
4.02699
3.94432
3.93208
2.2852
1.16456
1.13579
3.39031
3.39031
1.15185
1.20809
1.20809
1.25146
1.26172
1.30313
1.48228
1.80876
1.80876
1.80876
4.10695
1.03612
1.16709
1.16709
1.24284
1.20058
1.20058
1.20058
1.72561
0.833011
1.40901
0.997044
2.7786
4.39627
4.70092
2.50892
2.12059
3.6474
3.7599
2.05528
2.21501
3.77344
3.80924
2.14621
3.84703
3.30566
1.51861
0.820384
1.10179
3.99279
2.60063
4.56288
1.89318
4.82713
1.79356
2.52374
2.47673
1.76489
2.28501
1.63819
1.69665
2.37036
1.63334
1.69448
2.42039
1.62703
1.71793
1.40662
0.777439
1.03486
4.0546
2.58354
4.38076
1.81342
4.7167
2.32434
2.87544
1.68459
3.78179
3.86161
6.01985
4.01298
3.2531
2.36355
2.36355
2.3677
2.0236
3.26648
6.00263
3.91099
3.97061
3.95015
4.05908
5.22262
2.26866
1.62308
1.59664
3.38857
2.87677
1.9863
1.9863
1.99066
1.84122
2.11399
3.7655
3.77276
2.14613
2.31333
5.16157
3.98342
2.7913
5.27394
2.37299
1.5061
2.02666
1.74779
2.87893
2.67363
4.55872
1.96598
4.4853
4.39881
3.50756
3.50756
3.7251
4.6004
4.46843
4.64631
4.351
4.24121
4.11062
4.11062
4.17482
1.68777
2.59144
2.59359
1.8459
1.70175
2.37036
2.41479
1.69448
2.28096
1.42396
1.95069
1.65493
2.78316
2.6306
4.3249
1.85097
3.75788
2.28096
3.28318
1.95069
4.94669
2.78316
4.3249
4.34578
4.34578
4.53996
3.59538
4.0546
4.38076
4.53996
3.59538
1.62266
4.53928
2.31351
2.83694
4.53928
2.33874
3.72216
3.81537
4.7167
3.72216
3.81537
0.988388
0.553333
0.753365
0.895097
0.895097
0.567086
0.67974
1.09292
0.733868
0.79852
0.733868
0.79852
0.82373
0.848146
0.655687
0.89933
0.657466
0.723153
0.858296
0.691495
0.710687
0.856565
0.856565
0.676748
0.689243
0.689243
0.866487
0.668828
0.682842
0.973346
0.681069
0.741593
2.31405
1.25753
1.65955
1.58779
1.99929
2.41401
1.34209
0.966872
0.541059
0.743799
1.63798
1.62005
2.28201
1.23256
2.01904
1.63962
2.28336
1.5029
8.33738
16.0049
29.4942
8.12835
15.6648
29.3285
8.05505
15.5994
29.2551
8.42793
16.1568
29.7747
7.7169
14.2007
27.4428
8.72661
16.2347
29.5859
9.41508
17.9803
30.0057
9.32677
17.9178
30.0843
8.00334
15.4146
28.6686
7.98561
15.4002
28.6925
7.88741
15.2461
28.4942
7.86234
15.1837
28.2642
7.91797
15.6663
26.0052
8.23903
8.23903
16.1323
16.1323
25.5828
25.5828
8.14426
15.6477
25.9637
8.78921
17.0214
29.843
9.4943
18.1552
30.376
8.25252
15.8709
29.3946
8.19267
15.7817
29.3709
7.98789
15.5285
29.1901
8.013
15.2104
29.0989
7.91733
15.0439
27.5104
7.99487
15.1541
25.387
8.02724
15.1701
25.4436
9.66378
18.0298
30.578
9.03525
19.7813
34.0249
8.99808
17.1706
31.2549
8.79478
16.8068
30.777
8.42559
8.42559
16.1297
16.1297
29.8248
29.8248
7.56301
14.4648
28.1188
7.56787
13.9735
27.6597
7.99743
14.7149
27.433
7.71587
14.5175
27.9107
8.20408
15.2857
28.8916
8.76935
16.8111
30.6466
8.74236
16.8538
30.4273
9.42847
17.9971
31.0111
8.9029
16.9997
29.9491
8.8894
16.7208
28.404
9.50169
9.50169
17.919
17.919
29.9141
29.9141
8.01135
8.01135
15.3102
15.3102
28.7061
28.7061
8.46897
16.711
26.4084
8.46897
16.711
26.4084
7.60997
14.4862
28.4263
8.28356
15.4906
28.4523
7.84534
15.5907
26.5456
9.50325
17.9406
29.8634
9.29685
17.6592
30.2845
9.267
17.822
30.239
8.00894
15.327
28.671
7.89951
15.27
28.7137
7.94821
15.3415
28.7346
7.84552
15.075
27.9114
7.86534
14.9187
24.9337
8.55666
16.8729
26.4428
9.6984
18.8995
33.018
9.33912
17.7915
32.0465
8.62375
16.523
30.4143
8.51369
16.3265
30.1343
7.441
13.6322
27.1879
)
;
    }
    procBoundary2to3
    {
        type            processor;
        value           nonuniform List<scalar> 
447
(
1.12864
0.815678
0.555698
1.14748
1.14748
0.554913
1.1441
0.554176
1.1417
0.553506
0.533912
4.33928
4.33928
0.486331
0.984258
0.984258
0.533912
0.463407
0.970184
1.62797
1.62797
0.486331
0.486331
0.717717
0.969009
1.62691
0.485989
0.485989
0.968239
1.62588
0.48564
0.48564
0.9678
1.62481
0.485293
0.485293
1.62517
0.484935
0.484935
0.484935
0.484935
0.71608
0.484554
0.484554
0.484554
0.484554
0.71581
0.483991
0.483991
0.715369
1.69424
1.69424
1.69144
1.68969
1.68814
1.68672
1.5088
1.6858
1.61103
1.5088
4.33037
3.9688
0.998904
1.50869
1.31245
0.970184
0.969463
3.84919
1.62841
3.84462
0.969009
0.968502
3.84309
1.62737
3.83867
0.968239
0.967906
3.83722
1.6263
3.83306
0.9678
0.967589
3.83171
1.62517
3.82785
0.997902
1.31112
1.31086
0.71593
1.31048
1.31011
0.715608
1.3096
4.56277
1.13096
4.54964
4.55306
0.815678
1.12678
0.814525
0.814525
4.34324
4.34324
4.5285
4.34056
0.813382
1.14565
0.812419
4.33215
4.3292
0.811459
1.1428
0.810687
4.32036
4.31738
0.809897
1.14079
0.809298
4.60789
2.48662
2.48662
4.3363
2.74821
2.48517
4.5596
4.55635
2.559
1.73757
1.73898
2.55655
2.55169
1.7347
2.55371
1.73384
4.54617
4.54262
2.5495
2.46391
1.75149
1.73109
1.73151
2.57115
2.54803
4.33501
4.33784
2.46391
1.69359
2.46246
1.69175
2.45984
2.46099
4.3233
4.32627
2.45839
1.68952
2.45722
1.68809
2.45497
2.45597
5.91593
4.31155
3.88657
4.31446
3.23988
2.45363
1.68679
2.45255
1.68559
2.45038
2.45134
3.84919
5.94503
4.3332
3.22176
2.48385
2.34922
2.48534
2.00565
3.84768
1.62892
3.84612
1.62743
3.84161
1.62787
3.84011
1.6264
3.83583
1.62681
3.83441
1.62535
3.83041
1.62572
3.82909
1.62426
3.82785
5.90485
5.90485
3.20028
3.19836
3.19934
1.99685
3.20147
1.99799
3.20028
1.99689
3.19836
3.19934
1.99582
3.19739
3.19636
3.19452
5.89267
3.1955
1.99468
3.19739
1.99579
3.19636
1.99468
3.19452
3.1955
1.99357
5.89267
5.89149
1.99232
3.1937
1.99352
3.19267
1.07495
0.726292
0.790619
0.970184
0.747868
0.726292
0.983806
0.883791
0.564036
0.725857
0.675184
0.747868
0.969463
0.747363
2.29648
1.23629
1.6433
0.746924
0.968502
0.746501
0.746144
0.967906
0.7458
0.745533
0.967589
0.967589
0.745275
0.745275
2.28877
1.23397
1.64086
2.25183
1.47968
1.9963
9.31514
9.31514
17.7615
17.7615
30.7311
30.7311
9.46792
18.1661
30.574
9.44581
18.1161
30.7225
9.19206
17.7116
30.7144
9.31234
17.7606
30.7453
9.46219
18.1509
30.6154
9.4407
18.1074
30.7538
9.45338
17.9881
30.8661
9.45338
17.9881
30.8661
9.44888
17.9866
30.8898
9.44748
17.9864
30.897
9.44372
17.9862
30.9169
9.44256
17.9864
30.923
9.43943
17.9872
30.9401
9.43847
17.9875
30.9455
9.43588
17.9889
30.9605
9.43588
17.9889
30.9605
9.59291
17.9503
31.165
9.41764
17.7905
30.6396
9.59116
9.41717
17.9637
17.7966
31.1975
30.656
9.59116
17.9637
31.1975
9.32136
9.32136
18.0613
18.0613
31.1084
31.1084
9.3069
18.045
31.2098
9.29483
18.038
31.2902
9.31037
18.0481
31.1862
9.2977
18.0392
31.2714
9.21529
17.4854
30.8565
9.28743
9.21732
18.0368
17.6476
31.3392
30.8999
9.30754
9.43237
17.7599
17.7669
30.769
30.5134
9.60588
17.9258
31.062
9.59291
17.9503
31.165
9.41764
17.7922
30.6437
9.45108
18.1261
30.6893
9.37392
18.1613
31.0367
9.3176
18.0562
31.1357
9.30373
18.0426
31.2313
9.29226
18.0373
31.3072
9.45656
18.1377
30.6536
9.43587
18.1001
30.7831
9.31384
18.0517
31.1622
9.30055
18.0406
31.2524
9.28968
18.0368
31.3241
9.30998
17.7602
30.7564
9.45181
17.9874
30.8743
9.4503
17.987
30.8822
9.44617
17.9862
30.9039
9.4449
17.9862
30.9105
9.44146
17.9866
30.9289
9.44041
17.9868
30.9346
9.43756
17.9879
30.9507
9.43669
17.9884
30.9557
9.41805
17.7873
30.6307
9.41799
17.7891
30.6351
9.41734
17.7935
30.6481
9.41738
17.7952
30.6519
9.59104
17.9654
31.2011
9.59132
17.9673
31.2044
)
;
    }
    procBoundary2to4
    {
        type            processor;
        value           nonuniform List<scalar> 
40
(
1.16245
1.13356
0.818285
0.556507
1.71806
1.71806
1.16245
4.36181
4.55142
4.56595
0.818285
0.816989
0.816989
4.36181
4.36391
1.72181
2.49008
2.49008
1.77544
2.49563
2.5975
2.56254
1.74448
2.56609
1.74237
9.35747
18.1582
30.7658
9.35747
18.1582
30.7658
9.41291
9.47368
18.2614
18.1832
30.7353
30.5292
9.36055
18.1756
30.7148
)
;
    }
}


// ************************************************************************* //
