/*--------------------------------*- C++ -*----------------------------------*\
  =========                 |
  \\      /  F ield         | OpenFOAM: The Open Source CFD Toolbox
   \\    /   O peration     | Website:  https://openfoam.org
    \\  /    A nd           | Version:  10
     \\/     M anipulation  |
\*---------------------------------------------------------------------------*/
FoamFile
{
    format      ascii;
    class       faceSet;
    location    "constant/polyMesh/sets";
    object      layerFaces;
}
// * * * * * * * * * * * * * * * * * * * * * * * * * * * * * * * * * * * * * //


3680
(
57344 
65536 
57349 
65541 
65543 
65546 
65549 
57358 
65554 
57363 
65557 
65562 
65563 
57372 
65564 
65566 
57377 
65569 
65572 
65577 
57386 
65579 
65582 
57391 
65584 
65587 
65590 
57400 
65595 
57405 
65597 
65600 
65602 
65605 
57414 
65608 
57419 
65613 
65614 
65616 
65619 
57428 
65624 
57433 
65632 
57442 
65637 
57447 
65642 
65643 
65644 
65645 
65647 
57456 
65651 
57461 
65653 
65656 
65657 
65658 
65660 
57470 
65663 
65666 
57475 
65671 
65673 
57484 
65676 
65678 
57489 
65681 
65684 
65689 
57498 
65691 
65694 
57503 
65697 
65702 
57512 
65705 
57517 
65710 
65711 
65712 
65714 
65717 
57526 
65720 
57531 
65725 
65727 
65730 
57540 
65732 
65735 
57545 
65738 
65743 
65745 
57554 
65748 
65750 
57559 
65753 
65756 
57568 
65761 
65762 
57573 
65765 
65768 
65773 
57582 
57587 
65781 
65786 
57596 
65791 
57600 
65792 
65793 
65794 
65796 
57607 
65799 
65801 
57611 
65804 
65806 
57618 
65810 
57623 
65818 
65821 
57632 
65826 
65827 
57636 
65828 
65829 
65831 
65834 
57643 
65837 
57647 
65842 
65844 
57654 
65847 
65849 
57659 
65852 
65855 
57668 
65860 
65862 
57672 
65865 
65868 
57679 
65873 
57684 
65876 
65881 
65882 
65883 
57693 
65885 
65888 
57698 
65891 
65896 
65898 
57707 
65901 
57711 
65903 
65906 
65909 
57718 
65914 
57723 
65916 
65919 
65921 
57732 
65924 
65927 
57736 
65932 
65933 
65934 
57743 
65937 
57747 
65942 
57754 
65950 
57759 
65955 
57768 
65960 
65961 
65962 
65963 
57772 
65965 
65969 
57779 
57784 
65977 
65980 
57793 
65985 
65986 
65987 
65988 
57798 
65990 
65993 
65996 
57807 
66001 
57811 
66003 
66006 
66008 
57818 
66011 
66014 
57823 
66019 
66021 
57832 
66024 
66027 
57836 
66032 
57843 
66035 
57846 
66040 
66041 
66042 
57851 
66044 
66047 
57856 
66050 
66055 
57865 
66057 
57868 
66060 
66062 
57873 
66065 
57876 
66068 
57881 
66073 
66075 
57886 
66078 
66080 
66083 
66086 
57895 
57898 
66091 
66092 
66094 
57903 
66097 
57906 
66102 
57911 
57916 
66110 
66115 
57925 
57928 
66120 
66121 
66122 
66123 
57933 
66125 
57936 
66128 
66130 
57941 
66134 
66136 
57946 
66139 
66140 
66141 
66143 
66146 
57955 
66149 
57958 
66154 
57963 
66156 
57966 
66159 
66161 
57971 
66164 
66167 
57976 
66172 
66174 
57985 
66177 
57988 
66180 
57993 
66185 
57996 
66188 
58001 
66193 
66194 
66195 
66197 
58006 
66200 
66203 
58015 
66208 
58018 
66210 
66213 
58023 
66215 
58026 
66218 
66221 
58031 
66226 
58036 
66228 
66231 
66233 
66236 
58045 
66239 
58048 
66244 
58053 
66245 
66247 
58056 
66250 
58061 
66255 
58066 
66263 
58075 
66268 
58078 
66273 
66274 
58083 
66275 
66276 
58086 
66278 
66281 
58091 
66283 
66287 
58096 
66289 
66292 
66293 
66294 
66296 
58105 
66299 
58108 
66302 
58113 
66307 
58116 
66309 
66312 
58121 
66314 
66317 
58126 
66320 
66325 
58135 
66327 
58138 
66330 
66333 
58143 
58146 
66338 
66341 
58151 
66346 
66347 
58156 
66348 
66350 
66353 
66356 
58165 
58168 
66361 
66363 
58173 
66366 
58176 
66368 
66371 
58181 
66374 
58186 
66379 
66381 
66384 
66386 
58195 
66389 
58198 
66392 
58203 
66397 
58206 
66398 
66400 
58211 
66403 
58216 
66408 
66416 
58225 
58228 
66421 
58233 
66426 
66427 
58236 
66428 
66429 
66431 
58241 
66435 
58246 
66443 
66446 
58255 
58258 
66451 
66452 
66453 
66454 
58263 
66456 
58266 
66459 
66462 
58271 
66467 
58276 
66469 
66472 
66474 
58285 
66477 
58288 
66480 
58293 
66485 
66487 
58296 
66490 
58301 
66493 
58306 
66498 
66501 
66506 
58315 
66507 
66508 
58318 
66510 
66513 
58323 
66516 
58326 
66521 
58331 
66523 
66526 
58336 
66528 
66531 
66534 
58345 
66539 
58348 
66541 
66544 
58353 
66546 
58356 
66549 
66552 
58361 
66557 
58366 
66558 
66560 
66563 
58375 
66568 
58378 
58383 
66576 
58386 
66581 
58391 
66586 
66587 
58396 
66588 
66589 
66590 
66591 
66593 
58405 
66597 
58408 
66600 
58413 
66605 
66606 
66607 
58416 
66608 
66610 
58421 
66613 
66616 
58425 
66621 
66623 
58432 
66626 
58435 
66628 
66631 
58440 
66634 
58443 
66639 
58448 
66641 
66644 
58453 
66647 
66652 
58462 
66655 
58465 
66660 
66661 
58470 
66662 
66664 
58473 
66667 
58478 
66670 
58483 
66675 
66677 
66680 
66682 
58492 
66685 
58495 
66688 
58500 
66693 
58503 
66695 
66698 
58508 
66700 
66703 
58513 
66706 
66711 
66712 
58522 
66714 
58525 
66717 
58530 
66722 
58533 
58538 
66730 
58543 
66735 
66740 
66741 
66742 
66743 
58552 
66745 
58555 
66748 
66750 
58560 
66753 
58563 
66755 
66759 
58568 
58573 
66767 
66770 
58582 
66775 
66776 
58585 
66777 
66778 
66780 
58590 
66783 
58593 
66786 
58598 
66791 
66793 
58603 
66796 
66798 
66801 
58612 
66804 
58615 
66809 
66811 
58620 
66814 
58623 
66817 
58628 
66822 
58633 
66825 
66830 
66831 
66832 
58642 
66834 
58645 
66837 
66840 
58650 
58653 
66845 
66847 
58658 
66850 
66852 
58663 
66855 
66858 
66863 
58672 
66865 
58675 
66868 
66870 
58680 
66873 
58683 
66876 
58688 
66881 
66882 
66884 
58693 
66887 
66892 
58702 
58705 
66900 
58710 
58713 
66905 
58718 
66910 
66911 
66912 
66913 
58723 
66915 
66919 
66921 
58732 
66924 
66925 
66926 
58735 
66928 
66931 
58740 
66934 
58743 
66939 
58748 
66941 
66944 
58753 
66946 
66949 
66952 
58762 
58765 
66957 
66959 
58770 
66962 
58773 
66965 
58778 
66970 
66973 
58783 
66978 
66979 
66980 
66982 
58792 
66985 
58795 
66988 
58800 
66993 
58803 
66995 
66998 
58808 
67000 
67003 
58813 
67006 
67011 
67013 
58822 
67016 
58825 
67018 
67021 
58830 
67024 
58833 
67029 
58838 
67030 
67033 
58843 
67036 
67041 
58852 
58855 
67049 
58860 
67054 
58863 
67059 
58868 
67060 
67061 
67062 
67064 
58873 
67067 
67069 
67072 
58882 
67074 
58885 
67078 
58890 
58893 
67086 
67089 
58898 
67094 
58903 
67095 
67096 
67097 
67099 
67102 
58912 
67105 
58915 
67110 
58920 
67112 
58923 
67115 
67117 
58928 
67120 
67123 
58933 
67128 
67130 
67133 
58942 
67136 
58945 
67141 
58950 
67144 
58953 
67149 
58958 
67150 
67151 
67153 
58963 
67156 
67159 
58972 
67164 
67166 
58975 
67169 
67171 
58980 
67174 
58983 
67177 
58988 
67182 
67184 
58993 
67187 
67189 
67192 
59002 
67195 
59005 
67200 
67201 
59010 
67202 
59013 
67205 
59018 
67210 
59022 
67218 
59029 
67223 
59032 
67228 
59037 
67229 
67230 
67231 
59040 
67233 
59045 
67237 
59047 
59050 
59052 
67245 
59055 
67248 
59058 
67253 
67254 
59063 
67255 
67256 
59065 
67258 
59068 
67261 
59071 
67264 
59076 
67269 
59078 
67271 
59081 
67274 
59084 
67276 
67279 
59089 
67282 
59092 
67287 
67289 
59097 
59099 
67292 
59102 
67295 
59104 
59107 
67300 
59110 
67303 
59115 
67308 
67309 
59117 
67310 
67312 
59120 
67315 
59123 
67318 
59128 
59130 
67323 
67325 
59133 
67328 
59136 
67330 
67333 
59141 
67336 
59144 
67341 
59149 
67343 
59151 
67346 
59154 
67348 
59156 
67351 
59159 
67354 
59162 
67359 
59167 
67360 
67362 
59170 
67365 
59175 
67370 
59179 
67378 
59186 
59188 
67383 
59191 
59195 
67388 
67389 
67390 
67391 
67393 
59202 
67396 
67398 
59206 
67402 
67404 
59213 
67407 
59215 
67408 
67409 
59218 
67411 
67414 
59222 
67417 
59229 
67422 
67424 
59233 
67427 
67429 
67432 
59240 
59242 
67435 
59245 
67440 
59249 
67442 
67445 
67448 
59256 
59260 
67453 
67456 
59267 
67461 
59269 
67462 
67463 
59272 
67465 
67468 
59276 
67471 
59283 
67476 
67478 
59287 
67481 
67483 
67486 
59294 
59296 
67489 
59299 
67494 
59303 
67496 
67499 
67501 
59310 
67504 
59314 
67507 
67512 
67513 
59321 
67515 
59323 
67518 
59326 
59330 
67523 
59337 
67531 
59341 
67536 
59348 
67541 
67542 
59350 
67543 
67544 
59353 
67546 
67549 
59357 
67551 
67555 
59364 
67557 
67560 
59368 
67561 
67562 
67564 
67567 
59375 
59377 
67570 
59380 
67575 
59384 
67577 
67580 
67582 
59391 
67585 
59395 
67588 
67593 
59402 
67595 
59404 
67598 
59407 
67601 
59411 
67606 
67609 
59418 
67614 
59422 
67615 
67616 
67618 
67621 
59429 
59431 
67624 
59434 
67629 
59438 
67631 
67634 
67636 
59445 
67639 
59449 
67642 
67647 
59456 
67649 
59458 
67652 
59461 
67654 
67657 
59465 
67660 
59472 
67665 
67666 
67668 
59476 
67671 
59483 
67676 
59485 
59488 
67684 
59492 
67689 
59499 
67694 
67695 
59503 
67696 
67697 
67699 
59510 
67703 
59512 
59515 
67711 
59519 
67714 
59526 
67719 
67720 
67721 
67722 
59530 
67724 
67727 
59537 
67730 
59539 
59542 
67735 
67737 
59546 
67740 
67742 
67745 
59553 
67748 
59557 
67753 
67755 
59564 
67758 
59566 
67761 
59569 
59573 
67766 
67769 
59580 
67774 
67775 
67776 
59584 
67778 
67781 
59591 
67784 
59593 
59596 
67789 
67791 
59600 
67794 
67796 
67799 
59607 
67802 
59611 
67807 
67809 
59618 
67812 
59620 
67814 
59623 
67817 
59627 
67820 
67825 
67826 
59634 
67828 
59638 
67831 
67836 
59645 
59647 
59650 
67844 
59654 
67849 
59661 
67854 
67855 
67856 
67857 
59665 
67858 
67859 
67861 
59672 
67865 
59674 
67868 
59677 
67873 
59681 
67874 
67875 
67876 
67878 
59688 
67881 
67884 
59692 
67889 
67891 
59699 
59701 
67894 
67896 
59704 
67899 
59707 
67902 
59712 
67907 
59716 
67909 
67912 
67915 
59723 
59726 
67920 
67923 
59731 
59735 
67928 
67929 
67930 
67932 
59742 
67935 
67938 
59746 
67943 
67945 
59753 
67948 
59756 
67950 
67953 
59761 
67956 
59765 
67961 
67963 
59772 
67966 
67968 
59776 
67971 
67974 
59783 
59786 
67979 
67980 
67982 
59791 
67985 
59795 
67990 
59802 
67998 
59806 
68003 
59813 
68008 
59816 
68009 
68010 
68011 
68013 
59821 
68016 
59825 
68018 
68021 
68023 
59832 
68027 
59836 
68035 
59843 
68038 
59846 
68043 
59851 
68044 
68045 
68046 
59855 
68048 
68051 
68054 
59862 
59866 
68059 
68061 
68064 
59873 
68066 
59876 
68069 
68072 
59881 
68077 
59885 
68079 
68082 
59892 
68085 
59896 
68090 
68093 
59903 
68098 
59906 
68099 
68100 
68102 
59911 
68105 
59915 
68108 
68113 
59922 
68115 
68118 
59926 
68120 
68123 
59933 
68126 
59936 
68131 
68133 
59941 
68136 
59945 
68138 
68141 
68144 
59952 
59956 
68149 
68150 
68152 
68155 
59963 
59966 
68160 
59971 
59975 
68168 
68173 
59982 
68178 
59986 
68179 
68180 
68181 
68183 
59993 
68187 
59996 
68189 
68192 
68193 
60001 
68194 
68196 
60005 
68199 
68202 
60012 
68207 
60016 
68209 
68212 
68214 
60023 
68217 
60026 
68220 
60031 
68225 
68227 
60035 
68230 
68233 
60042 
68238 
60046 
68241 
60053 
68246 
68247 
68248 
60056 
68250 
68253 
60061 
68256 
60065 
68261 
68263 
60072 
68266 
68268 
60076 
68271 
68274 
60083 
60086 
68279 
68281 
60091 
68284 
68286 
60095 
68289 
68292 
60102 
68297 
68298 
60106 
68301 
68304 
60113 
60116 
68309 
60121 
68317 
60125 
68322 
60132 
68327 
68328 
60136 
68329 
68330 
68332 
68335 
60143 
68337 
60146 
68340 
68341 
68343 
60151 
60155 
68351 
68354 
60162 
60166 
68359 
68360 
68361 
68362 
68364 
60173 
68367 
60176 
68370 
60181 
68375 
68377 
60185 
68380 
68382 
60192 
68385 
68388 
60196 
68393 
68395 
60203 
68398 
60206 
68401 
60211 
68406 
60215 
68408 
68411 
68412 
68413 
60222 
68415 
68418 
60226 
68421 
60233 
68426 
68428 
60236 
68431 
68433 
60241 
68436 
60245 
68439 
68444 
60252 
68446 
60256 
68449 
68451 
68454 
60263 
68456 
60266 
68459 
68460 
68461 
60271 
68464 
60275 
68469 
60282 
68477 
60286 
68482 
68485 
60293 
60296 
60301 
60304 
60309 
60312 
60317 
60320 
60325 
60328 
60333 
60336 
60341 
60343 
60346 
60349 
60354 
60357 
60362 
60365 
60370 
60373 
60378 
60381 
60386 
60388 
60391 
60394 
60399 
60402 
60407 
60410 
60415 
60418 
60423 
60426 
60431 
60435 
60442 
60445 
60450 
60453 
60458 
60461 
60466 
60469 
60474 
60476 
60479 
60482 
60487 
60490 
60495 
60498 
60503 
60506 
60511 
60514 
60519 
60521 
60524 
60527 
60532 
60535 
60540 
60543 
60548 
60551 
60556 
60559 
60564 
60568 
60575 
60578 
60583 
60586 
60591 
60594 
60599 
60602 
60607 
60609 
60612 
60615 
60620 
60623 
60628 
60631 
60636 
60639 
60644 
60645 
60646 
60650 
60657 
60660 
60665 
60667 
60670 
60672 
60675 
60677 
60680 
60681 
60682 
60685 
60690 
60693 
60698 
60699 
60700 
60704 
60711 
60714 
60719 
60721 
60724 
60726 
60729 
60731 
60734 
60735 
60736 
60739 
60744 
60747 
60752 
60753 
60754 
60758 
60765 
60768 
60773 
60775 
60778 
60780 
60783 
60785 
60788 
60789 
60790 
60793 
60798 
60801 
60806 
60807 
60808 
60812 
60819 
60822 
60827 
60829 
60832 
60834 
60837 
60839 
60842 
60843 
60844 
60847 
60852 
60855 
60860 
60861 
60862 
60866 
60873 
60876 
60881 
60883 
60886 
60888 
60891 
60893 
60896 
60897 
60898 
60901 
60906 
60909 
60914 
60915 
60916 
60920 
60927 
60930 
60935 
60937 
60940 
60942 
60945 
60947 
60950 
60951 
60952 
60955 
60960 
60963 
60968 
60969 
60970 
60974 
60981 
60984 
60989 
60991 
60994 
60996 
60999 
61001 
61004 
61005 
61006 
61009 
61014 
61017 
61022 
61023 
61024 
61028 
61035 
61038 
61043 
61045 
61048 
61050 
61053 
61055 
61058 
61059 
61060 
61063 
61068 
61071 
61076 
61077 
61078 
61082 
61089 
61092 
61097 
61099 
61102 
61104 
61107 
61109 
61112 
61113 
61114 
61117 
61122 
61125 
61130 
61131 
61132 
61136 
61143 
61146 
61151 
61153 
61156 
61158 
61161 
61163 
61166 
61167 
61168 
61171 
61176 
61179 
61184 
61185 
61186 
61190 
61197 
61200 
61205 
61207 
61210 
61212 
61215 
61217 
61220 
61221 
61222 
61225 
61230 
53041 
61233 
53045 
61238 
61239 
61240 
53052 
61244 
53056 
61251 
61254 
53066 
61259 
61261 
53071 
61264 
61266 
61269 
61271 
53080 
61274 
61275 
61276 
53085 
61279 
61284 
61287 
53098 
61292 
61293 
61294 
53103 
61298 
53112 
61305 
61308 
53117 
61313 
61315 
61318 
61320 
53130 
61323 
61325 
53135 
61328 
61329 
61330 
61333 
53144 
61338 
53149 
61341 
61346 
61347 
61348 
61352 
53162 
53167 
61359 
61362 
61367 
53176 
61369 
61372 
53181 
61374 
61377 
61379 
61382 
61383 
61384 
53194 
61387 
53199 
61392 
61395 
53208 
61400 
61401 
61402 
53213 
61406 
61413 
61416 
53226 
61421 
53231 
61423 
61426 
61428 
61431 
53240 
61433 
61436 
53245 
61437 
61438 
61441 
61446 
61449 
53258 
61454 
53263 
61455 
61456 
61460 
53272 
61467 
53277 
61470 
61475 
61477 
61480 
53290 
61482 
61485 
53295 
61487 
61490 
61491 
61492 
61495 
53304 
61500 
53309 
61503 
61508 
61509 
61510 
53322 
61514 
53327 
61521 
61524 
53336 
61529 
61531 
53341 
61534 
61536 
61539 
61541 
61544 
61545 
53354 
61546 
61549 
53359 
61554 
61557 
53368 
61562 
61563 
61564 
53373 
61568 
61575 
53386 
61578 
53391 
61583 
61585 
61588 
61590 
53400 
61593 
61595 
53405 
61598 
61599 
61600 
61603 
61608 
53418 
61611 
53423 
61616 
61617 
61618 
61622 
53432 
53437 
61629 
61632 
61637 
61639 
53450 
61642 
61644 
53455 
61647 
61649 
61652 
61653 
61654 
53464 
61657 
53469 
61662 
61665 
61670 
61671 
61672 
53482 
61675 
53487 
61680 
61683 
53496 
61688 
61690 
53501 
61693 
61695 
61698 
61700 
61703 
61704 
61705 
53514 
61708 
53519 
61713 
61716 
53528 
61721 
61722 
61723 
53533 
61727 
61734 
61737 
53546 
61742 
53551 
61744 
61747 
61749 
53560 
61752 
61754 
53565 
61757 
61758 
61759 
61762 
61767 
53578 
61770 
53583 
61775 
61776 
61777 
61781 
53592 
61788 
53597 
61791 
61796 
61798 
61801 
53610 
61803 
61806 
53615 
61808 
61811 
61812 
61813 
53624 
61816 
53629 
61821 
61824 
61829 
61830 
61831 
53642 
61835 
53647 
61842 
61845 
53656 
61850 
61852 
53661 
61855 
61857 
61860 
61862 
61865 
53674 
61866 
61867 
61870 
53679 
61875 
61878 
53689 
61883 
61884 
61885 
53694 
61889 
53704 
61896 
61899 
53709 
61904 
61906 
61909 
53719 
61911 
61914 
53724 
61916 
61919 
61920 
61921 
61924 
53734 
61929 
53739 
61932 
61937 
61938 
61939 
53749 
61943 
53754 
61950 
61953 
53764 
61958 
61960 
53769 
61963 
61965 
61968 
61970 
53779 
61973 
61974 
61975 
53784 
61978 
61983 
53794 
61986 
53799 
61991 
61992 
61993 
61997 
53809 
62004 
53814 
62007 
62012 
62014 
53824 
62017 
62019 
53829 
62022 
62024 
62027 
62028 
62029 
53839 
62032 
53844 
62037 
62040 
62045 
53854 
62046 
62047 
53859 
62051 
62058 
53869 
62061 
53874 
62066 
62068 
62071 
62073 
53884 
62076 
62078 
53889 
62081 
62082 
62083 
62086 
53899 
62091 
62094 
53904 
62099 
62100 
62101 
62105 
53914 
53919 
62112 
62115 
62120 
53929 
62122 
62125 
53934 
62127 
62130 
62132 
62135 
53944 
62136 
62137 
62140 
53949 
62145 
62148 
53959 
62153 
62154 
62155 
53964 
62159 
53972 
62166 
53975 
62169 
53980 
62174 
53984 
62176 
62179 
62181 
53991 
62184 
53994 
62186 
62189 
62190 
53999 
62191 
54002 
62194 
54007 
62199 
62202 
54011 
62207 
62208 
62209 
54018 
54021 
62213 
62220 
62223 
54035 
62228 
62230 
54040 
62233 
62235 
62238 
62240 
54049 
62243 
62244 
54053 
62245 
62248 
54060 
62253 
54064 
62256 
62261 
62262 
54071 
62263 
54075 
62267 
54082 
62274 
54085 
62277 
54090 
62282 
62284 
54094 
62287 
62289 
62292 
54101 
62294 
54105 
62297 
62298 
62299 
62302 
54112 
54115 
62307 
62310 
62315 
62316 
62317 
62321 
54130 
54134 
62328 
62331 
54141 
62336 
54145 
62338 
62341 
62343 
54152 
62346 
54155 
62348 
62351 
54160 
62352 
62353 
54164 
62356 
62361 
54171 
62364 
54175 
62369 
62370 
62371 
54182 
62375 
54185 
62382 
62385 
62390 
54200 
62392 
62395 
54205 
62397 
62400 
62402 
62405 
54214 
62406 
62407 
54218 
62410 
62415 
54225 
62418 
54229 
62423 
62424 
62425 
54236 
62429 
54240 
62436 
54247 
62439 
54250 
62444 
62446 
54255 
62449 
54259 
62451 
62454 
62456 
54266 
62459 
62460 
62461 
54270 
62464 
54277 
62469 
54280 
62472 
62477 
62478 
62479 
62483 
54295 
62490 
54300 
62493 
62498 
62500 
54309 
62503 
54313 
62505 
62508 
62510 
54320 
62513 
62514 
62515 
54324 
62518 
54331 
62523 
54334 
62526 
54339 
62531 
62532 
62533 
54343 
62537 
54350 
62544 
54354 
62547 
62552 
54361 
62554 
54364 
62557 
62559 
62562 
62564 
62567 
62568 
62569 
54379 
62572 
54383 
62577 
62580 
54390 
62585 
54394 
62586 
62587 
62591 
54401 
54404 
62598 
54409 
62601 
54413 
62606 
62608 
62611 
54420 
62613 
54424 
62616 
62618 
62621 
62622 
54431 
62623 
54434 
62626 
62631 
62634 
62639 
62640 
54449 
62641 
62645 
54454 
62652 
54463 
62655 
54467 
62660 
62662 
62665 
54474 
62667 
54478 
62670 
62672 
62675 
62676 
54485 
62677 
62680 
54489 
62685 
54496 
62688 
54499 
62693 
62694 
62695 
54504 
62699 
54508 
62706 
54515 
62709 
54519 
62714 
62716 
54526 
62719 
54529 
62721 
62724 
62726 
62729 
62730 
62731 
62734 
54544 
62739 
54548 
62742 
54555 
62747 
62748 
62749 
54559 
62752 
62757 
54566 
62760 
54569 
62765 
54574 
62767 
54578 
62770 
62772 
62775 
54585 
62777 
62780 
54589 
62781 
62782 
62784 
62787 
54596 
62789 
54599 
62792 
62794 
62797 
62799 
62802 
62803 
62804 
62805 
54614 
62806 
62808 
54618 
62811 
62813 
62816 
54625 
62818 
54629 
62821 
62823 
62826 
62827 
54636 
62828 
62829 
62830 
54639 
62832 
62835 
54644 
62836 
62837 
62839 
54648 
62842 
62844 
54655 
62847 
62849 
54659 
62852 
62854 
62857 
54666 
62859 
54669 
62862 
62864 
62867 
62869 
62872 
62873 
62874 
62875 
54684 
62876 
62878 
54689 
62881 
62883 
62886 
62888 
54698 
62891 
62893 
54702 
62896 
62897 
62898 
62899 
62900 
54709 
62902 
54713 
62905 
62906 
62907 
62909 
54720 
62912 
62914 
54724 
62917 
62919 
62922 
54731 
62924 
54734 
62927 
62929 
54739 
62932 
62934 
54743 
62937 
62939 
54750 
62942 
62943 
62944 
62945 
54754 
62946 
62948 
62951 
54761 
62953 
54764 
62956 
62958 
62961 
62965 
54779 
62972 
54783 
62976 
54790 
54794 
62986 
62989 
54801 
62994 
54804 
62997 
54809 
63002 
54813 
63007 
54820 
54824 
63016 
63019 
54831 
63024 
54834 
63027 
63032 
63036 
54849 
63043 
54854 
63048 
54863 
63058 
54867 
63063 
54874 
54878 
63072 
63075 
54885 
63080 
54889 
63083 
54896 
63088 
54899 
63093 
54904 
54908 
63102 
63105 
54915 
63110 
54919 
63113 
54926 
63118 
54929 
63122 
63129 
63134 
54944 
54949 
63147 
54958 
63150 
54962 
63155 
63158 
54969 
63163 
54973 
63168 
54980 
54983 
63177 
54988 
63180 
54992 
63185 
63188 
54999 
63193 
55003 
63197 
55010 
63204 
55013 
63209 
55028 
63222 
55032 
63225 
63230 
55039 
63233 
55043 
63238 
55050 
63243 
55053 
55058 
63252 
55062 
63255 
63260 
55069 
63263 
55073 
63268 
55080 
63272 
55083 
63279 
63284 
55098 
63294 
55103 
63298 
55112 
55116 
63308 
63311 
55123 
63316 
55127 
63319 
63324 
55134 
63329 
55138 
55145 
63338 
55148 
63341 
55153 
63346 
55157 
63349 
63354 
55164 
63358 
55168 
63365 
55175 
55178 
63370 
63380 
63384 
55193 
55197 
63391 
55204 
63396 
55208 
63405 
55215 
63408 
55218 
63413 
55223 
63416 
55227 
63421 
55234 
63426 
55238 
63435 
55245 
63438 
55248 
63443 
63446 
63451 
55263 
63455 
55267 
63462 
55274 
63467 
55278 
55285 
63477 
55288 
63481 
55293 
55297 
63491 
63494 
55304 
63499 
55308 
63502 
55315 
63507 
55318 
63512 
63521 
63524 
55333 
63529 
55338 
63532 
63537 
55347 
63541 
55351 
63548 
55358 
63553 
55362 
55369 
63563 
55373 
63567 
55380 
55383 
63575 
63578 
55388 
63583 
55392 
63586 
55399 
63591 
55403 
63596 
55410 
55413 
63605 
63608 
63613 
63616 
55428 
63621 
55432 
63625 
55439 
63632 
55443 
63637 
55450 
55453 
63647 
55458 
63651 
55462 
63658 
55469 
63662 
55473 
55480 
63672 
55483 
63675 
63680 
63683 
63688 
55498 
63693 
55503 
63702 
55512 
63705 
55516 
63710 
63713 
55523 
63718 
55527 
63722 
55534 
63729 
55538 
63734 
55545 
55548 
63744 
55553 
55557 
63749 
55564 
63758 
55568 
63761 
63766 
55575 
63769 
55578 
63774 
63779 
55593 
63788 
55598 
63791 
63796 
55607 
63799 
55611 
63804 
63808 
55618 
55622 
63815 
63820 
55629 
63833 
55642 
63836 
63841 
55650 
63844 
63849 
55659 
63854 
55663 
55667 
63863 
55674 
63866 
55679 
63871 
63874 
63879 
55688 
63883 
55692 
63890 
55699 
63895 
63908 
55719 
63911 
55722 
63916 
63919 
55728 
63924 
55733 
63929 
55742 
55746 
63938 
63941 
55753 
63946 
55757 
63949 
63954 
55764 
63958 
55767 
55772 
63965 
55777 
63970 
55786 
63980 
55789 
63984 
55794 
63994 
55804 
63997 
64002 
64005 
55818 
64010 
55821 
64015 
55827 
55831 
64024 
64027 
55838 
64032 
55842 
64035 
64040 
55849 
64044 
55854 
64051 
64056 
55867 
64066 
55876 
64070 
55880 
55885 
64077 
64082 
55894 
55899 
64091 
64094 
64099 
55908 
64102 
55912 
64107 
55919 
64112 
55923 
64121 
55930 
64124 
64129 
64132 
55943 
64137 
55948 
64141 
55954 
64148 
55959 
64153 
55968 
64163 
55973 
64167 
55982 
55985 
64177 
64180 
55990 
64185 
64188 
64193 
56002 
64198 
56012 
64207 
64210 
56022 
64215 
64218 
56027 
64223 
56033 
64227 
56037 
64234 
56044 
64239 
56049 
64249 
56058 
56061 
64253 
56066 
56069 
64261 
64264 
56074 
64269 
56079 
64272 
64277 
56088 
64282 
56098 
64291 
64294 
64299 
64302 
56112 
64307 
56118 
64311 
56122 
64318 
56127 
64323 
56136 
56140 
64333 
64337 
56147 
56152 
64344 
64348 
56161 
56164 
64358 
56169 
64361 
64366 
64369 
56179 
64374 
64379 
56189 
56194 
64388 
64391 
56200 
64396 
56205 
64399 
64404 
56214 
64408 
56218 
64415 
56225 
64420 
56229 
56236 
64430 
64435 
56246 
64444 
56255 
64447 
64452 
56263 
64455 
64460 
56272 
64465 
56276 
56280 
64474 
64477 
56287 
64482 
56292 
64485 
64490 
56301 
64494 
56305 
64501 
56312 
64506 
64519 
64522 
56332 
56335 
64527 
64530 
56341 
64535 
56346 
64540 
56355 
64549 
56359 
64552 
64557 
56366 
64560 
56370 
64565 
56377 
64569 
56380 
64576 
56385 
64581 
56390 
56399 
56402 
64594 
64597 
56407 
64602 
64605 
56417 
64610 
64614 
64621 
56431 
64624 
56434 
64629 
56440 
64632 
56444 
64637 
64640 
56451 
64645 
56455 
64650 
56462 
64658 
56467 
64661 
64666 
64669 
56480 
64674 
64676 
56489 
64684 
56493 
64688 
56498 
64695 
64698 
56507 
64703 
56512 
64706 
64711 
56521 
56525 
64719 
64723 
56532 
56536 
64730 
64734 
56543 
64741 
64744 
64746 
56556 
64749 
64751 
56561 
64755 
56567 
56572 
64765 
64769 
56581 
64776 
56586 
64780 
56595 
64787 
64788 
56598 
64791 
56603 
64797 
64801 
56615 
64808 
64812 
56625 
64819 
64822 
64824 
56635 
64827 
64829 
56640 
64835 
56646 
64841 
56650 
64844 
56657 
64849 
64852 
56662 
64857 
64859 
56671 
64865 
56674 
56679 
64873 
56682 
64877 
56687 
56692 
64884 
64885 
64888 
56701 
64893 
64895 
64899 
64902 
56711 
64907 
64909 
64912 
64914 
56725 
64919 
64922 
56731 
56735 
64927 
64930 
56740 
64937 
56749 
56753 
64945 
64949 
56760 
64956 
56765 
64959 
64964 
56774 
64967 
56777 
64972 
56782 
64980 
56792 
64984 
64991 
56802 
64995 
56807 
65002 
56813 
65005 
65007 
56818 
65010 
65012 
65016 
56827 
56831 
65026 
56838 
65030 
56842 
65037 
56849 
65041 
65048 
65049 
56859 
65052 
65058 
56868 
65062 
56876 
65069 
65073 
56885 
65080 
56889 
65083 
56893 
65085 
65088 
65090 
56900 
65096 
56905 
65102 
65105 
56914 
56918 
65110 
65113 
56925 
65118 
65120 
65126 
65134 
56945 
65138 
56948 
65145 
56954 
65146 
65149 
56959 
65154 
65156 
56968 
65160 
65163 
56972 
65168 
65170 
56979 
65173 
56983 
65175 
65180 
56990 
65183 
56993 
65188 
56998 
65191 
57003 
65198 
57012 
65206 
57015 
65210 
57020 
65217 
65220 
57030 
65225 
65228 
65233 
57044 
57047 
65241 
57053 
65245 
57057 
65252 
57064 
65256 
57068 
65263 
65266 
57075 
65268 
57079 
65271 
65273 
65277 
57089 
65287 
57098 
65291 
57102 
57105 
65298 
57110 
65302 
57114 
65309 
65310 
57121 
65313 
57125 
65319 
65320 
65321 
65322 
65323 
57132 
65325 
57136 
65329 
65332 
57143 
65337 
65338 
57147 
65339 
65340 
65342 
65345 
57154 
65348 
57158 
65353 
65355 
57165 
65358 
65360 
57169 
65363 
65366 
57176 
65371 
57180 
65373 
65376 
57187 
65379 
57191 
65384 
65387 
57198 
65392 
65393 
57202 
65394 
65396 
65399 
57209 
65402 
57213 
65407 
65409 
57220 
65412 
65414 
57224 
65417 
65420 
57231 
65425 
57235 
65427 
65430 
65432 
57242 
65435 
57246 
65438 
65443 
65444 
57253 
65446 
57257 
65449 
65454 
57264 
57268 
65462 
57275 
65467 
57279 
65472 
65473 
65474 
65475 
65477 
57286 
65480 
57290 
65482 
65485 
65487 
57297 
65491 
57301 
65499 
57308 
65502 
57312 
65507 
65508 
65509 
65510 
57319 
65512 
57323 
65515 
65518 
57330 
65523 
65525 
57335 
65528 
65530 
65533 
)

// ************************************************************************* //
