/*--------------------------------*- C++ -*----------------------------------*\
  =========                 |
  \\      /  F ield         | OpenFOAM: The Open Source CFD Toolbox
   \\    /   O peration     | Website:  https://openfoam.org
    \\  /    A nd           | Version:  10
     \\/     M anipulation  |
\*---------------------------------------------------------------------------*/
FoamFile
{
    format      ascii;
    class       volScalarField;
    location    "2000";
    object      k;
}
// * * * * * * * * * * * * * * * * * * * * * * * * * * * * * * * * * * * * * //

dimensions      [0 2 -2 0 0 0 0];

internalField   nonuniform List<scalar> 
8649
(
2.31098
2.32557
2.12494
2.03955
2.01138
2.00594
1.94063
2.34318
2.16749
2.12428
2.03821
2.00965
2.0039
1.93923
2.3607
1.94333
2.17608
2.12767
2.03799
1.90195
2.00829
2.0021
1.93798
1.84436
2.36856
2.37675
1.9458
2.18583
2.13413
2.03889
1.90093
2.00737
2.00066
1.93699
1.84381
2.38846
2.65606
2.39091
1.94967
2.07022
2.19594
2.14264
2.04064
1.90041
1.9025
2.00693
1.9997
1.93627
1.84332
2.40555
1.92964
2.67053
2.40313
1.95464
1.57496
1.77645
2.07601
2.20596
2.15235
2.04328
1.90044
1.69314
1.90211
2.00698
1.99929
1.93589
1.84292
2.42005
1.93856
2.68147
2.41352
1.96027
1.57428
1.77719
2.08228
2.2156
2.16257
2.04674
1.90099
1.69296
1.90204
2.00751
1.99935
1.93588
1.84265
2.43227
1.94711
2.68983
2.42228
1.96641
1.5737
1.77838
2.08866
2.22464
2.17276
2.05095
1.90208
1.69287
1.90229
2.00848
1.9999
1.93625
1.84254
2.44252
1.95532
2.69629
2.42965
1.97295
1.5733
1.77996
2.09502
2.23297
2.18258
2.05574
1.90358
1.69291
1.90286
2.00983
2.0009
1.93697
1.84258
2.45111
2.70134
2.43584
1.9797
1.57308
1.78184
2.10123
2.24053
2.19178
2.06103
1.90569
1.69304
1.90368
2.0115
2.00236
1.93818
1.84287
2.70536
2.44104
1.98664
1.57312
1.78393
2.10716
2.24732
2.20027
2.06651
1.90744
1.69333
1.90483
2.01348
2.00407
1.93917
1.84305
2.70859
2.44549
1.99335
1.57314
1.78614
2.11278
2.25341
2.20785
2.07235
1.91206
1.69347
1.9059
2.01547
2.00646
1.94215
1.84431
2.71127
2.44922
2.0021
2.11788
2.25884
2.21591
2.08114
1.91086
1.90844
2.01928
2.01252
1.94292
1.84643
2.44569
2.26727
2.22088
2.2488
2.29333
2.2991
2.33065
2.33477
2.35625
2.3592
2.37399
2.37619
2.3867
2.3884
2.39598
2.39733
2.40272
2.4038
2.40763
2.40852
2.41129
2.41205
2.4141
2.41476
2.41631
2.41692
2.41812
2.41869
2.41961
2.42015
2.43296
2.42323
2.29656
2.32069
2.17544
2.21866
2.17487
2.07485
2.3236
2.34247
2.22433
2.17752
2.07414
2.26024
2.18779
2.0754
2.34469
2.35894
1.81475
2.26467
2.19173
2.07663
2.29162
2.20458
2.08302
2.36058
1.82866
2.37127
1.86289
2.29491
2.20907
2.08565
2.31492
2.22265
2.09534
2.3725
1.87554
2.38067
1.90595
2.31739
2.22721
2.09881
2.33235
2.24037
2.11025
2.38161
1.91704
2.388
1.94312
2.33422
2.24469
2.11411
2.34534
2.25681
2.12607
2.38873
1.95266
2.39381
1.97454
2.34673
2.26076
2.12998
2.3549
2.27156
2.14164
2.39437
1.98266
2.39847
2.00074
2.35594
2.27508
2.14538
2.36194
2.28451
2.15629
2.39891
2.00765
2.40227
2.02242
2.36274
2.2876
2.15977
2.3672
2.29572
2.16972
2.40262
2.02831
2.40541
2.04031
2.36781
2.2984
2.17289
2.37118
2.30531
2.18182
2.40568
2.04534
2.40805
2.05505
2.37167
2.30762
2.18466
2.37425
2.31345
2.19259
2.40826
2.05937
2.41028
2.06732
2.37465
2.31544
2.19513
2.37667
2.32026
2.20207
2.41046
2.07112
2.41213
2.07745
2.37702
2.32196
2.20435
2.37868
2.32597
2.20997
2.41221
2.08072
2.4057
2.08885
2.37906
2.32827
2.21303
2.36126
2.33527
2.21635
2.39951
2.36541
2.35518
2.35137
2.33245
2.21419
2.42309
2.26921
2.45241
2.2759
2.50042
2.47803
2.51987
2.3137
2.53683
2.31859
2.5644
2.55155
2.57555
2.34466
2.58533
2.34814
2.60144
2.59389
2.60806
2.3659
2.61396
2.36843
2.62393
2.61921
2.62815
2.38085
2.63198
2.38277
2.63859
2.63544
2.64143
2.39171
2.64405
2.39322
2.64862
2.64643
2.65061
2.39962
2.65245
2.40082
2.65572
2.65415
2.65716
2.40536
2.65851
2.40634
2.66093
2.65976
2.66201
2.40959
2.66304
2.41041
2.66491
2.664
2.66575
2.41278
2.66656
2.41349
2.66805
2.66732
2.66872
2.41526
2.66938
2.4159
2.6706
2.67
2.67116
2.41726
2.67171
2.41784
2.67272
2.67223
2.67318
2.41892
2.67365
2.41947
2.67475
2.67323
2.66027
2.41975
2.67809
2.41956
1.98778
2.62355
1.46234
2.32151
2.18726
2.18407
2.33874
2.1822
2.18163
2.35646
1.93595
2.18226
1.94385
1.95024
2.18389
1.94672
2.37294
1.96489
2.18651
1.95045
1.97975
2.1898
1.95521
2.38759
1.99442
2.19384
1.9606
2.00885
2.19826
1.96662
2.40028
2.02277
2.20321
1.97304
2.03621
2.20827
1.97978
2.41112
2.04896
2.21368
1.98673
2.06112
2.21903
1.99376
2.42026
2.07253
2.22458
2.00087
2.08333
2.22994
2.00788
2.42796
2.09338
2.2354
2.01487
2.10286
2.24062
2.02166
2.43441
2.11164
2.24585
2.02838
2.11987
2.25078
2.03478
2.43984
2.12745
2.25567
2.04105
2.13462
2.26035
2.04724
2.44444
2.14137
2.26496
2.05321
2.14747
2.26884
2.05817
2.44836
2.15291
2.27256
2.0632
2.15919
2.2796
2.07338
2.44839
2.16395
2.28719
2.08361
2.29867
2.72878
2.32134
2.25569
2.73414
2.34274
2.28798
2.75791
2.41477
2.75371
2.39909
2.76057
2.41835
2.30397
2.76445
2.43256
2.32706
2.78079
2.47272
2.77772
2.46152
2.78244
2.47236
2.33799
2.78529
2.48286
2.35393
2.79652
2.50658
2.79421
2.49767
2.79747
2.50425
2.3613
2.79964
2.51278
2.37247
2.8076
2.52776
2.80575
2.52016
2.80811
2.52445
2.37756
2.80987
2.53182
2.3857
2.81586
2.54184
2.81429
2.53506
2.81611
2.53795
2.38931
2.81762
2.54458
2.39535
2.82233
2.55129
2.82095
2.54506
2.82239
2.54698
2.39788
2.82372
2.5531
2.40237
2.82746
2.55755
2.82624
2.55166
2.82738
2.55294
2.4041
2.82857
2.55877
2.40747
2.83157
2.5618
2.83045
2.55611
2.83137
2.55699
2.40865
2.83247
2.56266
2.41126
2.83494
2.56483
2.8339
2.55924
2.83466
2.55988
2.41206
2.83569
2.56546
2.41415
2.83779
2.56709
2.8368
2.56155
2.83745
2.56203
2.4147
2.83844
2.56757
2.41642
2.84027
2.56884
2.83931
2.56332
2.83989
2.56371
2.4168
2.84084
2.56922
2.41827
2.84248
2.57025
2.84154
2.56474
2.84207
2.56505
2.41853
2.84299
2.57055
2.41983
2.84444
2.57104
2.84354
2.56562
2.84396
2.56523
2.41978
2.8447
2.56733
2.43211
2.87762
2.28899
2.86303
2.55748
2.99752
2.24264
2.40187
3.12889
2.20774
2.30755
2.53427
2.55853
2.31084
2.60166
2.58091
2.02513
2.19445
2.05593
1.99078
2.0683
1.97622
2.07485
2.20052
2.11081
2.08445
2.00585
2.09018
2.08217
2.02125
2.3323
2.62072
2.63841
2.33487
2.66976
2.65467
2.13497
2.24075
2.15715
2.05206
2.09863
2.03669
2.10746
2.24587
2.19586
2.17736
2.06715
2.12532
2.11636
2.08192
2.3513
2.6836
2.69647
2.35322
2.71929
2.70828
2.21265
2.27709
2.22799
2.11001
2.13424
2.0962
2.1431
2.28091
2.25463
2.2419
2.12322
2.16039
2.15182
2.1359
2.36554
2.72936
2.73877
2.36697
2.7555
2.74741
2.26615
2.30413
2.2767
2.1594
2.16874
2.14793
2.17689
2.30697
2.29508
2.28628
2.1702
2.19241
2.18477
2.18046
2.37627
2.76288
2.76983
2.37735
2.7822
2.77619
2.30305
2.32426
2.31038
2.19918
2.19975
2.19008
2.20683
2.3264
2.32319
2.31704
2.20769
2.22009
2.2136
2.21572
2.38455
2.78767
2.79285
2.38538
2.80212
2.7976
2.32875
2.33934
2.33391
2.23027
2.22616
2.22321
2.23196
2.34095
2.34292
2.33858
2.23683
2.24256
2.23738
2.24302
2.39107
2.80622
2.81015
2.39172
2.81719
2.81374
2.34684
2.35048
2.35049
2.25415
2.2474
2.24875
2.25203
2.35168
2.3569
2.3538
2.25915
2.26046
2.25634
2.26387
2.39626
2.8203
2.82332
2.39677
2.82875
2.82608
2.3597
2.35868
2.36231
2.27232
2.26429
2.26822
2.26796
2.35959
2.36691
2.36469
2.2761
2.27463
2.27136
2.27968
2.40047
2.83116
2.83352
2.40087
2.83777
2.83566
2.36894
2.36476
2.37082
2.28607
2.27765
2.28296
2.28055
2.36546
2.37416
2.37255
2.28893
2.28582
2.28324
2.29164
2.40391
2.83966
2.84153
2.40423
2.84492
2.84323
2.37564
2.36932
2.37702
2.29647
2.28821
2.29411
2.29051
2.36987
2.37947
2.37828
2.29862
2.29468
2.29263
2.30068
2.40678
2.84642
2.84793
2.40704
2.85067
2.8493
2.38055
2.37281
2.38157
2.30433
2.29657
2.30255
2.29839
2.37325
2.38338
2.3825
2.30596
2.30171
2.30007
2.30752
2.4092
2.85189
2.85313
2.40941
2.85539
2.85424
2.38418
2.37553
2.38494
2.3103
2.30321
2.30894
2.30467
2.3759
2.38629
2.38564
2.31154
2.30734
2.30602
2.31271
2.41131
2.85641
2.85753
2.41147
2.8599
2.85863
2.38687
2.37772
2.38743
2.31478
2.30855
2.31377
2.30974
2.37808
2.38834
2.38754
2.31553
2.3118
2.31083
2.31664
2.41248
2.86209
2.86448
2.41261
2.8447
2.86872
2.38398
2.37927
2.39062
2.32045
2.31277
2.31584
2.31325
2.37952
2.18313
2.34093
2.29484
2.29208
2.31388
2.2343
2.6636
2.17
2.18965
2.28339
2.21096
2.26284
2.74282
2.37028
2.73789
2.35063
2.28175
2.74617
2.37658
2.75073
2.39409
2.30928
2.77041
2.44787
2.76682
2.43485
2.32257
2.77253
2.44911
2.77585
2.46115
2.34177
2.78938
2.49176
2.78673
2.48187
2.35073
2.79064
2.49025
2.79312
2.49962
2.36402
2.8025
2.51831
2.80045
2.51014
2.37012
2.8032
2.51541
2.80515
2.52328
2.37961
2.81199
2.53549
2.8103
2.52834
2.38389
2.81236
2.53186
2.81399
2.53882
2.39091
2.81928
2.54705
2.81781
2.54057
2.39393
2.81943
2.54293
2.82085
2.54928
2.39914
2.82504
2.55474
2.82374
2.5487
2.40123
2.82502
2.55026
2.82629
2.55621
2.40512
2.82962
2.55987
2.82845
2.5541
2.40654
2.82948
2.55515
2.83063
2.56088
2.4095
2.83332
2.56344
2.83225
2.5578
2.41047
2.83309
2.55855
2.83416
2.56416
2.41279
2.83641
2.56604
2.8354
2.56048
2.41346
2.83611
2.56103
2.83712
2.56659
2.41535
2.83906
2.56802
2.83809
2.56249
2.4158
2.83871
2.56292
2.83968
2.56845
2.41739
2.84139
2.56959
2.84045
2.56407
2.4177
2.841
2.56441
2.84195
2.56993
2.41908
2.84349
2.57082
2.84256
2.56533
2.4193
2.84304
2.56555
2.844
2.57084
2.42012
2.84473
2.56761
2.84378
2.5624
2.42182
2.84093
2.55985
2.83644
2.55892
2.19492
2.52685
2.54871
2.11492
2.0954
2.47054
2.19845
2.21118
2.60791
2.62544
2.18614
2.51275
2.16953
2.52555
2.23102
2.21572
2.2466
2.2302
2.67138
2.6846
2.24414
2.56024
2.2309
2.57057
1.87457
1.94118
2.3631
2.011
1.88494
1.94123
2.25147
2.23501
2.26597
2.24946
2.71854
2.72814
2.28949
2.59828
2.27925
2.60646
2.01088
1.89544
1.94169
2.3837
2.01115
1.90637
1.94257
2.27036
2.25408
2.28318
2.26745
2.75254
2.75938
2.32426
2.62829
2.31645
2.63472
2.01168
1.91714
1.94376
2.40148
2.01255
1.92807
1.94531
2.24077
2.27341
2.66735
2.24703
2.28375
2.287
2.27165
2.29804
2.28352
2.77672
2.78158
2.35065
2.6518
2.34474
2.65681
2.01362
1.93863
1.94709
2.41661
2.01497
1.94914
1.94915
2.60758
1.8615
2.07265
1.93654
2.61688
1.86317
2.07677
2.25312
2.28687
2.67907
2.25894
2.29587
2.30128
2.28721
2.31065
2.29749
2.79394
2.79743
2.37061
2.67012
2.36614
2.67401
2.01647
1.95917
1.95135
2.42938
1.96902
1.95378
2.61948
1.86495
2.08078
1.94519
2.62663
1.86682
2.08469
2.26454
2.29857
2.688
2.26984
2.30632
2.31338
2.30068
2.32128
2.30945
2.80633
2.80885
2.38569
2.68436
2.38232
2.68737
1.97832
1.95626
2.4401
1.98735
1.95893
2.62861
1.86876
2.08846
1.95348
2.63417
1.87076
2.0921
2.27489
2.30864
2.69488
2.27963
2.31525
2.32357
2.31218
2.33021
2.31958
2.81536
2.81723
2.39711
2.69539
2.39456
2.69772
1.99586
1.96164
2.44907
2.00406
1.9645
2.6357
1.8728
2.09557
1.96144
2.64007
1.87488
2.09891
2.28412
2.31722
2.70025
2.28832
2.32285
2.33212
2.32191
2.3377
2.32811
2.82206
2.82347
2.40579
2.70394
2.40385
2.70574
2.01169
1.96726
2.01898
1.97015
2.64125
2.10208
2.64473
2.10511
2.29228
2.32451
2.7045
2.29596
2.32928
2.33929
2.33007
2.34399
2.33522
2.82713
2.82819
2.41239
2.71057
2.41092
2.71197
2.02597
1.97328
2.03266
1.97648
2.64567
2.10797
2.64849
2.1107
2.29942
2.33067
2.70791
2.30264
2.33473
2.3453
2.33686
2.34927
2.34109
2.83103
2.83186
2.41745
2.71572
2.41632
2.7168
2.03823
1.97839
2.04349
1.98056
2.64923
2.11329
2.65156
2.11567
2.30567
2.33592
2.71071
2.30845
2.33942
2.35037
2.34247
2.35378
2.34596
2.83404
2.83471
2.42131
2.71971
2.42042
2.72054
2.05225
1.98884
2.06031
1.99583
2.31107
2.34039
2.71069
2.31425
2.34589
2.35472
2.34725
2.36053
2.35358
2.83106
2.8326
2.43435
2.72124
2.42274
2.71987
2.66337
2.73375
2.68772
2.70141
2.58902
2.71569
2.38338
2.72297
2.38216
2.71018
2.2723
2.58928
2.56953
2.13388
2.4993
2.48521
2.15212
2.65715
2.64183
2.20193
2.54929
2.53773
2.21686
2.39696
2.38099
2.68786
1.80377
1.90436
2.15388
1.88687
2.13706
2.70524
2.70813
2.69683
2.25662
2.58958
2.58035
2.26832
2.41202
2.42611
2.7355
1.92135
2.16906
1.83942
2.72086
1.9372
2.18362
2.45176
2.43937
2.74859
1.85268
1.96677
2.20907
1.95253
2.19658
2.76092
2.74508
2.73697
2.29911
2.62145
2.61418
2.30809
2.46339
2.47425
2.78232
1.98052
2.22028
1.88522
2.77189
1.99326
2.23113
2.49395
2.48444
2.79155
1.89701
2.01686
2.25005
2.00554
2.24071
2.8004
2.77143
2.76567
2.33158
2.64645
2.64076
2.3384
2.50286
2.51115
2.81578
2.02779
2.2584
1.92536
2.8082
2.03785
2.26659
2.52618
2.51894
2.82242
1.93557
2.05643
2.28086
2.04755
2.27377
2.82894
2.79016
2.78606
2.3562
2.66596
2.66153
2.36136
2.53298
2.53928
2.84028
2.06505
2.28719
1.95961
2.83462
2.0729
2.29349
2.55074
2.54523
2.8452
1.96832
2.08745
2.30445
2.08054
2.29896
2.85013
2.80359
2.80064
2.37481
2.68112
2.67768
2.37871
2.55594
2.56074
2.85875
2.09422
2.30934
1.98834
2.8544
2.10033
2.31428
2.56953
2.56532
2.86249
1.99573
2.11169
2.32287
2.10632
2.31853
2.86634
2.81335
2.81119
2.38888
2.69288
2.69022
2.39183
2.57354
2.57723
2.87308
2.11701
2.32672
2.01219
2.86964
2.12176
2.33068
2.58403
2.58078
2.87601
2.01846
2.13064
2.33752
2.12648
2.33403
2.87909
2.82057
2.81896
2.39954
2.702
2.69993
2.40178
2.58715
2.59001
2.88448
2.13484
2.34059
2.03189
2.88169
2.13852
2.34381
2.59532
2.59279
2.88681
2.03723
2.1455
2.34935
2.14226
2.34649
2.88934
2.82599
2.82477
2.40764
2.70906
2.70745
2.40934
2.59779
2.60003
2.89373
2.14883
2.35183
2.04812
2.89142
2.1517
2.35448
2.60423
2.60224
2.89561
2.0527
2.15717
2.35903
2.15467
2.35666
2.89772
2.83016
2.82922
2.41381
2.71455
2.7133
2.41512
2.60621
2.60797
2.90133
2.15984
2.36103
2.06147
2.89941
2.16207
2.36321
2.61136
2.60979
2.90287
2.06551
2.16648
2.36707
2.16449
2.36505
2.90467
2.83339
2.83265
2.41854
2.71881
2.71784
2.41954
2.61302
2.61442
2.90784
2.16866
2.36875
2.07269
2.90609
2.17038
2.37063
2.90941
2.07619
2.17384
2.37398
2.17234
2.37221
2.91159
2.83633
2.83515
2.42203
2.72215
2.72131
2.42352
2.91783
2.17622
2.37656
2.08212
2.91699
2.17796
2.3783
2.91927
2.08745
2.19737
2.39274
2.19162
2.39701
2.89347
2.51777
2.79657
2.42396
2.71573
2.72588
2.38895
2.64472
2.67597
2.67212
2.6531
2.47516
2.49314
2.37152
2.36837
2.4815
2.49052
2.36986
2.60624
2.60945
2.69831
2.68746
2.61503
2.61207
2.69782
2.70824
2.62486
2.62233
2.71546
2.72517
2.61742
2.62016
2.71715
2.70711
2.62683
2.62917
2.73239
2.72297
2.63314
2.63096
2.72974
2.7389
2.64018
2.63828
2.74137
2.75011
2.63477
2.63681
2.74478
2.73585
2.64152
2.64331
2.75497
2.7464
2.64619
2.64452
2.75098
2.7594
2.65137
2.64988
2.75902
2.76719
2.64731
2.64889
2.76346
2.75517
2.65229
2.6537
2.77063
2.76256
2.65586
2.65452
2.76582
2.77381
2.65979
2.65857
2.77165
2.7795
2.65662
2.6579
2.77676
2.76885
2.66041
2.66159
2.78205
2.77427
2.66327
2.66214
2.77671
2.78444
2.6664
2.66535
2.78114
2.78878
2.66379
2.66489
2.78667
2.779
2.66684
2.66786
2.79077
2.78317
2.66925
2.66825
2.78508
2.79264
2.67186
2.67091
2.7886
2.79611
2.66961
2.67059
2.79442
2.78689
2.67217
2.6731
2.79772
2.79024
2.67429
2.67337
2.7918
2.79926
2.67655
2.67567
2.79471
2.80212
2.67455
2.67545
2.80072
2.79329
2.67676
2.67762
2.80347
2.79607
2.67865
2.6778
2.79738
2.80476
2.68063
2.6798
2.79985
2.8072
2.67882
2.67967
2.806
2.79864
2.68076
2.68158
2.80835
2.80102
2.68249
2.68168
2.80214
2.80946
2.68425
2.68347
2.80427
2.81157
2.68259
2.68339
2.81053
2.80323
2.68432
2.6851
2.81257
2.80529
2.68591
2.68514
2.80626
2.81353
2.6875
2.68675
2.80812
2.81537
2.68596
2.68673
2.81446
2.80721
2.68752
2.68826
2.81624
2.80901
2.689
2.68826
2.80987
2.81709
2.69043
2.68971
2.81151
2.81872
2.689
2.68973
2.81792
2.8107
2.69041
2.69112
2.8195
2.8123
2.69179
2.69108
2.81307
2.82026
2.69314
2.69242
2.81455
2.82172
2.69176
2.69248
2.821
2.81382
2.69306
2.69379
2.82243
2.81527
2.69441
2.69369
2.81598
2.82315
2.69544
2.6948
2.81744
2.8246
2.69427
2.69497
2.82386
2.81671
2.69517
2.69571
2.82541
2.81805
2.69564
2.6953
2.81883
2.82591
2.65583
2.67249
2.80769
2.82931
2.69433
2.68951
2.81795
2.81596
2.65485
2.67271
2.81721
2.8017
2.17009
2.17005
2.09043
2.10793
2.17121
2.08921
2.10601
2.59955
2.62101
2.59137
2.62932
2.17344
2.08854
2.10473
2.17151
2.17654
2.08849
2.10404
1.90143
2.35173
1.91164
1.83306
1.82865
1.89824
2.62772
2.65133
2.62136
2.65773
2.18034
2.08884
2.10389
2.18087
2.18454
2.08977
2.10431
1.9398
2.37375
1.9486
1.84937
1.90863
1.84465
1.91221
2.64939
2.67462
2.64453
2.67951
2.18904
2.09094
2.10512
2.19086
2.19378
2.0926
2.10644
1.97277
2.39293
1.98025
1.86608
1.92225
1.86131
1.92568
2.42504
2.63194
2.35185
2.66014
2.4213
2.63462
2.35621
2.66576
2.69237
2.66212
2.69607
2.19866
2.09438
2.10801
2.20097
2.20364
2.09657
2.11002
2.00071
2.40935
2.00699
1.88239
1.93515
1.87775
1.93837
2.43759
2.64129
2.36797
2.67362
2.43471
2.64322
2.37142
2.67795
2.70579
2.67525
2.70858
2.20863
2.09878
2.11216
2.21083
2.21361
2.10132
2.11466
2.02414
2.42326
2.02937
1.89786
1.94716
1.89343
1.95014
2.44736
2.64812
2.38081
2.68384
2.44511
2.64958
2.38355
2.68684
2.71591
2.68495
2.71801
2.21851
2.10379
2.1172
2.22019
2.22331
2.10654
2.12001
2.04363
2.43497
2.04795
1.91221
1.90805
2.455
2.65326
2.39105
2.69167
2.45323
2.65439
2.39321
2.69264
2.72355
2.69144
2.72513
2.22797
2.10915
2.12277
2.22888
2.23249
2.11198
2.12575
2.05973
2.44478
2.0633
1.92531
1.92143
2.46102
2.65723
2.39923
2.69773
2.45962
2.65813
2.40094
2.69654
2.72932
2.69572
2.73052
2.23683
2.11464
2.12862
2.23683
2.241
2.11747
2.13165
2.073
2.07593
1.93714
1.93355
2.46579
2.66037
2.40578
2.7025
2.46468
2.6611
2.40714
2.69933
2.73373
2.69874
2.73464
2.24495
2.12008
2.1345
2.24401
2.24873
2.12281
2.13746
2.08389
2.0863
1.94769
1.94438
2.46961
2.66289
2.41107
2.7063
2.46872
2.66349
2.41214
2.70142
2.73714
2.70099
2.73784
2.25229
2.12539
2.14028
2.25045
2.25566
2.12804
2.14315
2.09299
2.09499
1.95732
1.95424
2.4727
2.66498
2.41536
2.70937
2.47198
2.66548
2.41621
2.70307
2.73981
2.70273
2.74037
2.25881
2.13031
2.14563
2.25612
2.26175
2.13263
2.14817
2.47527
2.66675
2.41884
2.71191
2.47464
2.66703
2.41961
2.70414
2.742
2.70408
2.74258
2.2649
2.13595
2.1516
2.26273
2.26852
2.13983
2.15709
2.49989
2.50125
2.52578
2.51323
2.51451
2.52691
2.53755
2.5486
2.54951
2.53859
2.56869
2.55897
2.55979
2.56938
2.5778
2.58635
2.58684
2.57841
2.3532
2.35332
2.23269
2.23639
2.34525
2.36077
2.23882
2.60729
2.64446
2.63715
2.61453
2.60188
2.59436
2.59477
2.60215
2.36095
2.24136
2.37484
2.25041
2.36803
2.2445
2.36821
2.25875
2.26159
2.26022
2.24158
1.98156
1.9809
2.2415
2.35754
1.9308
1.9213
1.83649
1.90527
1.90164
1.84111
2.60892
2.61553
2.61558
2.60911
2.38183
2.38146
2.25592
2.25655
2.37525
2.38766
2.26162
2.63371
2.66936
2.66376
2.63929
2.62754
2.62173
2.62167
2.62732
2.38819
2.26117
2.39926
2.27212
2.39367
2.2668
2.39409
2.26313
2.26455
2.24149
1.98193
2.24142
1.98268
2.26761
2.26615
2.24156
1.98401
1.98316
2.24176
2.37887
1.96507
1.95694
1.85297
1.91903
1.91552
1.85774
2.63299
2.63809
2.63757
2.63264
2.40504
2.40465
2.27701
2.27491
2.39977
2.40967
2.28201
2.65395
2.68837
2.68411
2.65816
2.64737
2.64289
2.64221
2.6465
2.41009
2.27898
2.41897
2.29106
2.41451
2.28648
2.41474
2.26923
2.2707
2.24232
1.98458
2.24198
1.98551
2.32824
2.27381
2.27233
2.24267
1.98717
1.98617
2.24313
2.39735
1.9942
1.98734
1.8696
1.93213
1.9288
1.87433
2.40782
2.75414
2.66292
2.40442
2.75647
2.667
2.42842
2.66381
2.63925
2.36421
2.637
2.36036
2.43167
2.41107
2.76059
2.67445
2.75861
2.67087
2.41403
2.65157
2.6555
2.65424
2.65052
2.4233
2.42328
2.29521
2.29095
2.4192
2.42725
2.29946
2.66917
2.70277
2.69955
2.67231
2.66263
2.65918
2.65772
2.66093
2.42724
2.29443
2.43461
2.30705
2.4311
2.30321
2.43082
2.32858
2.32837
2.27542
2.27689
2.24418
1.98791
2.24361
1.98897
2.32878
2.32907
2.27993
2.27848
2.24477
1.9909
1.98978
2.24546
2.5027
2.5056
2.76244
2.76438
2.51095
2.50833
2.76781
2.76613
2.41311
2.0187
2.01296
1.88571
1.94438
1.94127
1.89027
2.09419
2.24985
2.32349
2.61094
2.09155
2.2525
2.32688
2.09678
2.61392
2.25727
2.33324
2.25492
2.33022
2.09921
2.41948
2.76241
2.67783
2.41688
2.76411
2.68096
2.44022
2.67638
2.64662
2.37779
2.64496
2.37475
2.44274
2.42197
2.76715
2.68666
2.76568
2.68392
2.42424
2.66585
2.66885
2.6667
2.66393
2.43742
2.43802
2.31051
2.30465
2.43427
2.44114
2.31405
2.68048
2.71363
2.71121
2.68278
2.6743
2.67168
2.66928
2.67165
2.44045
2.30759
2.44692
2.32032
2.44417
2.31714
2.44319
2.32971
2.32935
2.28149
2.28291
2.24691
1.99177
2.24614
1.99294
2.51343
2.51581
2.76933
2.77081
2.52023
2.51806
2.77346
2.77215
2.42643
2.03911
2.03434
1.90089
1.95565
1.95279
1.9052
2.1038
2.25942
2.33624
2.62207
2.10158
2.26151
2.33894
2.10599
2.62434
2.26528
2.34405
2.26341
2.34164
2.10803
2.42842
2.76851
2.68926
2.42643
2.76979
2.69165
2.44941
2.68593
2.65214
2.38862
2.65087
2.38622
2.45137
2.43035
2.77211
2.69602
2.77098
2.69392
2.43208
2.67676
2.67905
2.6759
2.67387
2.44823
2.44961
2.32315
2.31624
2.44584
2.45205
2.32609
2.68857
2.72182
2.72
2.69005
2.68321
2.68121
2.6778
2.67953
2.45054
2.3187
2.4566
2.3312
2.45445
2.3286
2.45259
2.52229
2.52429
2.77463
2.7758
2.52801
2.52617
2.77789
2.77685
2.43762
2.056
2.05207
1.9149
1.91893
2.1119
2.26697
2.34648
2.63063
2.11004
2.26863
2.34862
2.11376
2.63237
2.27164
2.35273
2.27014
2.35082
2.11546
2.43531
2.77316
2.69801
2.43378
2.77415
2.69984
2.45661
2.69326
2.65637
2.39726
2.65538
2.39536
2.45814
2.43681
2.77597
2.7032
2.77508
2.70159
2.43815
2.68508
2.68682
2.68261
2.68114
2.45638
2.45872
2.33351
2.32599
2.45459
2.46064
2.33591
2.69378
2.72801
2.72663
2.69476
2.68998
2.68846
2.68398
2.6852
2.45811
2.32804
2.46422
2.34005
2.46253
2.33793
2.45964
2.52976
2.53146
2.77883
2.77978
2.53465
2.53307
2.78149
2.78062
2.447
2.06993
2.06669
1.92765
1.93139
2.11872
2.27299
2.35471
2.63729
2.11717
2.27433
2.35641
2.1203
2.63864
2.27676
2.35972
2.27554
2.3582
2.12173
2.44066
2.7768
2.70473
2.43947
2.77759
2.70614
2.46229
2.69897
2.65969
2.40418
2.6589
2.40268
2.4635
2.44183
2.77906
2.70873
2.77835
2.70749
2.44287
2.69139
2.69272
2.68723
2.6863
2.46248
2.4659
2.3419
2.33416
2.46115
2.4674
2.34386
2.69736
2.73271
2.73167
2.69804
2.69511
2.69396
2.68811
2.68884
2.46381
2.33587
2.47024
2.34721
2.46891
2.34548
2.46495
2.78225
2.08136
2.07871
1.93912
1.94256
2.12449
2.27785
2.36133
2.64253
2.12318
2.27894
2.36268
2.12584
2.64358
2.28095
2.36536
2.27993
2.36415
2.12704
2.44483
2.77973
2.70993
2.44391
2.78038
2.71101
2.46681
2.70346
2.66235
2.40975
2.6617
2.40857
2.46778
2.44575
2.78158
2.71303
2.781
2.71207
2.44657
2.69618
2.69718
2.69014
2.68955
2.46711
2.47158
2.3487
2.34102
2.46611
2.47277
2.3503
2.69994
2.73634
2.73554
2.70045
2.699
2.69812
2.69073
2.69122
2.46814
2.34244
2.47502
2.35301
2.47397
2.3516
2.469
2.09089
2.08865
1.94944
1.95271
2.12939
2.28183
2.36669
2.64671
2.12829
2.28274
2.36776
2.13056
2.64754
2.2844
2.36994
2.28356
2.36898
2.13158
2.44811
2.78214
2.71396
2.44739
2.78268
2.7148
2.47043
2.70706
2.66453
2.41427
2.66399
2.41332
2.47121
2.44885
2.78368
2.71637
2.7832
2.71563
2.44948
2.69981
2.70058
2.69214
2.69173
2.47066
2.4761
2.3542
2.34675
2.4699
2.47704
2.35551
2.70191
2.73917
2.73855
2.70229
2.70198
2.7013
2.69258
2.69294
2.47147
2.34794
2.47885
2.35775
2.47802
2.35658
2.47214
2.78766
2.78828
2.7894
2.78882
2.1336
2.28514
2.37106
2.65011
2.13267
2.28591
2.37192
2.13455
2.65078
2.28727
2.37357
2.28658
2.37287
2.13536
2.4507
2.78417
2.71711
2.45016
2.78462
2.71777
2.47338
2.70998
2.66635
2.41796
2.6659
2.4172
2.47404
2.45131
2.78548
2.71901
2.78508
2.71844
2.45178
2.7026
2.70321
2.69366
2.69333
2.47346
2.47974
2.35872
2.35161
2.47286
2.48049
2.35981
2.70347
2.74145
2.74094
2.70376
2.70429
2.70375
2.69401
2.69424
2.47411
2.35263
2.48196
2.36164
2.48129
2.36067
2.47462
2.45291
2.78594
2.71963
2.45235
2.78627
2.72026
2.66331
2.4235
2.47751
2.47646
2.71213
2.6667
2.42118
2.78108
2.71986
2.45532
2.45399
2.78624
2.72116
2.70434
2.70348
2.6936
2.69426
2.47575
2.48274
2.36242
2.35587
2.47522
2.48345
2.36337
2.74226
2.70043
2.7036
2.74319
2.68867
2.6981
2.68587
2.69129
2.4874
2.36708
2.47814
2.47691
2.35777
2.48496
2.3651
2.31413
2.24584
2.23881
2.25638
2.23874
2.14507
2.14233
2.12704
2.09582
2.32988
2.28629
2.24155
2.29585
2.24357
2.15886
2.15476
2.09262
2.08316
2.05698
2.12404
2.09048
2.08058
2.05452
2.34768
2.32218
2.25143
2.33041
2.25471
2.17613
2.17148
2.08947
2.07859
2.05249
2.12552
2.08949
2.0771
2.05083
2.36491
2.35277
2.2653
2.35969
2.26915
2.19455
2.18981
2.09032
2.07618
2.04966
2.13058
2.09193
2.07579
2.04891
2.38051
2.37838
2.28077
2.38415
2.28473
2.21279
2.20823
2.09425
2.07589
2.04863
2.13819
2.09723
2.07651
2.0488
2.39418
2.39969
2.29628
2.4045
2.30006
2.23013
2.22587
2.16061
1.95182
2.06792
2.07306
2.16395
1.95239
2.06886
2.10075
2.07751
2.04938
2.1474
2.10474
2.07899
2.05041
1.70665
1.69122
1.70825
1.69102
2.02625
2.15122
1.83413
1.93208
2.02382
2.15419
1.83559
2.40592
2.41738
2.31086
2.42139
2.31431
2.24615
2.24226
1.9457
1.69416
1.86579
1.77674
1.94748
1.69394
1.86612
2.16746
1.95312
2.06994
2.07915
2.17104
1.95414
2.07137
2.1091
2.08072
2.05176
2.15744
2.11376
2.08286
2.05352
1.71019
1.69102
1.71248
1.69129
2.03524
2.16212
1.84014
1.94091
2.0331
2.16464
1.84165
2.41588
2.43208
2.32404
2.43542
2.32711
2.26068
2.25719
1.94936
1.69396
1.8666
1.77771
1.95138
1.69389
1.86722
2.17469
1.95524
2.07286
2.0855
2.17834
1.9566
2.07465
2.11861
2.08515
2.05551
2.1677
2.12362
2.08776
2.05784
1.71505
1.69173
1.71791
1.69242
2.04321
2.17137
1.84634
1.94937
2.04132
2.17353
1.84787
2.42428
2.4443
2.3357
2.4471
2.33838
2.2737
2.27058
1.95343
1.69405
1.86795
1.77911
1.95559
1.69412
1.8688
2.18199
1.95799
2.07644
2.09188
2.18557
1.9596
2.07849
2.12869
2.09043
2.06031
2.17774
2.1338
2.09334
2.06306
1.72099
1.69327
1.7243
1.69437
2.05028
2.1793
1.85265
1.95749
2.04861
2.18117
1.85419
2.43133
2.45449
2.34589
2.45683
2.3482
2.28525
2.2825
1.95773
1.69442
1.86974
1.78084
1.95994
1.69463
1.87078
2.18911
1.9612
2.08049
2.09818
2.19255
1.96299
2.08269
2.13886
2.09622
2.06586
2.18727
2.14388
2.09928
2.06887
2.43725
2.46303
2.35471
2.465
2.3567
2.29546
2.29304
1.96211
1.69504
1.87186
1.78283
1.96429
1.69533
1.87302
2.19591
1.96471
2.0848
2.10426
2.19914
1.96658
2.08706
2.1488
2.10229
2.0719
2.19614
2.15362
2.10541
2.07509
2.44223
2.47021
2.36232
2.47185
2.36403
2.30445
2.30232
1.96641
1.6959
1.87423
1.78503
1.96856
1.69631
1.87549
2.20227
1.96844
2.08926
2.11005
2.2053
1.97041
2.09157
2.15827
2.10826
2.07805
2.20409
2.16272
2.11116
2.08111
2.44653
2.47637
2.36893
2.47783
2.37039
2.31249
2.3106
1.9706
1.69672
1.8766
1.7871
1.97255
1.69694
1.8777
2.20819
1.97199
2.09358
2.11534
2.21086
1.97368
2.09565
2.16707
2.1145
2.08458
2.21141
2.17113
2.11804
2.08853
2.44986
2.48209
2.37457
2.48409
2.37615
2.32102
2.31854
2.21361
1.97631
2.09839
2.1216
2.21733
1.97978
2.10205
2.17614
2.11938
2.08906
2.21818
2.17727
2.12818
2.09931
2.47739
2.38131
2.33933
2.17908
2.33222
2.30042
2.33568
2.6065
2.37708
2.37791
2.59969
2.31741
2.35452
2.35187
2.63909
2.40468
2.40478
2.64517
2.11034
2.18189
2.12469
2.06818
2.12048
2.1255
2.05837
2.21265
2.19562
2.1841
2.11676
2.15458
2.14907
2.12611
2.07538
2.17265
2.25377
2.0769
2.2465
2.0752
2.08268
2.35739
2.32667
2.35981
2.65577
2.41287
2.41248
2.64987
2.33995
2.37325
2.37141
2.67657
2.43294
2.43406
2.68208
2.20477
2.22999
2.21532
2.14372
2.15896
2.16443
2.13472
2.09838
2.26117
2.07883
2.18064
2.09032
2.26875
2.0817
2.2556
2.26398
2.25587
2.18277
2.19296
2.18782
2.19057
2.10659
2.18404
2.28391
2.08837
2.27631
2.08463
2.11503
2.37535
2.34703
2.37702
2.68934
2.44019
2.43886
2.6839
2.35704
2.38656
2.3853
2.70224
2.45438
2.45621
2.70752
2.26972
2.26896
2.27714
2.20412
2.19685
2.20177
2.19677
2.13187
2.29138
2.09208
2.19589
2.12341
2.29881
2.09648
2.28817
2.30952
2.30374
2.2331
2.22603
2.22169
2.23929
2.1402
2.20017
2.31315
2.10553
2.30604
2.10072
2.1485
2.3881
2.36235
2.38924
2.71261
2.46087
2.45888
2.70734
2.36983
2.39609
2.39523
2.7203
2.47078
2.4731
2.72551
2.313
2.2981
2.31833
2.24933
2.2292
2.23331
2.24352
2.16448
2.32002
2.11015
2.21357
2.15654
2.32675
2.11521
2.31237
2.34032
2.33601
2.27049
2.25308
2.24952
2.27539
2.17216
2.21814
2.33949
2.12517
2.3332
2.12002
2.17968
2.39726
2.37385
2.39805
2.72919
2.47669
2.47426
2.72397
2.37955
2.40318
2.40256
2.73343
2.48357
2.48623
2.73865
2.34238
2.31975
2.34637
2.28275
2.25559
2.25894
2.27823
2.19388
2.34548
2.13007
2.23162
2.18687
2.35131
2.13521
2.33045
2.36161
2.35832
2.29801
2.27478
2.2719
2.30168
2.20058
2.23609
2.36222
2.14511
2.35685
2.14008
2.20709
2.40411
2.38266
2.40468
2.74139
2.48906
2.48632
2.73615
2.3871
2.40872
2.40826
2.74332
2.49378
2.49667
2.74857
2.36273
2.33597
2.36579
2.30694
2.27672
2.27942
2.30355
2.21921
2.3673
2.14988
2.24878
2.21324
2.37221
2.15474
2.34395
2.37619
2.37364
2.31758
2.2918
2.28952
2.32039
2.22487
2.25293
2.38132
2.164
2.37685
2.15935
2.23034
2.4095
2.38957
2.40993
2.7507
2.49895
2.49601
2.74542
2.39308
2.41322
2.41286
2.75102
2.50209
2.50514
2.75632
2.37662
2.348
2.37901
2.32413
2.29325
2.29537
2.32152
2.24043
2.38554
2.16841
2.2644
2.23547
2.3896
2.17282
2.35389
2.38607
2.38402
2.33156
2.30491
2.30311
2.33377
2.24511
2.26814
2.3971
2.18117
2.39343
2.17702
2.24963
2.41389
2.39506
2.41421
2.75801
2.50701
2.50391
2.75269
2.39787
2.41694
2.41667
2.7572
2.50893
2.5121
2.76253
2.38605
2.35685
2.38799
2.33644
2.30598
2.30765
2.33439
2.2579
2.40056
2.18513
2.27825
2.25384
2.40388
2.18902
2.36122
2.39285
2.39113
2.34164
2.315
2.31357
2.34339
2.26173
2.28156
2.41
2.19637
2.407
2.19274
2.2654
2.41753
2.39948
2.41778
2.76391
2.51366
2.51045
2.75857
2.40177
2.4201
2.41989
2.76228
2.51465
2.51792
2.76763
2.39254
2.3634
2.39418
2.34531
2.31579
2.31711
2.34368
2.27212
2.41281
2.19985
2.29032
2.26883
2.4155
2.20322
2.36667
2.39759
2.39608
2.34894
2.32279
2.32165
2.35036
2.27523
2.29321
2.42046
2.20958
2.41803
2.20646
2.27821
2.42062
2.40309
2.42081
2.76877
2.51921
2.5159
2.76341
2.40497
2.42281
2.42265
2.76652
2.51945
2.52279
2.77187
2.39707
2.36829
2.39852
2.35176
2.32337
2.32442
2.35043
2.28364
2.42273
2.2126
2.3007
2.28098
2.4249
2.21548
2.37079
2.40094
2.39959
2.35428
2.32886
2.32793
2.35546
2.28614
2.3032
2.4289
2.22094
2.42695
2.21828
2.28855
2.42329
2.40609
2.42342
2.77283
2.52388
2.5205
2.76748
2.40766
2.42518
2.42506
2.77012
2.52351
2.52692
2.77547
2.4003
2.37201
2.40161
2.35648
2.32928
2.33014
2.35538
2.29292
2.43073
2.22353
2.30954
2.29078
2.43248
2.22597
2.37397
2.40336
2.40212
2.35822
2.33363
2.33287
2.3592
2.29494
2.31169
2.43569
2.23062
2.43412
2.22837
2.29688
2.42562
2.40861
2.42572
2.77629
2.52785
2.52441
2.77093
2.40994
2.42728
2.42719
2.77321
2.527
2.53045
2.77858
2.40264
2.3749
2.40386
2.35997
2.33394
2.33465
2.35903
2.30041
2.43716
2.23284
2.31703
2.29868
2.43856
2.2349
2.37647
2.40516
2.40398
2.36117
2.33744
2.33681
2.36202
2.30203
2.31884
2.44112
2.23878
2.43988
2.23692
2.30358
2.4277
2.41078
2.42777
2.7793
2.53126
2.52779
2.77394
2.41186
2.42909
2.429
2.77601
2.53014
2.53362
2.78141
2.40437
2.3772
2.40552
2.36259
2.33767
2.33827
2.36179
2.30642
2.44228
2.24067
2.32327
2.305
2.44342
2.24244
2.37854
2.40636
2.40523
2.36329
2.3406
2.34007
2.3641
2.30771
2.32474
2.4455
2.24577
2.44444
2.24405
2.30921
2.42931
2.41242
2.42939
2.78204
2.53435
2.53087
2.77661
2.40864
2.41492
2.42417
2.76783
2.53242
2.53391
2.77642
2.40539
2.37909
2.40562
2.36399
2.34097
2.34154
2.36382
2.31468
2.44661
2.24794
2.33159
2.31019
2.44994
2.25214
2.37318
2.29168
2.37447
2.32942
2.32731
2.33507
2.29316
2.31224
2.33292
2.45396
2.25501
2.45382
2.25042
2.30477
2.39841
2.39576
2.39108
2.74306
2.52291
2.52375
2.74857
2.46619
2.46317
2.36251
2.3567
2.4701
2.45865
2.36349
2.24874
2.33962
2.21817
2.25563
2.31776
2.30838
2.27253
2.28594
2.4501
2.2534
2.33058
2.29565
2.44169
2.24962
2.31761
2.27665
2.24015
2.26652
2.23909
2.14777
2.1513
2.33424
2.3138
2.24856
2.3049
2.24581
2.16278
2.16722
2.35206
2.3457
2.26168
2.33813
2.25804
2.18055
2.18528
2.36895
2.37249
2.27691
2.36616
2.27295
2.19907
2.20374
2.38408
2.3948
2.2925
2.38953
2.28859
2.21718
2.2216
2.39726
2.41334
2.30736
2.40895
2.30373
2.23424
2.23832
2.40854
2.42873
2.3209
2.42508
2.31764
2.24991
2.25361
2.41809
2.44153
2.33294
2.43848
2.33007
2.26407
2.26738
2.42613
2.45219
2.34347
2.44963
2.34098
2.27672
2.27965
2.43288
2.4611
2.35261
2.45895
2.35046
2.28793
2.29051
2.43855
2.46857
2.36049
2.46677
2.35865
2.29781
2.30007
2.44334
2.47492
2.36737
2.47338
2.36576
2.30659
2.30861
2.44751
2.48052
2.37276
2.47922
2.37162
2.31419
2.31587
2.45099
2.49292
2.38013
2.48987
2.37743
2.32512
2.33039
2.30388
2.34249
2.33932
2.61411
2.3874
2.38689
2.62064
2.31431
2.34585
2.34876
2.63351
2.39612
2.39632
2.62721
2.18808
2.15031
2.13686
2.07842
2.13496
2.12967
2.0882
2.20675
2.16148
2.17394
2.10754
2.13925
2.14466
2.09795
2.32942
2.36468
2.36247
2.65964
2.41978
2.42042
2.66538
2.33756
2.36714
2.36915
2.67414
2.42748
2.42659
2.66851
2.23544
2.23321
2.22352
2.15174
2.17422
2.16879
2.16038
2.25083
2.24052
2.24937
2.17597
2.17844
2.18372
2.16776
2.34911
2.38047
2.37895
2.69057
2.44439
2.4459
2.69594
2.35525
2.38227
2.38364
2.702
2.45123
2.44955
2.69666
2.27308
2.28903
2.28222
2.20978
2.21027
2.20551
2.21674
2.28461
2.29352
2.29978
2.22842
2.21379
2.21831
2.22187
2.36389
2.3917
2.39067
2.71202
2.4631
2.46521
2.71725
2.3685
2.39304
2.39398
2.72156
2.46928
2.46706
2.71633
2.30116
2.32635
2.32139
2.25318
2.24028
2.23633
2.25868
2.30971
2.32905
2.33365
2.26732
2.24309
2.24682
2.26215
2.37501
2.39987
2.39915
2.72735
2.47754
2.48005
2.73256
2.37854
2.40091
2.40158
2.73573
2.48323
2.48065
2.7305
2.32205
2.35192
2.34817
2.28535
2.26454
2.26133
2.28958
2.32844
2.35348
2.35698
2.29585
2.26676
2.26978
2.29194
2.38355
2.4061
2.40557
2.73869
2.48894
2.49173
2.74393
2.38632
2.40695
2.40745
2.74634
2.49426
2.49143
2.74108
2.3377
2.3696
2.36672
2.30862
2.28383
2.28127
2.31182
2.34244
2.37035
2.37305
2.31625
2.28552
2.28791
2.31328
2.39026
2.41108
2.41068
2.74739
2.49813
2.50111
2.75267
2.39247
2.4118
2.41217
2.75456
2.50317
2.50016
2.74926
2.3493
2.38159
2.37932
2.32514
2.29878
2.29676
2.32762
2.35276
2.38179
2.38393
2.33079
2.30003
2.30191
2.32848
2.3956
2.41516
2.41486
2.75427
2.50566
2.50878
2.75958
2.39739
2.41579
2.41607
2.76111
2.51048
2.50733
2.75578
2.35783
2.38976
2.3879
2.337
2.31028
2.30868
2.33896
2.36036
2.38959
2.39137
2.34123
2.3112
2.31269
2.33941
2.39992
2.41858
2.41835
2.75986
2.51191
2.51514
2.76519
2.40138
2.41914
2.41935
2.76645
2.51656
2.51331
2.7611
2.36414
2.39541
2.39382
2.34557
2.31914
2.31787
2.34714
2.36601
2.395
2.39654
2.34879
2.31981
2.32099
2.34732
2.40344
2.4215
2.42132
2.76449
2.51714
2.52045
2.76984
2.40466
2.422
2.42216
2.77089
2.52164
2.51831
2.76553
2.36887
2.39939
2.39798
2.35181
2.32601
2.32499
2.3531
2.37027
2.39882
2.4002
2.3543
2.3265
2.32745
2.35309
2.40638
2.42402
2.42389
2.76839
2.52156
2.52493
2.77374
2.40741
2.42449
2.42461
2.77463
2.52594
2.52254
2.76927
2.37248
2.40224
2.40095
2.3564
2.33139
2.33055
2.35747
2.37354
2.40156
2.40282
2.35835
2.33174
2.33252
2.35734
2.40885
2.42625
2.42615
2.77172
2.52531
2.52874
2.77707
2.40974
2.42668
2.42677
2.77783
2.52961
2.52616
2.77248
2.37529
2.40433
2.40312
2.35979
2.33563
2.33494
2.36071
2.37611
2.40357
2.40476
2.36138
2.3359
2.33655
2.36051
2.41097
2.42827
2.42818
2.77464
2.52862
2.53206
2.78002
2.41176
2.4286
2.4287
2.78072
2.53286
2.52942
2.77533
2.37755
2.40586
2.40472
2.36235
2.33909
2.3385
2.36314
2.37821
2.40504
2.40611
2.36358
2.33931
2.33988
2.36287
2.41241
2.42926
2.42956
2.77708
2.5312
2.535
2.7824
2.41189
2.42917
2.42803
2.77958
2.53532
2.53164
2.7754
2.37927
2.40538
2.40413
2.36322
2.34147
2.34134
2.36417
2.3792
2.40255
2.39935
2.35825
2.34372
2.34522
2.36358
2.19162
2.28437
2.27623
2.28101
2.19684
2.19171
2.29052
2.29244
2.20251
2.30052
2.30912
2.20199
2.29997
2.20763
2.20664
2.31622
2.30842
2.31814
2.21902
2.21312
2.32678
2.32377
2.22054
2.33118
2.34323
2.22466
2.33521
2.23061
2.22527
2.34523
2.3383
2.35103
2.24206
2.2362
2.3584
2.35184
2.23992
2.35826
2.37221
2.2475
2.3655
2.25316
2.24467
2.37025
2.36436
2.37866
2.2637
2.25834
2.3847
2.37581
2.25868
2.38117
2.39587
2.26859
2.39047
2.27362
2.26309
2.39107
2.38622
2.40103
2.28282
2.27815
2.40583
2.31327
2.38683
2.21288
2.27708
2.30966
2.3909
2.21607
2.31691
2.28035
2.39855
2.22199
2.39489
2.21895
2.32023
2.39561
2.27575
2.39997
2.41462
2.28701
2.41039
2.29133
2.27969
2.40799
2.40407
2.41867
2.29911
2.29516
2.4224
2.0286
1.93414
2.15964
1.8386
2.1569
1.83711
2.03088
2.32665
2.40214
2.2248
2.29008
2.32359
2.40544
2.22775
2.32975
2.29293
2.41164
2.23315
2.40869
2.23037
2.33254
2.41164
2.29077
2.41515
2.42922
2.30261
2.42594
2.30624
2.2942
2.42156
2.41843
2.43234
2.31272
2.30942
2.43521
2.03733
1.94288
2.16927
1.84475
2.16693
1.84322
2.03935
2.33794
2.41455
2.23568
2.30135
2.33538
2.4172
2.23835
2.34055
2.30379
2.4222
2.24318
2.41983
2.24069
2.34288
2.42448
2.30372
2.42727
2.44044
2.3156
2.43793
2.31863
2.30666
2.43237
2.42987
2.44283
2.32397
2.32123
2.44502
2.04508
1.95126
2.1775
1.85103
2.17548
1.84948
2.04686
2.34739
2.42455
2.24543
2.31102
2.34526
2.42668
2.24781
2.34958
2.3131
2.43069
2.25207
2.4288
2.24987
2.35151
2.43468
2.31474
2.43689
2.449
2.32633
2.44709
2.32883
2.31725
2.44092
2.43895
2.45081
2.3332
2.33094
2.45247
2.05195
1.9593
2.18461
1.85737
2.18285
1.85582
2.05353
2.35527
2.43259
2.25404
2.31925
2.3535
2.43428
2.25614
2.35709
2.32101
2.43751
2.25987
2.436
2.25793
2.35869
2.44275
2.32404
2.4445
2.45547
2.3351
2.45403
2.33716
2.32616
2.44768
2.44612
2.45683
2.3407
2.33886
2.45807
2.36181
2.43904
2.26158
2.32623
2.36036
2.4404
2.26343
2.36334
2.32772
2.443
2.26668
2.44179
2.26498
2.36466
2.44912
2.33184
2.45049
2.4603
2.34223
2.45923
2.34391
2.33362
2.453
2.45178
2.46132
2.34676
2.34526
2.46224
2.36725
2.44424
2.26813
2.33213
2.36605
2.44531
2.26974
2.36853
2.33339
2.44741
2.27257
2.44644
2.27108
2.36962
2.45413
2.33831
2.45521
2.46391
2.34798
2.46312
2.34934
2.33979
2.45718
2.45622
2.46469
2.35164
2.35042
2.46538
2.37173
2.44844
2.27384
2.33718
2.3708
2.4493
2.27525
2.37283
2.33826
2.451
2.27771
2.45024
2.27641
2.37361
2.45806
2.34366
2.45893
2.46667
2.35263
2.46606
2.35377
2.34489
2.46049
2.45972
2.4673
2.35566
2.35464
2.46784
2.37533
2.45188
2.27875
2.34156
2.37462
2.45269
2.27997
2.45681
2.28338
2.37706
2.3766
2.3433
2.45429
2.28162
2.46133
2.34907
2.4628
2.46901
2.35664
2.46841
2.35784
2.35077
2.46512
2.36062
2.46439
2.47058
2.46983
2.35904
2.01494
2.07596
2.07213
2.04851
2.07038
2.04789
2.02021
2.03293
2.07453
2.04948
2.07413
2.02619
2.07765
2.0515
2.04012
2.07443
2.08543
2.05685
2.08126
2.0537
2.04785
2.0641
2.08994
2.06009
2.07847
2.05581
2.09489
2.06415
2.07245
2.08047
2.10549
2.07287
2.10004
2.06817
2.08096
2.09783
2.11104
2.07744
2.08874
2.08938
2.11678
2.08256
2.10608
2.09184
2.12836
2.09283
2.12252
2.08748
2.11426
2.12995
2.13412
2.09794
2.10259
2.12217
2.13992
2.10336
2.13741
2.1063
2.15124
2.11389
2.14559
2.10852
2.14471
2.15843
2.15671
2.11901
2.11814
2.15166
2.16212
2.12425
2.16486
2.12205
2.17244
2.13428
2.16733
2.12924
2.17109
2.18268
2.17734
2.1391
2.13394
2.17698
2.18213
2.1439
2.18804
2.13778
2.19119
2.15304
2.18672
2.1485
2.19324
2.20281
2.19545
2.1574
2.1491
2.1981
2.19959
2.16166
2.20721
2.15272
2.20737
2.16976
2.20354
2.16577
2.21148
2.21929
2.21101
2.17362
2.16317
2.21543
2.21455
2.17732
2.22285
2.16649
2.22115
2.18437
2.2179
2.18093
2.22632
2.23264
2.22423
2.18774
2.17595
2.22952
2.22722
2.19091
2.23552
2.17894
2.2328
2.19699
2.23005
2.19405
2.23833
2.24344
2.23539
2.19989
2.18737
2.24091
2.23791
2.20259
2.24576
2.19005
2.2426
2.20778
2.24028
2.20529
2.24803
2.25216
2.24478
2.21028
2.19751
2.25011
2.24691
2.21256
2.25403
2.19987
2.25087
2.21694
2.24891
2.21486
2.25586
2.25919
2.2527
2.21911
2.20645
2.25752
2.2545
2.22107
2.26056
2.20824
2.25751
2.22442
2.2561
2.22273
2.26208
2.26662
2.25889
2.22733
2.2163
2.26279
2.26138
2.23174
2.25677
2.21278
2.25642
2.2223
2.25993
2.22562
2.23352
2.21215
2.25324
2.21798
2.21058
2.22238
2.24672
2.214
2.22377
2.39661
0.686317
2.23693
2.40698
0.690005
2.70693
3.0256
0.84432
2.24845
2.41673
0.693389
2.71539
3.03298
0.846931
2.25847
2.42581
0.696467
2.72188
3.039
0.849009
2.26717
2.43421
0.699245
2.72698
3.04402
0.850694
2.27474
2.44195
0.701744
2.73109
3.04829
0.852088
2.28135
2.44903
0.703989
2.73447
3.05198
0.85326
2.73732
3.05521
0.854268
2.73976
3.0581
0.855143
2.7419
3.06082
0.855778
2.48958
2.85065
0.735839
2.54567
2.88987
0.749445
2.52926
2.87781
0.745341
2.56016
2.90095
0.753168
2.59412
2.9289
0.762362
2.58418
2.9204
0.759598
2.60293
2.93669
0.764867
2.61074
2.94385
0.767143
2.62389
2.95648
0.771095
2.61768
2.95042
0.76921
2.62948
2.9621
0.77282
2.63451
2.96732
0.774404
2.64323
2.97674
0.777208
2.63907
2.97218
0.77586
2.64706
2.98103
0.778461
2.65681
2.99246
0.781741
2.65381
2.98886
0.780721
2.65961
2.99587
0.7827
2.66688
3.00508
0.785253
2.66462
3.00217
0.784453
2.66902
3.00785
0.786009
2.67102
3.0105
0.786726
2.67466
3.0154
0.788044
2.6729
3.013
0.787403
2.67635
3.0177
0.788654
2.67794
3.01989
0.789235
2.68085
3.02397
0.79031
2.67943
3.02198
0.789786
2.68222
3.0259
0.79081
2.6859
3.0312
0.792182
2.68473
3.02951
0.791746
2.68703
3.03283
0.7926
2.69012
3.03736
0.793756
2.68914
3.03591
0.793388
2.69108
3.03877
0.79411
2.692
3.04014
0.794456
2.69372
3.0427
0.795104
2.69287
3.04143
0.794785
2.69454
3.04392
0.79541
2.69533
3.04511
0.79571
2.69683
3.04735
0.796274
2.69609
3.04624
0.795996
2.69752
3.04842
0.79655
2.69928
3.0509
0.797055
2.69789
3.04971
0.797031
2.66689
3.01485
0.794317
1.49155
2.99582
0.959799
2.57449
2.80434
0.715575
2.51774
2.90822
0.780453
2.57973
2.81268
0.717208
2.60096
2.83256
0.723217
2.57703
2.93597
0.759013
2.60295
2.83089
0.723639
2.57677
2.95405
0.796185
2.62159
2.85364
0.729306
2.61443
2.96806
0.769693
2.61838
2.84666
0.728211
2.62269
2.85124
0.729514
2.61155
2.98418
0.806209
2.62573
2.85809
0.730555
2.63624
2.86972
0.733775
2.63808
2.99066
0.776805
2.63671
2.86674
0.733832
2.63371
3.00555
0.812973
2.64692
2.88205
0.737106
2.65431
3.0077
0.781891
2.6447
2.87599
0.736329
2.64702
2.87872
0.737054
2.64909
3.02179
0.817892
2.64917
2.88471
0.737808
2.65514
2.89184
0.739679
2.6663
3.02128
0.78577
2.65501
2.88828
0.739557
2.66053
3.03483
0.821699
2.66179
2.89993
0.741758
2.67543
3.03234
0.788835
2.65999
2.89435
0.741116
2.66149
2.8962
0.741588
2.66922
3.04545
0.824724
2.66326
2.90175
0.742218
2.66725
2.90673
0.743475
2.68231
3.04135
0.791267
2.66682
2.90286
0.743268
2.67575
3.05409
0.82713
2.67177
2.91248
0.744907
2.6877
3.0488
0.793231
2.6702
2.90718
0.744341
2.67124
2.90851
0.74467
2.68086
3.06123
0.82908
2.67278
2.91379
0.745228
2.67559
2.91741
0.746117
2.6921
3.05508
0.794859
2.67498
2.91335
0.745857
2.68505
3.06728
0.830703
2.67888
2.92167
0.747157
2.6958
3.06048
0.796234
2.67745
2.91655
0.746636
2.67822
2.91755
0.746879
2.68856
3.07247
0.83208
2.67964
2.92266
0.747395
2.68178
2.92543
0.748068
2.69898
3.06517
0.79742
2.68108
2.92126
0.747777
2.69157
3.077
0.833271
2.68437
2.9288
0.748883
2.70175
3.06931
0.798454
2.68302
2.92379
0.748388
2.68363
2.92459
0.74858
2.69421
3.08101
0.834308
2.68497
2.92959
0.74907
2.68659
2.93207
0.749566
2.70323
3.07289
0.79917
2.68578
2.92746
0.749354
2.69571
3.08417
0.8353
3.12678
0.659495
1.58818
3.08813
0.714292
3.54558
0.653999
0.839965
4.058
0.731025
2.33487
2.65058
0.70653
2.36688
2.67597
0.714714
2.37574
2.68327
0.717012
2.39751
2.7017
0.722809
2.40369
2.70705
0.724449
2.41907
2.72062
0.728638
2.42355
2.72462
0.729839
2.43475
2.7348
0.732934
2.43808
2.73784
0.733834
2.44645
2.74564
0.736176
2.44899
2.74802
0.736867
2.45539
2.75412
0.73868
2.45739
2.75602
0.739223
2.4624
2.76091
0.740659
2.464
2.76246
0.741097
2.46801
2.76647
0.742264
2.46933
2.76777
0.742625
2.47262
2.77113
0.743596
2.47372
2.77223
0.743896
2.47649
2.7751
0.744721
2.47741
2.77604
0.744973
2.47978
2.77856
0.745688
2.48053
2.77934
0.745896
2.48259
2.78159
0.746506
2.48321
2.78229
0.746657
2.48126
2.78084
0.746012
2.47827
2.77874
0.744533
3.03595
0.902885
1.41051
2.58749
2.81975
0.719372
2.54952
2.91418
0.751586
2.59008
2.81848
0.719931
2.55112
2.93344
0.789168
2.59454
2.82636
0.721372
2.61216
2.84379
0.726499
2.59808
2.95361
0.764947
2.61367
2.84175
0.726803
2.59629
2.97058
0.801746
2.62952
2.86223
0.731713
2.62748
2.98024
0.773575
2.63028
2.85952
0.731839
2.62374
2.99568
0.80989
2.63302
2.8661
0.732784
2.64196
2.87628
0.735558
2.64688
2.99972
0.779541
2.64222
2.8731
0.735555
2.64202
3.01416
0.815609
2.65127
2.8872
0.738469
2.66073
3.01485
0.783951
2.65124
2.88374
0.738378
2.6552
3.02864
0.819906
2.65326
2.88958
0.73909
2.65863
2.89607
0.74077
2.67119
3.0271
0.787394
2.65841
2.89241
0.740623
2.66518
3.04042
0.823301
2.66465
2.90347
0.742658
2.67911
3.03708
0.790122
2.66428
2.89967
0.742468
2.6727
3.04999
0.825996
2.66598
2.90513
0.743075
2.66961
2.90972
0.744224
2.68516
3.04525
0.7923
2.66912
2.90579
0.744
2.67844
3.05782
0.828154
2.67375
2.91504
0.745537
2.69001
3.05208
0.794083
2.67318
2.91101
0.745288
2.68305
3.06438
0.829928
2.67468
2.91624
0.745832
2.67729
2.91961
0.746656
2.69404
3.05789
0.795576
2.67666
2.91552
0.746387
2.68687
3.06997
0.831421
2.68037
2.92361
0.747627
2.69746
3.06291
0.79685
2.67969
2.91946
0.747342
2.69012
3.07481
0.832699
2.68108
2.92453
0.74785
2.68311
2.92716
0.748488
2.70041
3.0673
0.797955
2.68239
2.92296
0.748192
2.69293
3.07906
0.833812
2.68555
2.93039
0.749262
2.70297
3.07123
0.798914
2.68474
2.92595
0.748958
2.6954
3.08286
0.834769
2.68603
2.93103
0.749404
2.686
2.93265
0.749789
2.67971
3.05055
0.794867
2.66891
2.90516
0.747021
2.71452
3.09467
0.818123
2.49677
2.79516
0.755103
2.5558
2.83413
0.768817
2.62231
2.8869
0.786264
2.65995
2.92137
0.797487
2.66926
2.93073
0.800462
2.67905
2.94111
0.803691
2.68113
2.94342
0.804392
2.68664
2.9496
0.806273
2.69397
2.95825
0.808833
2.7024
2.96873
0.811864
2.7261
2.90179
0.79257
2.72436
2.96512
0.838172
1.15215
2.424
2.64229
0.745444
2.43006
2.64758
0.747217
2.4461
2.66181
0.752027
2.46731
2.68201
0.758695
2.48855
2.70379
0.765752
2.49769
2.71378
0.768906
2.49975
2.71614
0.769622
2.67544
2.92442
0.81449
2.61062
2.83277
0.762058
2.61409
2.8233
0.733513
2.63519
2.85561
0.769103
2.64458
2.8649
0.771866
2.64404
2.85225
0.742044
2.65944
2.88024
0.776333
2.65746
2.86619
0.745983
2.6753
2.89737
0.781195
2.67202
2.8819
0.750305
2.68319
2.90612
0.783631
2.68658
2.90992
0.78468
2.68255
2.89351
0.753429
2.69253
2.9166
0.786514
2.68815
2.89975
0.755083
2.69987
2.9249
0.788769
2.69513
2.90754
0.757126
2.70396
2.92956
0.790026
2.70582
2.93168
0.790599
2.70079
2.91393
0.758789
2.70922
2.93558
0.791644
2.70405
2.91763
0.759746
2.71362
2.94054
0.792793
2.70732
2.92021
0.760529
2.75404
2.97227
0.778948
2.72423
3.09382
0.861541
2.74327
3.10829
0.866726
2.22724
2.39929
0.687271
2.75794
3.12037
0.871001
2.69617
3.02003
0.842735
2.70933
3.02762
0.8451
2.69787
3.02149
0.843298
2.76919
3.13042
0.8745
2.25111
2.41911
0.694192
2.70217
3.0253
0.84474
2.71723
3.03462
0.847562
2.70342
3.02646
0.845172
2.77775
3.13873
0.877347
2.70665
3.0295
0.846307
2.72333
3.04036
0.84953
2.70763
3.03047
0.846649
2.78425
3.14558
0.879653
2.26919
2.43625
0.699899
2.7102
3.03309
0.847572
2.72815
3.04518
0.851134
2.711
3.03394
0.847857
2.78884
3.15089
0.881469
2.71312
3.03626
0.848636
2.73206
3.04929
0.852468
2.7138
3.03703
0.848881
2.79213
3.15499
0.882847
2.7156
3.03911
0.849556
2.73529
3.05286
0.853594
2.71619
3.0398
0.849768
2.79468
3.15841
0.883942
2.71776
3.0417
0.850361
2.73803
3.05599
0.854571
2.71828
3.04234
0.850553
2.79678
3.16139
0.884856
2.71968
3.04407
0.851082
2.74039
3.05882
0.855394
2.72015
3.04468
0.851241
2.79856
3.16402
0.885634
2.72138
3.04611
0.851589
2.74217
3.06083
0.855554
2.72156
3.0462
0.851606
2.7995
3.16425
0.885854
2.6267
2.99522
0.827826
2.63596
3.00106
0.83007
2.65957
3.01639
0.835889
2.66631
3.02094
0.837591
2.68383
3.03321
0.842122
2.72947
3.0977
0.862935
2.68891
3.03691
0.843474
2.70223
3.04699
0.847116
2.74732
3.11154
0.867879
2.70612
3.05007
0.848214
2.15497
2.32364
0.67412
2.71638
3.05846
0.851188
2.76105
3.12309
0.871948
2.71938
3.06104
0.852088
2.7273
3.06806
0.854527
2.77156
3.13268
0.875273
2.72961
3.07022
0.855266
2.25678
2.39461
0.700833
2.16876
2.33668
0.67854
2.62835
2.97303
0.845776
2.63257
2.97655
0.847075
2.7357
3.07608
0.857265
2.77956
3.1406
0.877974
2.73748
3.07789
0.85787
2.63383
2.97764
0.847471
2.63724
2.98063
0.848563
2.74215
3.08278
0.859505
2.78557
3.14709
0.880158
2.74352
3.08429
0.86
2.63827
2.98157
0.8489
2.80741
3.08319
0.864413
2.64111
2.98418
0.84984
2.74709
3.08836
0.861332
2.78977
3.15203
0.881852
2.74813
3.08962
0.861735
2.64199
2.985
0.850133
2.81093
3.08718
0.865687
2.64442
2.98733
0.85096
2.8132
3.08989
0.866525
2.7508
3.09296
0.862814
2.79284
3.15593
0.883146
2.75156
3.09397
0.863135
2.75346
3.09657
0.863977
2.79525
3.15923
0.884188
2.75403
3.09739
0.864229
2.75554
3.09959
0.864905
2.79726
3.1621
0.885068
2.75601
3.10031
0.865116
2.81867
3.0966
0.868585
2.7573
3.10228
0.865699
2.799
3.16463
0.885807
2.7577
3.10288
0.865878
2.75676
3.09891
0.865135
2.79821
3.16042
0.884434
2.75228
3.08565
0.862711
2.54503
2.82639
0.766226
2.52209
2.86265
0.791386
2.73486
3.09708
0.864884
2.58481
2.8561
0.7761
2.55017
2.88238
0.798555
2.75529
3.1127
0.87053
2.61583
2.88135
0.784441
2.57157
2.89853
0.804297
2.77073
3.12534
0.875022
2.63911
2.90169
0.791127
2.58816
2.91186
0.808956
2.78246
3.13561
0.878609
2.65637
2.91785
0.796367
2.60116
2.92293
0.812763
2.79142
3.14397
0.881479
2.61144
2.9322
0.81589
2.79827
3.1508
0.883779
2.61964
2.93998
0.818472
2.80356
3.1564
0.885628
2.6262
2.94655
0.820611
2.80769
3.16104
0.887124
2.69265
2.95665
0.808369
2.6315
2.95212
0.822393
2.81095
3.16491
0.888348
2.69751
2.96256
0.810094
2.63581
2.95687
0.823884
2.8136
3.16819
0.889366
2.70151
2.96759
0.811538
2.63935
2.96096
0.825149
2.81578
3.17102
0.890211
2.70485
2.97199
0.812758
2.64228
2.96451
0.826225
2.81766
3.17362
0.890632
2.68572
2.94767
0.809146
2.63094
2.94726
0.824754
2.78687
3.08644
0.867933
3.30683
0.735466
2.51372
2.85702
0.789304
2.54387
2.87784
0.796917
2.36023
2.59213
0.728124
2.60886
2.87552
0.782514
2.56673
2.8948
0.802976
2.36996
2.59932
0.730628
2.39589
2.61917
0.737524
2.58439
2.90877
0.807881
2.40359
2.62539
0.739649
2.23382
2.40447
0.689116
2.59819
2.92037
0.811883
2.66637
2.9278
0.79953
2.60909
2.93005
0.815166
2.45088
2.66628
0.753497
2.25612
2.42365
0.695731
2.46352
2.67824
0.757477
2.67684
2.93874
0.802953
2.61776
2.93818
0.817873
2.47738
2.69207
0.761992
2.6247
2.94503
0.820115
2.48043
2.69528
0.763005
2.63028
2.95083
0.821979
2.49104
2.70653
0.766601
2.27981
2.44737
0.703456
2.63481
2.95576
0.823537
2.50525
2.72235
0.771564
2.70059
2.96642
0.811202
2.63853
2.96001
0.824854
2.50699
2.72438
0.772177
2.51158
2.72977
0.773835
2.64159
2.96366
0.825971
2.51308
2.7314
0.774312
2.64439
2.96559
0.826375
1.69089
3.05759
0.776263
2.67864
2.94551
0.818375
2.51067
2.86475
0.740822
2.57292
2.91111
0.756544
2.65057
2.98506
0.779631
2.6622
2.99911
0.783604
2.6835
3.02775
0.79129
2.68811
3.03441
0.793003
2.69824
3.04946
0.79681
2.72003
3.02512
0.783196
2.53283
2.9016
0.747252
2.59681
2.82489
0.721858
2.56482
2.94431
0.792875
2.60681
2.83836
0.724923
2.58826
2.94526
0.762152
2.60436
2.97769
0.80409
2.62131
2.9744
0.771727
2.63362
2.86324
0.732875
2.62896
3.00079
0.811494
2.63921
2.87311
0.734698
2.64268
2.99534
0.778227
2.64568
3.01809
0.816786
2.65764
3.01137
0.782954
2.65317
2.88607
0.738983
2.65795
3.03181
0.820826
2.65694
2.89401
0.740238
2.66883
3.02427
0.786606
2.66727
3.043
0.824032
2.67734
3.03478
0.789497
2.66558
2.9013
0.742876
2.67427
3.05209
0.826577
2.66846
2.90826
0.743857
2.68378
3.04335
0.791797
2.67968
3.05956
0.828626
2.68889
3.05047
0.793667
2.6741
2.9122
0.745577
2.68406
3.06586
0.830322
2.67646
2.91853
0.746391
2.6931
3.05652
0.795225
2.68773
3.07124
0.831755
2.69665
3.06172
0.796547
2.68039
2.92037
0.747561
2.69086
3.07592
0.832988
2.68245
2.9263
0.74828
2.6997
3.06625
0.79769
2.69358
3.08005
0.834062
2.70238
3.07027
0.798692
2.68521
2.92665
0.74911
2.6956
3.08368
0.834874
2.68648
2.9321
0.749867
2.69576
3.06572
0.797934
3.29298
0.890634
0.506257
2.34656
2.65967
0.709493
2.5944
2.81873
0.757639
2.59171
2.80338
0.727479
2.58272
2.7959
0.725113
2.5743
2.77339
0.711046
2.35734
2.66824
0.712222
2.59988
2.81044
0.729651
2.60733
2.81713
0.731652
2.3836
2.68985
0.71911
2.62405
2.84501
0.765891
2.62023
2.82896
0.735233
2.39096
2.69608
0.721039
2.62582
2.83426
0.736809
2.58903
2.78725
0.713825
2.59324
2.79276
0.716384
2.40919
2.71187
0.725957
2.63568
2.84386
0.739619
2.64008
2.86041
0.770531
2.59813
2.79811
0.717807
2.41442
2.71647
0.727352
2.65256
2.87305
0.774252
2.64777
2.85607
0.743131
2.60247
2.80299
0.719086
2.42751
2.7282
0.730947
2.68167
2.91312
0.80705
2.6728
2.90603
0.804634
2.65123
2.85965
0.744145
2.60636
2.80745
0.720238
2.43134
2.73168
0.731979
2.69737
2.92601
0.811453
2.66541
2.8866
0.778154
2.66027
2.86919
0.746816
2.44101
2.74057
0.734668
2.67066
2.89229
0.779766
2.6654
2.87469
0.748337
2.70431
2.93187
0.81347
2.66292
2.87202
0.747598
2.61306
2.81527
0.72223
2.4439
2.74325
0.73545
2.66773
2.87722
0.749029
2.66993
2.87962
0.749685
2.45121
2.75013
0.737509
2.73169
2.95575
0.821449
2.67945
2.90196
0.782478
2.674
2.88407
0.750895
2.45345
2.75225
0.738116
2.73608
2.95974
0.822797
2.67587
2.88613
0.751452
2.74011
2.96339
0.823964
2.61919
2.82146
0.722798
2.62123
2.82499
0.724653
2.4591
2.75769
0.739727
2.67937
2.88999
0.752486
2.68493
2.90806
0.784164
2.62361
2.8278
0.725353
2.46088
2.7594
0.74021
2.68968
2.91339
0.785635
2.68404
2.89517
0.753869
2.62582
2.83044
0.726005
2.46535
2.76382
0.741504
2.75967
2.98167
0.829899
2.75691
2.97907
0.829089
2.68547
2.89676
0.75429
2.6279
2.83293
0.726617
2.4668
2.76523
0.741897
2.76482
2.98659
0.83146
2.69516
2.91957
0.787321
2.68943
2.90117
0.755456
2.47043
2.76889
0.742962
2.69761
2.92233
0.788073
2.69183
2.90385
0.756163
2.76723
2.98892
0.83223
2.69065
2.90253
0.755814
2.63173
2.83749
0.727739
2.47162
2.77009
0.743287
2.69296
2.90512
0.756495
2.69406
2.90635
0.756817
2.47463
2.77319
0.744183
2.77748
2.99883
0.835319
2.70199
2.92731
0.78942
2.69615
2.90869
0.757428
2.47563
2.7742
0.744454
2.77931
3.00061
0.835907
2.69713
2.9098
0.757717
2.78098
3.00224
0.836374
2.6354
2.84078
0.727606
2.63678
2.84349
0.729212
2.4782
2.77689
0.745227
2.69902
2.91193
0.758268
2.70491
2.93064
0.790315
2.63831
2.8453
0.729657
2.47903
2.77775
0.745454
2.70757
2.93368
0.791134
2.70165
2.91489
0.759037
2.63976
2.84704
0.730085
2.48123
2.7801
0.746118
2.78986
3.01091
0.839074
2.78857
3.00964
0.83871
2.70247
2.91583
0.759279
2.64117
2.84869
0.730492
2.48191
2.78084
0.746308
2.79237
3.01339
0.839812
2.71079
2.93739
0.792123
2.70482
2.91851
0.759966
2.48363
2.78276
0.746739
2.71228
2.93912
0.792529
2.70626
2.92011
0.760342
2.79358
3.01465
0.840139
2.70556
2.91935
0.760166
2.64357
2.85167
0.731194
2.48387
2.78308
0.746724
2.70691
2.92073
0.760478
2.70727
2.92087
0.760525
2.44345
2.74347
0.735116
2.76704
2.97583
0.828606
2.71349
2.94096
0.792857
2.70355
2.91572
0.759578
2.47756
2.74675
0.721502
2.78538
2.93751
0.801964
2.68765
2.89652
0.756798
3.29002
0.911718
1.55657
2.76011
0.699638
2.58267
2.81163
0.717839
2.53546
2.92138
0.785028
2.56418
2.92562
0.755502
2.60855
2.83651
0.725283
2.58717
2.96276
0.799124
2.61708
2.84888
0.727956
2.60674
2.96116
0.767447
2.62665
2.85553
0.730721
2.61796
2.99016
0.808132
2.63304
2.98564
0.775262
2.63957
2.87003
0.734725
2.63804
3.01
0.81434
2.64452
2.87925
0.736358
2.65074
3.00382
0.780759
2.64919
2.8813
0.737736
2.65225
3.02531
0.818928
2.66361
3.01814
0.784888
2.65675
2.8904
0.740103
2.66294
3.0377
0.822522
2.66025
2.89804
0.741275
2.67338
3.02979
0.788137
2.66292
2.89798
0.742039
2.67103
3.04778
0.825377
2.68076
3.03927
0.790711
2.668
2.90436
0.743643
2.67714
3.056
0.827653
2.67071
2.91113
0.744572
2.68646
3.04706
0.792778
2.67223
2.90979
0.744986
2.68198
3.06284
0.829512
2.69108
3.05361
0.79448
2.67584
2.91445
0.746126
2.68598
3.06865
0.831068
2.6781
2.92066
0.746911
2.69494
3.0592
0.795913
2.67897
2.91852
0.747114
2.68935
3.07366
0.832394
2.69823
3.06405
0.79714
2.68174
2.92212
0.747987
2.69226
3.07804
0.833544
2.68374
2.92799
0.748688
2.70109
3.06832
0.79821
2.68422
2.92537
0.748764
2.69481
3.08194
0.834535
2.7033
3.07196
0.799107
2.68474
2.9272
0.749562
2.68735
3.07852
0.833384
2.71869
2.89892
0.73634
3.07732
0.827038
2.61235
2.9662
0.823192
2.50964
2.80288
0.758038
2.49488
2.84455
0.784665
2.62002
2.9713
0.8251
2.63978
2.98489
0.830136
2.52988
2.868
0.793343
2.64543
2.98892
0.831605
2.7507
3.1091
0.869214
2.66017
2.99981
0.835547
2.59337
2.86289
0.778343
2.55606
2.88673
0.80011
2.22024
2.39397
0.685356
2.15375
2.32253
0.673781
2.66445
3.00308
0.836709
2.76725
3.12241
0.873967
2.67574
3.01203
0.839872
2.57611
2.90212
0.805556
2.15877
2.32712
0.675358
2.67906
3.01474
0.840812
2.77981
3.13322
0.877761
2.68787
3.02221
0.843392
2.64392
2.90612
0.792562
2.5917
2.91484
0.809983
2.16002
2.32829
0.675705
2.24574
2.4144
0.692577
2.16382
2.33188
0.676955
2.71355
3.03131
0.8464
2.68957
3.01257
0.850465
2.69607
3.01807
0.852375
2.69046
3.02449
0.84416
2.78939
3.14203
0.880795
2.69738
3.03079
0.846282
2.60395
2.92543
0.813605
2.16505
2.33307
0.677302
2.66434
2.98532
0.832406
2.79754
3.07303
0.861057
2.66924
2.98984
0.833959
2.80182
3.07729
0.862475
2.72047
3.03763
0.848596
2.69798
3.01974
0.852976
2.76684
3.03405
0.853262
2.70297
3.02425
0.854502
2.69942
3.0327
0.846915
2.79671
3.14921
0.883226
2.70488
3.03802
0.848666
2.67196
2.93356
0.801342
2.61367
2.93429
0.816585
2.16995
2.33787
0.678879
2.26513
2.43222
0.698582
2.67061
2.99109
0.83441
2.80306
3.07854
0.862896
2.67445
2.99487
0.835676
2.80643
3.08214
0.864065
2.72587
3.04287
0.850369
2.76803
3.0353
0.853684
2.70445
3.02562
0.854992
2.77126
3.03875
0.854768
2.70834
3.02935
0.856225
2.70649
3.03964
0.849188
2.80235
3.15509
0.885177
2.71082
3.04413
0.85064
2.62141
2.94175
0.819047
2.27297
2.44012
0.701149
2.67553
2.99591
0.836044
2.67862
2.99913
0.837094
2.81013
3.08628
0.865393
2.7302
3.04731
0.851828
2.77223
3.03982
0.85512
2.7095
3.0305
0.856629
2.71258
3.03363
0.857635
2.7121
3.04551
0.851072
2.80673
3.15995
0.886754
2.71554
3.04933
0.852279
2.68828
2.95151
0.806839
2.62764
2.94805
0.82109
2.67948
3.00001
0.8374
2.68203
3.00281
0.838288
2.73375
3.05113
0.853052
2.77569
3.04377
0.856333
2.71351
3.0346
0.857973
2.71598
3.03726
0.858807
2.71656
3.0505
0.852638
2.81019
3.16399
0.88804
2.71932
3.05376
0.853644
2.63266
2.95339
0.822793
2.68274
3.00356
0.838547
2.81388
3.09068
0.866778
2.68489
3.00603
0.839308
2.73671
3.05447
0.854094
2.71674
3.03809
0.859094
2.78054
3.0496
0.85805
2.71875
3.04038
0.859792
2.72015
3.05476
0.853944
2.81297
3.16741
0.889101
2.72239
3.05755
0.854795
2.69859
2.96392
0.81048
2.63676
2.95796
0.824222
2.68548
3.00669
0.83953
2.68733
3.0089
0.840202
2.73925
3.05743
0.855009
2.78114
3.05034
0.858287
2.71938
3.0411
0.860042
2.72105
3.04309
0.860645
2.72306
3.0584
0.855057
2.81525
3.17032
0.89
2.72492
3.06082
0.85579
2.64014
2.9619
0.825436
2.68784
3.00948
0.840394
2.68945
3.01145
0.840927
2.82024
3.0986
0.869144
2.74147
3.06014
0.855718
2.72159
3.04373
0.860848
2.78487
3.05517
0.859518
2.72302
3.04555
0.861282
2.72548
3.06158
0.856017
2.81717
3.17292
0.890662
2.72671
3.06265
0.856334
2.70561
2.97287
0.813025
2.64294
2.96535
0.826481
2.73379
3.03609
0.851103
2.72344
3.04611
0.861544
2.71227
3.01958
0.852387
2.72555
3.05864
0.855837
2.80923
3.1454
0.884669
2.70087
2.98256
0.832014
2.68594
2.95734
0.818285
2.77021
3.08788
0.865007
2.72708
2.9471
0.835389
0.895868
3.48599
0.754662
2.53375
2.81856
0.76357
2.52195
2.81069
0.760844
2.57569
2.84903
0.773762
2.63392
2.89706
0.789603
2.65252
2.91418
0.795177
2.64838
2.91024
0.79391
2.68491
2.94766
0.80568
2.69128
2.95503
0.807885
2.68982
2.95328
0.807375
2.6964
2.9612
0.809694
2.70407
2.97087
0.81247
2.70632
2.97094
0.812194
2.70553
2.97249
0.813098
2.50466
2.85099
0.787068
2.56602
2.84169
0.77133
2.53711
2.87303
0.79518
2.65249
2.89016
0.799152
2.34998
2.58483
0.725545
2.66305
2.89834
0.801945
2.60138
2.86935
0.78048
2.56157
2.89085
0.801579
2.3791
2.60614
0.733014
2.21283
2.38855
0.68338
2.38776
2.61285
0.735328
2.68989
2.91984
0.809382
2.62833
2.8921
0.787983
2.58037
2.9055
0.806747
2.41079
2.63121
0.741661
2.71065
2.93724
0.815265
2.71657
2.94238
0.817024
2.41762
2.63696
0.743607
2.72198
2.94709
0.818565
2.59503
2.91764
0.810954
2.43571
2.65247
0.74889
2.23998
2.40952
0.690886
2.72704
2.95161
0.820099
2.44109
2.65733
0.750506
2.66327
2.92465
0.798539
2.60659
2.92777
0.814403
2.45532
2.67038
0.754881
2.74745
2.97017
0.826188
2.74393
2.96693
0.825154
2.75083
2.97334
0.827244
2.45957
2.67449
0.75622
2.25363
2.42136
0.694966
2.75393
2.97624
0.828145
2.67448
2.93619
0.80217
2.61576
2.93625
0.817243
2.47083
2.68545
0.759839
2.26078
2.42802
0.697193
2.47423
2.68893
0.760951
2.76235
2.98424
0.830749
2.68308
2.94556
0.805053
2.62309
2.9434
0.819592
2.48325
2.69817
0.763956
2.76945
2.99105
0.832878
2.77165
2.99317
0.833578
2.48601
2.70113
0.764884
2.27109
2.43816
0.700528
2.77366
2.99512
0.83415
2.62898
2.94944
0.821543
2.49334
2.70898
0.767396
2.27651
2.44382
0.702333
2.77565
2.99705
0.834791
2.4956
2.71152
0.768177
2.27816
2.44557
0.702898
2.69521
2.95973
0.809273
2.63376
2.95458
0.823172
2.50164
2.71823
0.77029
2.78419
3.00536
0.837351
2.78266
3.00387
0.836916
2.78574
3.00687
0.837853
2.50353
2.72042
0.77095
2.78715
3.00825
0.838241
2.69961
2.96518
0.810848
2.63766
2.95898
0.824543
2.50856
2.72618
0.77275
2.51017
2.72803
0.773318
2.79118
3.01221
0.8395
2.70324
2.96984
0.812173
2.64088
2.96278
0.825708
2.51436
2.7331
0.774699
2.79467
3.0158
0.840332
2.79579
3.01691
0.840478
2.79542
3.01725
0.839482
2.64317
2.96526
0.826573
2.79573
3.01768
0.835678
3.18603
1.06124
2.99869
0.883342
2.64329
2.8999
0.791217
2.71978
3.01042
0.843927
2.55918
2.75867
0.705598
2.56613
2.76576
0.708838
2.56818
2.76665
0.707986
2.57035
2.76964
0.709967
2.57606
2.7741
0.710147
2.58144
2.78043
0.713026
2.58771
2.78688
0.714796
2.58297
2.78097
0.712089
2.58468
2.78373
0.713935
2.59438
2.79297
0.715384
2.59576
2.7955
0.717114
2.59912
2.79818
0.716781
2.60334
2.80294
0.718039
2.60447
2.80527
0.719676
2.60712
2.80728
0.719173
2.60986
2.81152
0.721281
2.61054
2.81126
0.720202
2.6115
2.81343
0.721766
2.61365
2.81492
0.721139
2.61599
2.81873
0.723102
2.61869
2.82195
0.723907
2.61653
2.81831
0.722002
2.61737
2.82037
0.723511
2.62168
2.82442
0.723546
2.62245
2.82642
0.72501
2.624
2.82718
0.724238
2.62618
2.82978
0.724886
2.62688
2.8317
0.726316
2.62823
2.83223
0.725493
2.62987
2.83527
0.727195
2.63016
2.83454
0.726066
2.63082
2.8364
0.727471
2.632
2.83673
0.726607
2.6335
2.8396
0.728256
2.63518
2.84159
0.728745
2.63374
2.8388
0.72712
2.63436
2.84061
0.728504
2.63698
2.84265
0.728069
2.63755
2.84441
0.729437
2.63849
2.84444
0.728511
2.63993
2.84616
0.728938
2.64047
2.84786
0.730293
2.64132
2.84782
0.729339
2.64254
2.85028
0.73084
2.64267
2.84947
0.729707
2.64312
2.85107
0.731007
2.64354
2.85072
0.730103
2.64326
2.85223
0.731113
2.58375
2.75919
0.697353
2.6401
2.84621
0.729389
2.63136
2.83191
0.726454
2.58552
2.78008
0.690673
2.56162
2.76175
0.707643
2.58502
2.81099
0.755143
2.56383
2.76272
0.706817
2.57225
2.77045
0.709093
2.6029
2.82598
0.759931
2.57799
2.77699
0.712061
2.61766
2.83912
0.764051
2.57963
2.77761
0.711143
2.58609
2.78418
0.712981
2.63096
2.83922
0.738268
2.62987
2.85049
0.767559
2.59056
2.78989
0.715611
2.59179
2.79018
0.714626
2.64003
2.8482
0.740878
2.59682
2.79564
0.716101
2.64872
2.86911
0.7731
2.60036
2.80061
0.718462
2.65613
2.87676
0.775323
2.60129
2.80062
0.717426
2.65445
2.86302
0.745096
2.60528
2.80516
0.71862
2.66253
2.88351
0.777271
2.60816
2.80953
0.720771
2.66812
2.88953
0.77898
2.60887
2.80931
0.719699
2.61213
2.81313
0.72068
2.67305
2.8949
0.7805
2.61455
2.81703
0.722674
2.67744
2.89973
0.78185
2.61512
2.81665
0.721579
2.61788
2.81992
0.722408
2.67766
2.88811
0.751982
2.68137
2.90409
0.783068
2.61999
2.82349
0.724284
2.62045
2.82297
0.723177
2.68099
2.89179
0.75297
2.62286
2.82582
0.723899
2.68817
2.91169
0.785167
2.62473
2.82914
0.725684
2.69114
2.91503
0.78608
2.62511
2.8285
0.724567
2.68684
2.89828
0.754697
2.62722
2.83102
0.725194
2.69387
2.91811
0.786925
2.6289
2.83412
0.72691
2.69641
2.92097
0.7877
2.62921
2.8334
0.725784
2.63109
2.83565
0.72634
2.69876
2.92363
0.788427
2.63263
2.83856
0.728001
2.70096
2.92612
0.789097
2.63288
2.83778
0.726867
2.63458
2.8398
0.727366
2.69809
2.91088
0.757997
2.703
2.92845
0.789729
2.63599
2.84256
0.728981
2.6362
2.84172
0.72784
2.69992
2.91295
0.758534
2.63774
2.84355
0.728292
2.70671
2.93269
0.790872
2.63905
2.84618
0.729873
2.70841
2.93465
0.791392
2.63921
2.84531
0.728727
2.70328
2.91674
0.759517
2.64064
2.847
0.729143
2.71001
2.9365
0.791892
2.64192
2.84952
0.730686
2.71155
2.93828
0.792338
2.64198
2.84857
0.729535
2.6432
2.85017
0.729891
2.71298
2.93989
0.79268
2.64376
2.852
0.731488
2.7138
2.94077
0.79285
2.64355
2.85099
0.730374
2.60671
2.78735
0.716059
2.82987
0.853602
2.70692
2.93674
0.791921
2.62111
2.83417
0.694851
2.80623
0.775632
2.71866
3.0898
0.860089
2.74051
3.10131
0.8664
2.73898
3.10493
0.865524
2.75955
3.11611
0.871728
2.75464
3.11758
0.870013
2.77396
3.12809
0.875974
2.76666
3.12811
0.873694
2.78492
3.13785
0.879366
2.77584
3.13683
0.876693
2.79329
3.1458
0.882081
2.25745
2.39497
0.700913
2.25724
2.39481
0.700876
2.78282
3.14403
0.879124
2.79971
3.15229
0.884258
2.78786
3.14973
0.881064
2.80468
3.15763
0.88601
2.79141
3.15408
0.882537
2.80856
3.16206
0.887432
2.79411
3.15764
0.883691
2.81165
3.16577
0.888598
2.7963
3.16071
0.884643
2.81417
3.16892
0.889575
2.79816
3.1634
0.885457
2.81625
3.17166
0.890371
2.79969
3.16549
0.886036
2.81766
3.17367
0.890093
2.59493
2.95494
0.818929
2.604
2.96076
0.821135
2.64444
3.00648
0.832145
2.62713
2.9761
0.826894
2.65231
3.01159
0.834081
2.63369
2.98062
0.82856
2.67257
3.02523
0.839188
2.65069
2.99274
0.833003
2.6784
3.02933
0.840698
2.7458
3.10531
0.867875
2.73437
3.10137
0.864257
2.65559
2.99637
0.834304
2.69365
3.04042
0.84475
2.15133
2.32036
0.673017
2.15251
2.32143
0.673348
2.21656
2.39124
0.684369
1.96025
2.13915
0.620243
1.96036
2.13935
0.620307
2.66846
3.00621
0.837826
2.69809
3.0438
0.845965
2.76354
3.11935
0.872906
2.75109
3.1146
0.868968
2.67222
3.00918
0.838868
2.70976
3.05298
0.849253
2.15624
2.32479
0.67456
1.96063
2.13974
0.620441
1.96047
2.1395
0.620364
2.23056
2.40186
0.688197
2.15749
2.32594
0.674909
1.9608
2.13993
0.620511
1.96102
2.14021
0.620602
2.68218
3.01734
0.841722
2.71318
3.0558
0.850246
2.77699
3.13073
0.876919
2.76394
3.12562
0.87284
2.68511
3.01983
0.84257
2.7222
3.06347
0.85294
2.1613
2.32949
0.676153
1.9615
2.14075
0.620786
1.96124
2.14044
0.620686
2.25662
2.39456
0.700836
2.16255
2.33067
0.676504
2.24289
2.41194
0.691736
1.96176
2.14101
0.620879
1.96206
2.14135
0.620992
2.75592
3.02356
0.84974
2.71145
3.02948
0.845706
2.70085
3.02414
0.844285
2.69941
3.02284
0.843798
2.76124
3.02849
0.851417
2.75959
3.02694
0.850906
2.75782
3.02529
0.850324
2.69188
3.01449
0.851125
2.69405
3.01634
0.851793
2.69291
3.02668
0.844909
2.72484
3.06584
0.853754
2.78724
3.14
0.880127
2.77376
3.13477
0.875999
2.69521
3.02877
0.845605
2.73178
3.07225
0.855964
2.25668
2.39453
0.700825
2.16631
2.33428
0.677749
1.96271
2.14201
0.621216
1.96237
2.14164
0.621096
2.2569
2.39462
0.700834
2.25707
2.39475
0.700859
2.16752
2.33547
0.678094
1.96304
2.14233
0.621328
1.96342
2.14273
0.62146
2.62984
2.97426
0.84623
2.79907
3.07455
0.861557
2.66611
2.98696
0.832959
2.63124
2.97543
0.846662
2.80048
3.07591
0.862023
2.66767
2.98834
0.833462
2.76277
3.02999
0.851935
2.71884
3.03613
0.848029
2.70565
3.02854
0.845953
2.70456
3.0275
0.845573
2.76556
3.03276
0.852858
2.76421
3.0314
0.852392
2.69974
3.02131
0.853499
2.70141
3.02282
0.85404
2.70135
3.03455
0.847534
2.73381
3.07423
0.856632
2.79507
3.14756
0.882696
2.78123
3.14232
0.878561
2.70317
3.03631
0.848107
2.73914
3.07958
0.858441
2.17117
2.33907
0.679317
1.96419
2.14349
0.621717
1.96379
2.14307
0.62158
2.26297
2.4301
0.697892
2.63502
2.97867
0.84785
2.80426
3.07982
0.863307
2.672
2.99247
0.83486
2.63616
2.97967
0.848214
2.80536
3.08095
0.86369
2.67321
2.9936
0.835268
2.72458
3.04161
0.849896
2.70939
3.03226
0.84728
2.70852
3.03135
0.846971
2.76917
3.03649
0.854052
2.70582
3.02692
0.855411
2.77024
3.03765
0.854437
2.70712
3.02817
0.855854
2.70802
3.0412
0.849702
2.74071
3.08124
0.858987
2.80108
3.15374
0.884757
2.78676
3.14842
0.880624
2.70946
3.04269
0.850176
2.74479
3.0857
0.860466
2.63926
2.98246
0.849225
2.80837
3.08429
0.864757
2.67665
2.99709
0.836417
2.6402
2.98334
0.849538
2.80926
3.08526
0.865077
2.67761
2.99804
0.836753
2.72914
3.04623
0.851425
2.71245
3.03553
0.848388
2.71172
3.03472
0.848126
2.77488
3.04282
0.856029
2.77404
3.04186
0.855753
2.77315
3.04085
0.855426
2.71058
3.03158
0.856967
2.71161
3.03264
0.857335
2.71331
3.04684
0.8515
2.74598
3.08708
0.860911
2.80575
3.15883
0.886418
2.79061
3.15305
0.882203
2.71446
3.0481
0.851893
2.7491
3.09078
0.862113
2.64282
2.9858
0.850418
2.81173
3.08815
0.865981
2.6804
3.00104
0.837716
2.64364
2.98657
0.850693
2.81247
3.08899
0.866253
2.68118
3.00185
0.837997
2.77647
3.04467
0.856591
2.73286
3.05019
0.852701
2.71504
3.03845
0.849341
2.71441
3.03772
0.849113
2.77793
3.04641
0.857111
2.71436
3.03551
0.85825
2.77721
3.04556
0.856876
2.7152
3.03641
0.858561
2.71753
3.05164
0.852994
2.75
3.09193
0.862475
2.80941
3.16306
0.887769
2.79348
3.15677
0.883423
2.71845
3.05271
0.853322
2.75223
3.09486
0.863433
2.68352
3.00448
0.838817
2.68417
3.00517
0.839056
2.77862
3.04725
0.857376
2.73595
3.05365
0.853782
2.71727
3.0411
0.85017
2.71672
3.04043
0.84997
2.77992
3.04884
0.857845
2.77928
3.04805
0.857596
2.71743
3.03888
0.859323
2.71812
3.03965
0.859586
2.72093
3.05573
0.854244
2.75288
3.09576
0.863715
2.81234
3.16661
0.88888
2.79578
3.15995
0.884416
2.72168
3.05665
0.854522
2.75455
3.09813
0.864463
2.68615
3.00751
0.839769
2.6867
3.00812
0.839978
2.73859
3.05668
0.854729
2.71924
3.04353
0.850915
2.71875
3.04291
0.850735
2.78282
3.05247
0.858884
2.78228
3.05176
0.858708
2.78171
3.05106
0.858484
2.71995
3.04178
0.860239
2.72053
3.04245
0.860472
2.72371
3.05924
0.855311
2.75507
3.0989
0.86469
2.81473
3.16964
0.889817
2.79771
3.16274
0.885265
2.72432
3.06004
0.855554
2.75645
3.10097
0.865316
2.81922
3.09733
0.868785
2.68844
3.01023
0.840596
2.81972
3.09794
0.868968
2.68891
3.01076
0.84076
2.78335
3.05314
0.859083
2.78387
3.05384
0.859251
2.74087
3.05947
0.85549
2.721
3.04576
0.851518
2.72057
3.0452
0.851385
2.72207
3.04437
0.861024
2.78438
3.05447
0.859413
2.72257
3.04493
0.861191
2.72604
3.0623
0.856241
2.75689
3.10165
0.865512
2.81676
3.17231
0.890566
2.79937
3.16526
0.88596
2.72645
3.06276
0.856388
2.75803
3.1033
0.866014
2.78537
3.05578
0.859675
2.7139
3.02474
0.847414
2.74125
3.05791
0.854747
2.72034
3.0421
0.851002
2.77321
3.02564
0.854262
2.78488
3.05316
0.858136
2.78543
3.05579
0.859243
2.72317
3.0461
0.860468
2.72198
3.04659
0.856998
2.72182
3.0491
0.853219
2.75788
3.10234
0.865982
2.79101
3.13682
0.880545
2.81682
3.17058
0.88886
2.71247
3.01215
0.846229
2.74315
3.06492
0.856137
)
;

boundaryField
{
    front
    {
        type            cyclic;
    }
    Back
    {
        type            cyclic;
    }
    inlet
    {
        type            fixedValue;
        value           nonuniform List<scalar> 0();
    }
    outlet
    {
        type            inletOutlet;
        inletValue      nonuniform List<scalar> 0();
        value           nonuniform List<scalar> 0();
    }
    upperPatch
    {
        type            slip;
    }
    ground
    {
        type            kqRWallFunction;
        value           nonuniform List<scalar> 
1263
(
1.46234
0.686317
0.690005
0.84432
0.693389
0.846931
0.696467
0.849009
0.699245
0.850694
0.701744
0.852088
0.703989
0.85326
0.854268
0.855143
0.855778
0.735839
0.749445
0.745341
0.753168
0.762362
0.759598
0.764867
0.767143
0.771095
0.76921
0.77282
0.774404
0.777208
0.77586
0.778461
0.781741
0.780721
0.7827
0.785253
0.784453
0.786009
0.786726
0.788044
0.787403
0.788654
0.789235
0.79031
0.789786
0.79081
0.792182
0.791746
0.7926
0.793756
0.793388
0.79411
0.794456
0.795104
0.794785
0.79541
0.79571
0.796274
0.795996
0.79655
0.797055
0.797031
0.794317
1.49155
0.959799
0.715575
0.780453
0.717208
0.723217
0.759013
0.723639
0.796185
0.729306
0.769693
0.728211
0.729514
0.806209
0.730555
0.733775
0.776805
0.733832
0.812973
0.737106
0.781891
0.736329
0.737054
0.817892
0.737808
0.739679
0.78577
0.739557
0.821699
0.741758
0.788835
0.741116
0.741588
0.824724
0.742218
0.743475
0.791267
0.743268
0.82713
0.744907
0.793231
0.744341
0.74467
0.82908
0.745228
0.746117
0.794859
0.745857
0.830703
0.747157
0.796234
0.746636
0.746879
0.83208
0.747395
0.748068
0.79742
0.747777
0.833271
0.748883
0.798454
0.748388
0.74858
0.834308
0.74907
0.749566
0.79917
0.749354
0.8353
0.659495
1.58818
0.714292
0.653999
0.839965
0.731025
0.70653
0.714714
0.717012
0.722809
0.724449
0.728638
0.729839
0.732934
0.733834
0.736176
0.736867
0.73868
0.739223
0.740659
0.741097
0.742264
0.742625
0.743596
0.743896
0.744721
0.744973
0.745688
0.745896
0.746506
0.746657
0.746012
0.744533
0.902885
1.41051
0.719372
0.751586
0.719931
0.789168
0.721372
0.726499
0.764947
0.726803
0.801746
0.731713
0.773575
0.731839
0.80989
0.732784
0.735558
0.779541
0.735555
0.815609
0.738469
0.783951
0.738378
0.819906
0.73909
0.74077
0.787394
0.740623
0.823301
0.742658
0.790122
0.742468
0.825996
0.743075
0.744224
0.7923
0.744
0.828154
0.745537
0.794083
0.745288
0.829928
0.745832
0.746656
0.795576
0.746387
0.831421
0.747627
0.79685
0.747342
0.832699
0.74785
0.748488
0.797955
0.748192
0.833812
0.749262
0.798914
0.748958
0.834769
0.749404
0.749789
0.794867
0.747021
0.818123
0.755103
0.768817
0.786264
0.797487
0.800462
0.803691
0.804392
0.806273
0.808833
0.811864
0.79257
0.838172
1.15215
0.745444
0.747217
0.752027
0.758695
0.765752
0.768906
0.769622
0.81449
0.762058
0.733513
0.769103
0.771866
0.742044
0.776333
0.745983
0.781195
0.750305
0.783631
0.78468
0.753429
0.786514
0.755083
0.788769
0.757126
0.790026
0.790599
0.758789
0.791644
0.759746
0.792793
0.760529
0.778948
0.861541
0.866726
0.687271
0.871001
0.842735
0.8451
0.843298
0.8745
0.694192
0.84474
0.847562
0.845172
0.877347
0.846307
0.84953
0.846649
0.879653
0.699899
0.847572
0.851134
0.847857
0.881469
0.848636
0.852468
0.848881
0.882847
0.849556
0.853594
0.849768
0.883942
0.850361
0.854571
0.850553
0.884856
0.851082
0.855394
0.851241
0.885634
0.851589
0.855554
0.851606
0.885854
0.827826
0.83007
0.835889
0.837591
0.842122
0.862935
0.843474
0.847116
0.867879
0.848214
0.67412
0.851188
0.871948
0.852088
0.854527
0.875273
0.855266
0.700833
0.67854
0.845776
0.847075
0.857265
0.877974
0.85787
0.847471
0.848563
0.859505
0.880158
0.86
0.8489
0.864413
0.84984
0.861332
0.881852
0.861735
0.850133
0.865687
0.85096
0.866525
0.862814
0.883146
0.863135
0.863977
0.884188
0.864229
0.864905
0.885068
0.865116
0.868585
0.865699
0.885807
0.865878
0.865135
0.884434
0.862711
0.766226
0.791386
0.864884
0.7761
0.798555
0.87053
0.784441
0.804297
0.875022
0.791127
0.808956
0.878609
0.796367
0.812763
0.881479
0.81589
0.883779
0.818472
0.885628
0.820611
0.887124
0.808369
0.822393
0.888348
0.810094
0.823884
0.889366
0.811538
0.825149
0.890211
0.812758
0.826225
0.890632
0.809146
0.824754
0.867933
0.735466
0.789304
0.796917
0.728124
0.782514
0.802976
0.730628
0.737524
0.807881
0.739649
0.689116
0.811883
0.79953
0.815166
0.753497
0.695731
0.757477
0.802953
0.817873
0.761992
0.820115
0.763005
0.821979
0.766601
0.703456
0.823537
0.771564
0.811202
0.824854
0.772177
0.773835
0.825971
0.774312
0.826375
1.69089
0.776263
0.818375
0.740822
0.756544
0.779631
0.783604
0.79129
0.793003
0.79681
0.783196
0.747252
0.721858
0.792875
0.724923
0.762152
0.80409
0.771727
0.732875
0.811494
0.734698
0.778227
0.816786
0.782954
0.738983
0.820826
0.740238
0.786606
0.824032
0.789497
0.742876
0.826577
0.743857
0.791797
0.828626
0.793667
0.745577
0.830322
0.746391
0.795225
0.831755
0.796547
0.747561
0.832988
0.74828
0.79769
0.834062
0.798692
0.74911
0.834874
0.749867
0.797934
0.890634
0.506257
0.709493
0.757639
0.727479
0.725113
0.711046
0.712222
0.729651
0.731652
0.71911
0.765891
0.735233
0.721039
0.736809
0.713825
0.716384
0.725957
0.739619
0.770531
0.717807
0.727352
0.774252
0.743131
0.719086
0.730947
0.80705
0.804634
0.744145
0.720238
0.731979
0.811453
0.778154
0.746816
0.734668
0.779766
0.748337
0.81347
0.747598
0.72223
0.73545
0.749029
0.749685
0.737509
0.821449
0.782478
0.750895
0.738116
0.822797
0.751452
0.823964
0.722798
0.724653
0.739727
0.752486
0.784164
0.725353
0.74021
0.785635
0.753869
0.726005
0.741504
0.829899
0.829089
0.75429
0.726617
0.741897
0.83146
0.787321
0.755456
0.742962
0.788073
0.756163
0.83223
0.755814
0.727739
0.743287
0.756495
0.756817
0.744183
0.835319
0.78942
0.757428
0.744454
0.835907
0.757717
0.836374
0.727606
0.729212
0.745227
0.758268
0.790315
0.729657
0.745454
0.791134
0.759037
0.730085
0.746118
0.839074
0.83871
0.759279
0.730492
0.746308
0.839812
0.792123
0.759966
0.746739
0.792529
0.760342
0.840139
0.760166
0.731194
0.746724
0.760478
0.760525
0.735116
0.828606
0.792857
0.759578
0.721502
0.801964
0.756798
0.911718
1.55657
0.699638
0.717839
0.785028
0.755502
0.725283
0.799124
0.727956
0.767447
0.730721
0.808132
0.775262
0.734725
0.81434
0.736358
0.780759
0.737736
0.818928
0.784888
0.740103
0.822522
0.741275
0.788137
0.742039
0.825377
0.790711
0.743643
0.827653
0.744572
0.792778
0.744986
0.829512
0.79448
0.746126
0.831068
0.746911
0.795913
0.747114
0.832394
0.79714
0.747987
0.833544
0.748688
0.79821
0.748764
0.834535
0.799107
0.749562
0.833384
0.73634
0.827038
0.823192
0.758038
0.784665
0.8251
0.830136
0.793343
0.831605
0.869214
0.835547
0.778343
0.80011
0.685356
0.673781
0.836709
0.873967
0.839872
0.805556
0.675358
0.840812
0.877761
0.843392
0.792562
0.809983
0.675705
0.692577
0.676955
0.8464
0.850465
0.852375
0.84416
0.880795
0.846282
0.813605
0.677302
0.832406
0.861057
0.833959
0.862475
0.848596
0.852976
0.853262
0.854502
0.846915
0.883226
0.848666
0.801342
0.816585
0.678879
0.698582
0.83441
0.862896
0.835676
0.864065
0.850369
0.853684
0.854992
0.854768
0.856225
0.849188
0.885177
0.85064
0.819047
0.701149
0.836044
0.837094
0.865393
0.851828
0.85512
0.856629
0.857635
0.851072
0.886754
0.852279
0.806839
0.82109
0.8374
0.838288
0.853052
0.856333
0.857973
0.858807
0.852638
0.88804
0.853644
0.822793
0.838547
0.866778
0.839308
0.854094
0.859094
0.85805
0.859792
0.853944
0.889101
0.854795
0.81048
0.824222
0.83953
0.840202
0.855009
0.858287
0.860042
0.860645
0.855057
0.89
0.85579
0.825436
0.840394
0.840927
0.869144
0.855718
0.860848
0.859518
0.861282
0.856017
0.890662
0.856334
0.813025
0.826481
0.851103
0.861544
0.852387
0.855837
0.884669
0.832014
0.818285
0.865007
0.835389
0.895868
0.754662
0.76357
0.760844
0.773762
0.789603
0.795177
0.79391
0.80568
0.807885
0.807375
0.809694
0.81247
0.812194
0.813098
0.787068
0.77133
0.79518
0.799152
0.725545
0.801945
0.78048
0.801579
0.733014
0.68338
0.735328
0.809382
0.787983
0.806747
0.741661
0.815265
0.817024
0.743607
0.818565
0.810954
0.74889
0.690886
0.820099
0.750506
0.798539
0.814403
0.754881
0.826188
0.825154
0.827244
0.75622
0.694966
0.828145
0.80217
0.817243
0.759839
0.697193
0.760951
0.830749
0.805053
0.819592
0.763956
0.832878
0.833578
0.764884
0.700528
0.83415
0.821543
0.767396
0.702333
0.834791
0.768177
0.702898
0.809273
0.823172
0.77029
0.837351
0.836916
0.837853
0.77095
0.838241
0.810848
0.824543
0.77275
0.773318
0.8395
0.812173
0.825708
0.774699
0.840332
0.840478
0.839482
0.826573
0.835678
1.06124
0.883342
0.791217
0.843927
0.705598
0.708838
0.707986
0.709967
0.710147
0.713026
0.714796
0.712089
0.713935
0.715384
0.717114
0.716781
0.718039
0.719676
0.719173
0.721281
0.720202
0.721766
0.721139
0.723102
0.723907
0.722002
0.723511
0.723546
0.72501
0.724238
0.724886
0.726316
0.725493
0.727195
0.726066
0.727471
0.726607
0.728256
0.728745
0.72712
0.728504
0.728069
0.729437
0.728511
0.728938
0.730293
0.729339
0.73084
0.729707
0.731007
0.730103
0.731113
0.697353
0.729389
0.726454
0.690673
0.707643
0.755143
0.706817
0.709093
0.759931
0.712061
0.764051
0.711143
0.712981
0.738268
0.767559
0.715611
0.714626
0.740878
0.716101
0.7731
0.718462
0.775323
0.717426
0.745096
0.71862
0.777271
0.720771
0.77898
0.719699
0.72068
0.7805
0.722674
0.78185
0.721579
0.722408
0.751982
0.783068
0.724284
0.723177
0.75297
0.723899
0.785167
0.725684
0.78608
0.724567
0.754697
0.725194
0.786925
0.72691
0.7877
0.725784
0.72634
0.788427
0.728001
0.789097
0.726867
0.727366
0.757997
0.789729
0.728981
0.72784
0.758534
0.728292
0.790872
0.729873
0.791392
0.728727
0.759517
0.729143
0.791892
0.730686
0.792338
0.729535
0.729891
0.79268
0.731488
0.79285
0.730374
0.716059
0.853602
0.791921
0.694851
0.775632
0.860089
0.8664
0.865524
0.871728
0.870013
0.875974
0.873694
0.879366
0.876693
0.882081
0.700913
0.700876
0.879124
0.884258
0.881064
0.88601
0.882537
0.887432
0.883691
0.888598
0.884643
0.889575
0.885457
0.890371
0.886036
0.890093
0.818929
0.821135
0.832145
0.826894
0.834081
0.82856
0.839188
0.833003
0.840698
0.867875
0.864257
0.834304
0.84475
0.673017
0.673348
0.684369
0.620243
0.620307
0.837826
0.845965
0.872906
0.868968
0.838868
0.849253
0.67456
0.620441
0.620364
0.688197
0.674909
0.620511
0.620602
0.841722
0.850246
0.876919
0.87284
0.84257
0.85294
0.676153
0.620786
0.620686
0.700836
0.676504
0.691736
0.620879
0.620992
0.84974
0.845706
0.844285
0.843798
0.851417
0.850906
0.850324
0.851125
0.851793
0.844909
0.853754
0.880127
0.875999
0.845605
0.855964
0.700825
0.677749
0.621216
0.621096
0.700834
0.700859
0.678094
0.621328
0.62146
0.84623
0.861557
0.832959
0.846662
0.862023
0.833462
0.851935
0.848029
0.845953
0.845573
0.852858
0.852392
0.853499
0.85404
0.847534
0.856632
0.882696
0.878561
0.848107
0.858441
0.679317
0.621717
0.62158
0.697892
0.84785
0.863307
0.83486
0.848214
0.86369
0.835268
0.849896
0.84728
0.846971
0.854052
0.855411
0.854437
0.855854
0.849702
0.858987
0.884757
0.880624
0.850176
0.860466
0.849225
0.864757
0.836417
0.849538
0.865077
0.836753
0.851425
0.848388
0.848126
0.856029
0.855753
0.855426
0.856967
0.857335
0.8515
0.860911
0.886418
0.882203
0.851893
0.862113
0.850418
0.865981
0.837716
0.850693
0.866253
0.837997
0.856591
0.852701
0.849341
0.849113
0.857111
0.85825
0.856876
0.858561
0.852994
0.862475
0.887769
0.883423
0.853322
0.863433
0.838817
0.839056
0.857376
0.853782
0.85017
0.84997
0.857845
0.857596
0.859323
0.859586
0.854244
0.863715
0.88888
0.884416
0.854522
0.864463
0.839769
0.839978
0.854729
0.850915
0.850735
0.858884
0.858708
0.858484
0.860239
0.860472
0.855311
0.86469
0.889817
0.885265
0.855554
0.865316
0.868785
0.840596
0.868968
0.84076
0.859083
0.859251
0.85549
0.851518
0.851385
0.861024
0.859413
0.861191
0.856241
0.865512
0.890566
0.88596
0.856388
0.866014
0.859675
0.847414
0.854747
0.851002
0.854262
0.858136
0.859243
0.860468
0.856998
0.853219
0.865982
0.880545
0.88886
0.846229
0.856137
)
;
    }
    procBoundary3to0
    {
        type            processor;
        value           nonuniform List<scalar> 
87
(
1.86143
1.87942
1.83715
1.86099
1.87898
1.83688
1.86053
1.87845
1.83656
1.77275
1.86007
1.8779
1.83622
1.77272
1.75337
1.85967
1.87736
1.83587
1.77265
1.41152
1.48729
1.48729
1.5707
1.75313
1.85934
1.87689
1.83554
1.77256
1.41137
1.4872
1.4872
1.57066
1.75293
1.85911
1.87651
1.83526
1.77247
1.41123
1.48709
1.48709
1.57062
1.75278
1.859
1.87626
1.83505
1.77238
1.41107
1.48696
1.48696
1.57058
1.75269
1.85901
1.87616
1.83492
1.77231
1.41093
1.48682
1.48682
1.57054
1.75267
1.85915
1.87618
1.8349
1.77229
1.41078
1.48666
1.48666
1.57047
1.75268
1.85939
1.87652
1.83495
1.77222
1.41068
1.48652
1.48652
1.57043
1.75284
1.85981
1.87633
1.8351
1.77242
1.75336
1.86187
1.88113
1.83969
1.77508
)
;
    }
    procBoundary3to1
    {
        type            processor;
        value           nonuniform List<scalar> 
100
(
1.57433
1.53064
1.70376
1.69457
2.65217
1.7882
1.97413
1.69457
1.91849
2.70285
2.13235
2.22384
2.32082
2.35083
2.35083
2.65217
1.88752
1.88752
2.11796
2.11796
2.65114
2.12084
2.64986
2.42721
2.47739
2.71438
2.6802
2.76729
2.71438
2.45856
2.46334
2.35467
2.46186
2.37468
2.6529
2.37563
2.55009
2.54898
2.78994
2.06854
2.28788
2.20115
2.37468
2.19993
2.13643
2.06963
2.37837
2.65315
2.37665
1.97413
1.69816
1.87924
1.87924
1.97737
1.8816
2.22384
1.98606
2.10858
2.46334
2.28662
2.37885
2.68988
3.01194
0.841055
2.71031
2.97975
0.83742
2.68912
2.96313
0.835652
2.68992
3.01116
0.841018
2.65218
2.9952
0.853722
2.82071
3.09916
0.8693
2.69008
2.96264
0.834692
2.69008
2.96264
0.834692
2.68988
3.01194
0.841055
2.679
2.98031
0.835545
2.61243
2.80561
0.802438
2.75117
2.97615
0.837096
2.6887
3.00763
0.839863
)
;
    }
    procBoundary3to2
    {
        type            processor;
        value           nonuniform List<scalar> 
447
(
2.16155
2.16155
1.90638
2.16409
2.14705
1.90521
2.14986
1.90411
2.15457
1.90318
1.90318
2.65182
2.59197
1.57572
2.06772
1.9427
1.69341
1.69341
1.55704
1.92754
2.04704
1.52809
1.52739
1.77627
1.55664
2.05926
1.52683
1.52643
1.55751
2.07034
1.52615
1.52606
1.5596
2.08045
1.52612
1.52636
1.9632
1.52673
1.69557
1.52728
1.69701
1.87699
1.52802
1.69856
1.52889
1.70031
1.88123
1.52977
1.70201
1.88549
2.22597
2.22471
2.23758
2.24172
2.25432
2.25824
2.23433
2.26986
2.26986
2.06428
2.60415
2.60415
1.85997
2.06848
2.06848
1.77155
1.77754
2.04704
2.05637
2.05637
1.78379
1.79031
2.05926
2.06772
2.06772
1.79697
1.80378
2.07034
2.07805
2.07805
1.81064
1.81757
2.08045
2.08752
2.08752
1.87699
1.87699
1.87911
1.87911
1.88123
1.88337
1.88337
1.88549
2.51917
2.15997
2.56366
2.55339
2.07272
2.16409
2.16409
2.07083
2.61211
2.58578
2.58264
2.59464
2.06933
2.14817
2.06822
2.61826
2.62515
2.06744
2.15201
2.06709
2.64347
2.6488
2.06702
2.15745
2.06737
2.62911
2.34717
2.30765
2.59637
2.4174
2.31189
2.53114
2.54252
2.29098
2.20338
2.19773
2.30053
2.31921
2.20894
2.31005
2.21498
2.57344
2.58264
2.32824
2.34547
2.22686
2.22686
2.22073
2.33683
2.33683
2.61086
2.60303
2.31991
2.22908
2.32663
2.23318
2.3396
2.33328
2.63774
2.63168
2.34581
2.2461
2.35169
2.2501
2.36286
2.35746
2.75162
2.6585
2.6585
2.65383
2.4007
2.36815
2.26233
2.3731
2.26602
2.38244
2.37795
2.49966
2.76043
2.6003
2.24711
2.31979
2.31979
2.316
2.08875
2.05025
2.05025
2.05331
2.05331
2.06217
2.06217
2.06493
2.06493
2.07299
2.07299
2.07551
2.07551
2.08288
2.08288
2.08519
2.08519
2.53616
2.53616
2.78305
2.78305
2.78449
2.78375
2.05659
2.18617
2.0551
2.1878
2.05808
2.19082
2.18927
2.05949
2.78514
2.78583
2.78709
2.78709
2.78643
2.06222
2.19217
2.0609
2.19363
2.06358
2.19629
2.19491
2.06484
2.5467
2.54786
2.06732
2.1975
2.06613
2.1988
2.15745
1.95157
2.06737
1.70546
1.69168
1.86562
1.94412
1.94412
1.69429
1.86562
1.86562
1.52809
1.55676
1.52739
2.14828
1.83267
2.02134
1.52683
1.55699
1.52643
1.52615
1.55846
1.52606
1.52612
1.56111
1.72779
1.52636
1.69557
2.18617
1.859
2.0551
2.38244
2.20984
2.30573
2.70447
2.65614
3.02352
2.97827
0.843626
0.829908
2.66791
3.05617
0.847785
2.69962
3.0766
0.855297
2.69435
3.01849
0.842152
2.65846
2.98027
0.830598
2.67661
3.06164
0.849805
2.70637
3.0812
0.856972
2.62677
2.97175
0.845299
2.36484
2.71762
0.813482
2.36958
2.72134
0.814878
2.37106
2.72252
0.815362
2.37517
2.72588
0.816605
2.37647
2.72696
0.817044
2.38011
2.73003
0.818169
2.38128
2.73103
0.818573
2.38457
2.7339
0.819605
2.64518
2.98807
0.85122
2.64518
2.98807
0.85122
2.81582
3.09308
0.867505
2.81814
2.81814
3.09597
3.09597
0.868386
0.868386
2.65048
2.99342
0.853105
2.72876
2.64413
3.09262
2.97861
0.863231
0.838145
2.66387
2.99265
0.843299
2.67854
3.00372
0.84731
2.65947
2.98946
0.842105
2.67525
3.00118
0.846372
2.75387
3.02172
0.849083
2.68708
2.68708
3.01052
3.01052
0.849719
0.849719
2.66255
2.66255
2.98379
2.98379
0.831845
0.831845
2.79594
3.07154
0.86054
2.81456
3.09154
0.867032
2.81641
3.09378
0.867727
2.69243
3.07183
0.853552
2.7127
3.08557
0.858563
2.64963
2.98245
0.839538
2.66793
2.99566
0.844374
2.68158
3.0061
0.848147
2.68476
3.06683
0.85172
2.7127
3.08557
0.858563
2.65475
2.98606
0.84089
2.67173
2.9985
0.84543
2.68443
3.00838
0.848982
2.66053
2.98198
0.831229
2.36647
2.71889
0.813939
2.36806
2.72014
0.814449
2.37246
2.72366
0.815764
2.37385
2.72479
0.816223
2.37771
2.728
0.817405
2.37894
2.72903
0.817824
2.38239
2.732
0.818901
2.38351
2.73296
0.819289
2.81456
3.09154
0.867032
2.81519
3.09228
0.867268
2.81701
3.09456
0.867955
2.81757
3.09522
0.868168
2.65107
2.99406
0.853317
2.65164
2.99464
0.853524
)
;
    }
    procBoundary3to4
    {
        type            processor;
        value           nonuniform List<scalar> 
352
(
2.30843
2.13041
2.04177
2.04177
2.04177
2.01332
2.00803
1.94213
1.90528
1.94369
1.94212
1.84543
1.94245
1.94245
1.94245
1.90343
1.94244
1.90343
1.84492
1.84492
2.34584
2.34584
2.02615
1.98768
1.997
1.96714
2.11845
2.0736
2.06517
2.05349
1.92177
2.02791
2.01659
1.95121
1.84706
2.44381
2.14471
2.27063
2.1306
2.21978
2.11845
2.11845
2.24118
2.29296
2.16922
1.86499
2.06126
2.38967
1.22184
1.88741
1.88741
1.88741
1.88741
2.19197
2.19197
2.19197
2.19197
2.19197
1.8921
1.8921
1.8921
1.8921
1.94652
1.90007
1.90007
1.90007
1.90007
1.94369
1.91034
1.91034
1.91034
1.91034
1.94212
1.92256
1.92256
1.92256
1.92256
1.92256
1.94244
1.94244
2.15425
2.09899
2.15425
2.15425
2.09899
2.29091
2.37817
2.33896
2.72461
2.31164
2.39453
3.29624
2.23787
2.50812
1.9922
2.06279
1.96253
1.89352
1.92449
1.98204
1.95364
2.01069
2.06936
2.0074
2.06949
2.00845
2.03391
2.07958
2.05722
2.09998
2.1195
2.69859
2.32588
2.65241
2.68803
2.56349
2.59251
2.14117
2.14117
2.14117
2.27453
2.19217
2.27453
2.27453
2.86474
2.37092
2.68116
2.04757
2.00943
2.50409
2.06874
2.45532
2.45532
2.07544
2.06275
2.23957
1.86499
1.86499
1.86499
1.86499
1.94162
2.01145
2.01145
2.01145
2.01145
2.01145
2.16022
2.27066
2.14471
2.16022
2.36393
2.66919
1.78957
1.86819
2.1195
1.89112
1.88024
2.13496
2.32588
2.47286
2.47286
2.46701
2.36927
2.48594
2.36712
2.60336
2.68722
2.70513
2.82919
2.17152
2.11038
2.09229
2.11038
1.89112
1.8946
1.8946
1.82544
2.4857
2.26822
2.4872
2.27134
2.25748
1.98063
2.24182
1.98063
2.23545
2.23974
2.14059
2.10007
2.08612
2.05965
2.08612
2.05965
2.1306
2.09994
2.47565
2.37817
2.33896
2.09994
2.17549
2.32831
2.36786
2.59093
2.09721
2.11658
2.04774
2.06874
2.17103
2.23957
2.07458
2.39515
2.38581
2.71187
2.51571
2.43144
2.3476
2.43908
2.3511
2.33107
2.19906
2.2444
2.3013
2.27697
2.32682
2.43848
2.24867
2.189
2.26822
2.27134
2.18722
2.01069
2.0778
2.06949
2.0484
2.20806
2.21249
2.24291
2.21594
2.20895
2.20895
2.38579
2.38579
0.68237
0.68237
2.46567
2.83551
0.730322
2.57117
2.80515
0.714865
2.51391
2.88789
0.742438
4.32145
0.789508
2.32162
2.64057
0.703274
2.47415
2.77009
0.756352
2.54511
2.81429
0.772432
2.56488
2.82732
0.777107
2.61444
2.86184
0.789232
2.62828
2.87193
0.792802
1.07138
2.6764
2.85703
0.770382
2.66542
2.8124
0.761444
2.60041
2.78969
0.771824
2.48426
2.48322
2.83751
2.78757
0.782059
0.751954
2.61665
2.98894
0.825401
2.15014
2.31931
0.672604
2.48426
2.83751
0.782059
2.20503
2.38309
0.681362
0.364148
0.872047
2.55681
2.75764
0.706401
2.57277
2.78791
0.722554
2.5
2.78579
0.762119
2.52367
2.8005
0.767506
2.58287
2.83956
0.781403
2.5994
2.85108
0.785504
2.64088
2.88134
0.796045
2.91082
0.815975
2.55216
2.78162
0.754559
3.56635
0.75674
2.58502
2.94869
0.816538
2.33908
2.57718
0.722844
2.64088
2.88134
0.796045
2.20098
2.38033
0.680341
2.67442
2.90104
0.718627
1.96021
2.13904
0.620202
1.96021
2.13904
0.620202
)
;
    }
    procBoundary3to5
    {
        type            processor;
        value           nonuniform List<scalar> 
373
(
2.00702
1.92432
1.84386
2.0584
2.00665
1.92406
1.84378
2.0575
2.00638
1.9238
1.84369
2.05696
2.00625
1.92359
1.84357
2.05677
2.00627
1.92342
1.84346
1.95817
2.00644
1.92334
1.84334
1.96816
2.00677
1.92331
1.84323
2.453
1.97713
2.00724
1.92341
1.84316
2.45831
2.00782
1.92347
1.84299
2.46447
2.0085
1.92379
1.84305
2.00909
1.92341
1.84246
2.00895
2.00895
2.03683
2.00917
2.05901
2.0362
2.00828
2.00828
2.0076
2.0076
2.00816
2.03562
2.0076
2.05795
2.03522
2.00713
2.00713
2.00707
2.00707
2.00723
2.03487
2.00685
2.05723
2.0347
2.00678
2.00678
2.00731
2.00731
2.00709
2.03458
2.00689
2.05686
2.03462
2.00717
2.00717
2.01819
2.00768
2.03472
2.01819
2.01819
2.01819
2.01819
2.01819
2.03497
2.02002
2.02002
2.02002
2.03526
1.9659
2.022
2.022
2.022
2.03568
2.02405
2.02405
2.02405
2.03615
1.97512
2.02623
2.02623
2.02623
2.03675
2.02843
2.02843
2.02843
2.03735
2.4566
2.0307
2.0307
2.0307
2.03807
2.03298
2.03298
2.03298
2.03884
2.46294
2.03544
2.03544
2.03544
2.03969
2.03777
2.03777
2.03777
2.04049
2.03981
2.09827
2.0966
1.95836
1.96106
2.04135
2.04238
2.10011
2.10223
1.96507
1.96221
2.04255
2.04544
2.11753
2.10634
1.96785
1.96662
2.04376
2.61597
2.61726
2.61597
2.61999
2.61803
2.59287
2.61607
1.9609
1.9609
1.95817
1.95817
1.97063
1.97063
1.96816
2.453
1.97937
1.97713
2.45988
1.98712
1.98512
2.46583
2.0966
1.99415
1.95836
1.99232
2.32895
2.3287
2.09044
2.00917
2.09014
2.3283
2.32845
2.08929
2.08954
2.00816
2.32815
2.3281
2.08875
2.0076
2.08858
2.32808
2.32804
2.08801
2.08811
2.00723
2.32811
2.32811
2.18506
2.08761
2.00685
2.08758
2.18463
2.18479
2.08731
2.08726
2.00709
2.18441
2.18429
2.08705
2.00689
2.08718
2.18405
2.33005
2.18412
2.28445
2.08719
2.24768
2.087
2.00768
1.99385
2.28584
2.28445
1.96329
1.96329
1.9659
1.97277
1.97277
1.97512
2.45487
1.98125
1.98336
2.46147
1.98879
1.99072
2.17464
2.34259
0.680414
2.1791
2.34719
0.681885
2.28289
2.18331
2.45075
2.35166
0.704515
0.683288
2.28713
2.4555
0.705996
2.29227
2.4614
0.707801
2.51596
2.73446
0.775118
2.51696
2.73189
0.77411
2.91414
0.919347
1.51666
2.1758
2.34377
0.680836
2.28289
2.45075
0.704515
2.29345
2.46282
0.708138
2.25744
2.39537
0.701209
2.25687
2.39492
0.701023
2.25657
2.25657
2.39452
2.39452
0.700841
0.700841
2.07229
2.24951
0.657218
2.17803
2.34607
0.681574
2.18231
2.35057
0.682995
2.28577
2.45397
0.705516
2.29107
2.4601
0.7074
2.49357
2.69922
0.769514
2.5124
2.62596
0.748171
2.07259
2.24978
0.657309
2.07241
2.24963
0.657221
2.07204
2.24928
0.657143
2.07191
2.24917
0.657068
2.17351
2.34143
0.680087
2.1769
2.34491
0.681157
2.1802
2.34834
0.682291
2.18124
2.34945
0.682596
2.28433
2.45233
0.705018
2.28849
2.45709
0.70648
2.28977
2.45854
0.706945
2.51575
2.73463
0.775022
2.51575
2.73463
0.775022
2.25657
2.39459
0.700869
2.25659
2.3946
0.700891
2.07185
2.25768
2.24909
2.39507
0.657077
0.700942
2.25722
2.39523
0.701144
2.25702
2.39502
0.701074
2.25674
2.39476
0.700966
2.25666
2.39471
0.700932
2.07212
2.24938
0.657136
2.17233
2.34025
0.679653
1.96459
2.14386
0.621845
2.17233
2.34025
0.679653
)
;
    }
}


// ************************************************************************* //
