/*--------------------------------*- C++ -*----------------------------------*\
  =========                 |
  \\      /  F ield         | OpenFOAM: The Open Source CFD Toolbox
   \\    /   O peration     | Website:  https://openfoam.org
    \\  /    A nd           | Version:  10
     \\/     M anipulation  |
\*---------------------------------------------------------------------------*/
FoamFile
{
    format      ascii;
    class       volScalarField;
    location    "2000";
    object      omega;
}
// * * * * * * * * * * * * * * * * * * * * * * * * * * * * * * * * * * * * * //

dimensions      [0 0 -1 0 0 0 0];

internalField   nonuniform List<scalar> 
8649
(
2.68343
2.68069
1.03982
0.676813
0.555698
0.523388
0.466165
2.6783
1.14748
1.03649
0.674365
0.554913
0.522331
0.465072
2.67461
0.769726
1.1441
1.03415
0.672209
0.52175
0.554176
0.521338
0.464026
0.390137
4.9944
2.66942
0.767921
1.1417
1.03265
0.670367
0.520586
0.553506
0.520424
0.463032
0.389929
4.9663
4.33928
2.66312
0.766437
0.984258
1.14001
1.03179
0.668845
0.519512
0.533912
0.552908
0.519597
0.462092
0.389689
4.94114
1.62797
4.32744
2.65621
0.76524
0.486331
0.717717
0.983373
1.13879
1.03137
0.66764
0.518535
0.463407
0.533479
0.552393
0.518866
0.461213
0.389425
4.91865
1.62691
4.31695
2.64912
0.764288
0.485989
0.717138
0.982823
1.13788
1.0312
0.666728
0.51765
0.463188
0.533091
0.551962
0.518232
0.460403
0.389144
4.8988
1.62588
4.30789
2.64214
0.763527
0.48564
0.716689
0.982484
1.13711
1.03115
0.666068
0.516859
0.462973
0.532753
0.551607
0.517693
0.459664
0.388854
4.88155
1.62481
4.30019
2.63548
0.762911
0.485293
0.716349
0.982288
1.1364
1.03111
0.665618
0.516141
0.462766
0.532464
0.551326
0.517241
0.45899
0.388552
4.86671
4.29373
2.62929
0.762358
0.484935
0.71608
0.982159
1.13567
1.031
0.665314
0.515507
0.462548
0.532205
0.5511
0.516868
0.458387
0.388246
4.28833
2.6236
0.761863
0.484554
0.71581
0.981994
1.13489
1.03077
0.665057
0.514795
0.462307
0.531967
0.550922
0.516508
0.457754
0.387886
4.2838
2.61834
0.760937
0.483991
0.715369
0.981694
1.13404
1.03026
0.664537
0.514371
0.461922
0.531636
0.550715
0.516343
0.457265
0.387587
4.28015
2.61345
0.771928
0.980997
1.13345
1.03596
0.678681
0.520594
0.532258
0.552837
0.529821
0.464614
0.391234
2.73432
1.19067
1.10327
5.72571
5.69559
5.69244
5.6605
5.65745
5.62886
5.62639
5.60268
5.6009
5.58206
5.58089
5.56601
5.56532
5.55346
5.55313
5.54364
5.5436
5.53602
5.53622
5.53018
5.53056
5.52573
5.52626
5.52239
5.52296
5.51992
5.52073
6.95112
7.2641
4.37164
4.35847
3.75828
3.75493
1.58443
1.22177
4.35842
4.34303
3.7516
1.58364
1.22077
3.74549
1.57847
1.21682
4.34271
4.32637
2.03546
3.74164
1.57837
1.21638
3.73237
1.57492
1.21411
4.326
2.02732
4.31013
2.02961
3.72816
1.57526
1.21418
3.71757
1.57283
1.21328
4.30991
2.02184
4.29542
2.02453
3.71331
1.5734
1.21373
3.70286
1.57145
1.21373
4.29542
2.01681
4.28265
2.01928
3.69869
1.57212
1.2144
3.68911
1.57031
1.21481
4.2829
2.01151
4.27178
2.01365
3.68511
1.57099
1.21555
3.67671
1.56914
1.21602
4.27226
2.00585
4.26262
2.00775
3.6729
1.56979
1.21674
3.66573
1.56782
1.21705
4.2633
1.99995
4.25497
2.00177
3.66217
1.5684
1.21771
3.65626
1.56629
1.21778
4.25582
1.99404
4.2486
1.99589
3.65287
1.56685
1.21835
3.64809
1.56461
1.21815
4.2496
1.98827
4.2433
1.99023
3.64492
1.56512
1.21861
3.64117
1.56275
1.21812
4.24443
1.98273
4.23886
1.98483
3.63809
1.56324
1.21851
3.63532
1.56074
1.21767
4.24004
1.97755
4.23544
1.98076
3.63232
1.56118
1.21798
3.63038
1.55914
1.21635
4.23648
1.97645
4.4852
2.27488
3.62762
1.56209
1.21674
4.26317
1.67135
1.3117
4.57168
1.73673
1.73469
4.38558
1.70545
1.31382
9.23175
5.71264
9.21009
5.70971
9.1639
9.18711
9.13995
5.67787
9.1169
5.67454
9.07352
9.09458
9.05271
5.64406
9.03347
5.64117
8.99874
9.01538
8.98249
5.61505
8.96778
5.61281
8.94197
8.95422
8.92996
5.59171
8.91923
5.59015
8.90056
8.90936
8.89177
5.57353
8.88402
5.57252
8.8707
8.87692
8.8643
5.55934
8.85877
5.55875
8.84943
8.85374
8.8448
5.54823
8.84092
5.54796
8.83452
8.83741
8.8312
5.53957
8.82851
5.53956
8.82426
8.82613
8.82191
5.53289
8.8201
5.53309
8.81743
8.81854
8.81577
5.52779
8.81458
5.52815
8.81266
8.81359
8.81189
5.52392
8.81114
5.52441
8.81007
8.8106
8.80954
5.52105
8.8097
5.52157
8.83607
8.81469
8.97287
5.52376
9.31163
5.54569
19.023
11.4962
20.0815
2.68124
1.19366
1.1919
2.67897
1.19066
1.18949
2.67565
1.49127
1.18887
0.955987
1.48706
1.18825
0.952962
2.67082
1.48399
1.18814
0.951281
1.48129
1.18798
0.94901
2.66475
1.47939
1.18825
0.948025
1.47756
1.18842
0.946379
2.65795
1.47629
1.18894
0.945948
1.47493
1.18928
0.94477
2.65087
1.47398
1.18991
0.944739
1.47284
1.19029
0.943889
2.64385
1.47202
1.19093
0.944136
1.47096
1.19127
0.943507
2.63712
1.4702
1.19184
0.943916
1.46916
1.19209
0.94342
2.63081
1.46839
1.19256
0.943912
1.46733
1.19267
0.94347
2.62494
1.46653
1.19297
0.943958
1.46544
1.19297
0.943564
2.61955
1.46462
1.19311
0.943987
1.46344
1.19267
0.943356
2.61478
1.46254
1.19223
0.943486
1.46777
1.19441
0.946227
2.67026
1.5744
1.22298
0.985095
1.26087
10.5888
7.89029
5.7206
10.5657
8.00489
5.70126
10.5018
7.95592
10.5243
7.84482
10.5042
7.82776
5.68676
10.4822
7.93843
5.66595
10.4301
7.88949
10.4506
7.77893
10.4351
7.76387
5.65215
10.4151
7.87452
5.63366
10.3767
7.83531
10.3952
7.72411
10.384
7.71239
5.62178
10.366
7.82378
5.60673
10.3395
7.79439
10.3562
7.68239
10.3487
7.6737
5.59703
10.3324
7.78586
5.58542
10.315
7.76438
10.3304
7.65169
10.3255
7.64527
5.57767
10.3104
7.75806
5.56886
10.2992
7.74219
10.3138
7.62895
10.3107
7.62414
5.56258
10.2963
7.73746
5.55591
10.2892
7.72569
10.3032
7.61196
10.3013
7.60834
5.55077
10.2874
7.72215
5.54576
10.2832
7.71355
10.2968
7.59936
10.2957
7.59669
5.54155
10.2822
7.71095
5.53788
10.28
7.70482
10.2934
7.59022
10.2928
7.58827
5.53441
10.2796
7.70293
5.53183
10.2789
7.69865
10.292
7.58371
10.2919
7.58231
5.52895
10.2789
7.69731
5.52722
10.2792
7.69432
10.2921
7.57915
10.2923
7.57826
5.52481
10.2794
7.69351
5.52364
10.2805
7.69155
10.2933
7.57611
10.2938
7.57557
5.52175
10.2811
7.69107
5.52124
10.2835
7.69239
10.2963
7.57449
10.2967
7.57719
5.51982
10.2833
7.70587
6.1423
15.1559
14.1768
12.6545
9.80046
16.6924
14.5979
7.25216
17.0277
14.2509
4.3652
5.02671
5.02145
4.36516
5.01015
5.01562
4.36208
3.75817
4.36296
2.54389
2.15956
2.54823
2.15775
3.75491
4.36231
4.36303
2.54071
2.15595
2.15667
2.53822
4.35101
5.00391
4.99813
4.35062
4.98634
4.99196
4.36068
3.75072
4.3583
2.53484
2.15565
2.53637
2.15559
3.74708
4.3515
4.35518
2.53378
2.15619
2.15588
2.53281
4.33473
4.98011
4.9745
4.33418
4.96343
4.96864
4.34723
3.73918
4.34257
2.5311
2.15664
2.53198
2.15704
3.73509
4.33232
4.33754
2.53035
2.15793
2.15757
2.52945
4.31811
4.95771
4.95268
4.31762
4.94291
4.94745
4.32685
3.72495
4.32132
2.52739
2.15825
2.52852
2.15842
3.72068
4.31015
4.31571
2.52631
2.15857
2.15862
2.52502
4.30254
4.9379
4.93358
4.30225
4.92524
4.92907
4.30457
3.71003
4.29911
2.5221
2.15843
2.52366
2.15811
3.7058
4.2885
4.29372
2.5206
2.15724
2.1578
2.51892
4.28879
4.92094
4.91732
4.28874
4.91031
4.91348
4.28336
3.69573
4.27841
2.51534
2.15659
2.51721
2.15579
3.69164
4.26899
4.27359
2.51355
2.15407
2.15503
2.51164
4.27699
4.90664
4.90363
4.27718
4.89779
4.90039
4.26449
3.68263
4.26021
2.50769
2.15307
2.50972
2.15195
3.67872
4.25216
4.25608
2.50578
2.14969
2.1509
2.50377
4.26699
4.89467
4.89218
4.2674
4.88732
4.88944
4.24836
3.67096
4.24476
2.49973
2.14848
2.50179
2.14717
3.66725
4.23803
4.2413
2.49781
2.14464
2.14598
2.49582
4.25862
4.88466
4.88261
4.25921
4.87856
4.88028
4.2349
3.66077
4.23191
2.49189
2.14331
2.49389
2.14193
3.65724
4.22639
4.22907
2.49006
2.13929
2.14067
2.48817
4.25163
4.87628
4.8746
4.25239
4.87123
4.87262
4.22382
3.65199
4.22137
2.48447
2.13795
2.48634
2.13656
3.64863
4.21688
4.21906
2.48277
2.13392
2.13531
2.48099
4.24582
4.86927
4.86788
4.24672
4.86502
4.86619
4.21479
3.64449
4.2127
2.47757
2.13264
2.47933
2.13126
3.64128
4.20912
4.21091
2.476
2.12875
2.13006
2.4744
4.24097
4.86338
4.86226
4.24197
4.85983
4.8608
4.20743
3.63811
4.20572
2.47129
2.12753
2.47289
2.12618
3.63504
4.20281
4.20425
2.46989
2.1238
2.12506
2.46842
4.23697
4.85847
4.85778
4.23826
4.8575
4.85704
4.20143
3.63273
4.20006
2.46551
2.12261
2.467
2.12127
3.62983
4.20123
4.19948
2.46435
2.1187
2.12013
2.46409
4.23292
4.86113
4.88417
4.24012
5.60697
4.97151
4.21352
3.62961
4.28112
2.4954
2.11745
2.46828
2.1162
3.63726
7.22584
4.79522
2.66606
2.40235
2.14767
3.58051
6.8519
6.89536
3.3991
2.42644
3.48587
5.7179
10.5437
7.98975
10.5669
7.87681
5.70427
10.5452
7.86134
10.5224
7.97313
5.68342
10.4636
7.92145
10.4852
7.81097
5.66909
10.4672
7.79461
10.4463
7.90507
5.64912
10.4011
7.86057
10.4206
7.74979
5.63629
10.4073
7.73652
10.3884
7.84748
5.61938
10.3562
7.8132
10.3738
7.70165
5.60868
10.3645
7.69164
10.3475
7.8034
5.59531
10.3258
7.77812
10.3419
7.66581
5.58673
10.3357
7.65847
10.3202
7.77096
5.57653
10.3061
7.75236
10.3211
7.63944
5.56965
10.3171
7.634
10.3025
7.74706
5.56189
10.2936
7.73323
10.3078
7.61979
5.55631
10.3053
7.61573
10.2913
7.72929
5.55043
10.2857
7.71903
10.2995
7.60512
5.54586
10.298
7.60213
10.2844
7.71616
5.54148
10.2812
7.70871
10.2947
7.59437
5.53774
10.2938
7.5922
10.2806
7.70665
5.53456
10.2792
7.70135
10.2924
7.58663
5.53149
10.292
7.5851
10.2791
7.69992
5.52927
10.2788
7.69622
10.2919
7.58118
5.52672
10.2918
7.58012
10.279
7.69524
5.52526
10.2796
7.69276
10.2925
7.57746
5.52312
10.2927
7.57673
10.28
7.69212
5.52234
10.2816
7.69066
10.2944
7.57508
5.52053
10.2949
7.57433
10.2828
7.69043
5.52074
10.3065
7.7559
10.301
7.59002
5.66281
10.4636
7.68942
10.8495
8.63
1.6701
6.33072
6.31675
3.20064
3.20902
4.18097
1.66908
1.66493
6.27801
6.2657
3.17709
4.16508
3.18225
4.16014
1.69424
1.66457
1.69144
1.662
6.23012
6.2187
3.16049
4.14707
3.16454
4.14266
1.53141
0.981669
5.00146
1.35697
1.52962
0.980657
1.68969
1.66202
1.68814
1.66025
6.18601
6.17568
3.14606
4.13044
3.14977
4.12627
1.35638
1.5283
0.980366
4.97251
1.35573
1.52696
0.979482
1.68672
1.66048
1.6858
1.65905
6.14689
6.13796
3.1325
4.1148
3.13603
4.1109
1.35522
1.52595
0.979306
4.94661
1.35464
1.5248
0.978527
1.5088
1.61103
4.33037
1.50869
1.61095
1.68452
1.65932
1.68387
1.65789
6.11357
6.10614
3.11964
4.10035
3.12298
4.0968
1.35419
1.52389
0.978443
4.9235
1.35365
1.52278
0.977742
3.9688
0.998904
1.31245
1.62841
3.96226
0.998655
1.31236
1.50849
1.61032
4.31952
1.50838
1.6102
1.68264
1.65814
1.68206
1.65656
6.08614
6.08011
3.10768
4.08733
3.11078
4.08415
1.35324
1.52186
0.977738
4.90301
1.52072
0.977098
3.96012
0.998436
1.31222
1.62737
3.95425
0.998284
1.31212
1.50815
1.60953
4.3101
1.50798
1.60931
1.68082
1.65675
1.68026
1.65498
6.06407
6.05927
3.0968
4.07582
3.09961
4.07301
1.51973
0.977139
4.88513
1.51849
0.976532
3.95236
0.998136
1.31195
1.6263
3.94722
0.998052
1.31182
1.50769
1.6086
4.30208
1.50741
1.60824
1.679
1.65511
1.67836
1.65315
6.04658
6.04279
3.08705
4.06579
3.0896
4.06329
1.51742
0.976608
4.8697
1.51612
0.976024
3.94558
0.997951
1.31158
1.62517
3.94116
0.997902
1.31141
1.50704
1.60751
4.29532
1.50668
1.60703
1.67715
1.65323
1.67647
1.65113
6.03285
6.02989
3.0785
4.05716
3.08076
4.05499
1.51495
0.97609
1.51353
0.975474
3.93974
1.31112
3.93596
1.31086
1.50622
1.60624
4.28967
1.50576
1.60566
1.67525
1.65118
1.67457
1.64895
6.02216
6.0197
3.07106
4.04975
3.07303
4.04793
1.51234
0.975599
1.51089
0.974984
3.93475
1.31048
3.93149
1.31011
1.50518
1.60482
4.28494
1.50462
1.60413
1.67331
1.64897
1.67258
1.64662
6.01384
6.01191
3.06459
4.04351
3.06632
4.04191
1.5094
0.974746
1.50783
0.973753
3.93045
1.3096
3.92793
1.30898
1.50396
1.60331
4.28105
1.50324
1.60267
1.67138
1.64663
1.6708
1.6444
6.00734
6.00662
3.059
4.03816
3.06046
4.03686
1.51291
0.975177
1.57513
0.977268
1.50255
1.60194
4.3546
1.5088
1.61804
1.66994
1.64568
1.68986
1.69837
6.16399
6.47738
3.13868
4.0768
3.07036
4.15604
5.37388
4.59093
4.77387
5.25162
11.4279
11.9023
4.44967
5.45114
4.4681
5.83794
1.16494
6.29057
6.30347
3.19385
4.16993
4.17535
3.18766
6.24177
6.25365
3.1728
4.15127
4.15578
3.16851
5.64723
5.65965
6.42012
2.03077
3.21849
3.1939
3.21979
3.19336
6.40613
6.19661
6.20755
3.15698
4.13438
4.1386
3.15329
5.63405
5.62134
6.37607
3.21341
3.19017
2.03234
6.38954
3.21166
3.19029
5.5955
5.60808
6.36029
2.02444
3.20416
3.18597
3.20623
3.18619
6.34785
6.15611
6.16578
3.14282
4.11848
4.12245
3.13935
5.58234
5.57
6.32164
3.1984
3.1816
2.02707
6.33301
3.19605
3.18115
5.54546
5.55726
6.30802
2.01933
3.18764
3.17598
3.19012
3.17659
6.29792
6.1213
6.1295
3.12943
4.10371
4.10738
3.12613
5.53322
5.52192
6.27645
3.18158
3.17134
2.02196
6.28543
3.17899
3.17067
5.49978
5.51035
6.2652
2.0142
3.17038
3.16533
3.17294
3.16601
6.25743
6.09243
6.09915
3.11677
4.09032
4.09363
3.11369
5.48888
5.47895
6.24042
3.16434
3.16073
2.01652
6.24723
3.16181
3.16009
5.45972
5.46884
6.2313
2.00872
3.15352
3.15501
3.15591
3.15556
6.2255
6.06909
6.07449
3.10507
4.07842
4.08136
3.10225
5.45035
5.4419
6.21221
3.14773
3.1506
2.01074
6.21725
3.14544
3.15016
5.42567
5.4333
6.20485
2.00292
3.13777
3.14554
3.13985
3.14587
6.20065
6.05054
6.05481
3.09447
4.06803
4.07059
3.09194
5.41777
5.41076
6.19032
3.13234
3.14136
2.00477
6.19395
3.1304
3.14121
5.39732
5.40359
6.18432
1.99698
3.1235
3.13714
3.1252
3.13716
6.18137
6.03594
6.0393
3.08505
4.05906
4.06128
3.08281
5.39076
5.38502
6.17331
3.11847
3.13324
1.99879
6.17585
3.11692
3.1333
5.37404
5.37912
6.16832
1.99113
3.11081
3.1298
3.11213
3.12958
6.16631
6.02456
6.02717
3.07676
4.0514
4.05325
3.07483
5.36865
5.36403
6.15998
3.10619
3.12617
1.99301
6.16169
3.10503
3.12647
5.35515
5.35921
6.15578
1.98547
3.09965
3.12345
3.10061
3.123
6.1545
6.01571
6.01775
3.06955
4.04489
4.04647
3.06787
5.3507
5.34694
6.14945
3.09537
3.12003
1.98745
6.15054
3.09453
3.12047
5.33974
5.34302
6.14587
1.98005
3.08986
3.11787
3.09048
3.11726
6.14518
6.00888
6.01044
3.06332
4.03939
4.04071
3.06186
5.33664
5.3344
6.14194
3.08601
3.11475
1.98236
6.14196
3.0856
3.11547
6.14028
1.97529
3.08312
3.11438
3.08218
3.11263
6.1453
6.03772
6.01163
3.0584
4.043
4.03729
3.06043
6.39426
3.0859
3.11712
1.99144
6.17668
3.11324
3.14225
6.97362
2.05212
3.76359
3.87629
3.24484
3.26185
9.35607
10.7475
7.8861
3.4806
5.09616
4.54411
4.45078
5.31271
4.89085
4.81647
5.33981
2.94564
2.56577
1.78804
1.86763
2.66151
2.86508
1.91219
11.79
11.7845
11.6199
11.6709
11.7749
11.7802
11.6592
11.6078
11.7573
11.7622
11.6356
11.5845
11.7708
11.7659
11.5961
11.6472
11.754
11.7494
11.5734
11.6242
11.7419
11.7463
11.6132
11.5628
11.7291
11.733
11.5932
11.5435
11.7392
11.7353
11.5529
11.6028
11.7272
11.7235
11.5349
11.584
11.7183
11.7218
11.5756
11.5267
11.7097
11.7128
11.5605
11.5126
11.717
11.7139
11.5195
11.5676
11.709
11.706
11.5063
11.5538
11.7026
11.7054
11.5478
11.5005
11.6973
11.6998
11.5372
11.4906
11.7023
11.6999
11.4954
11.5421
11.6975
11.6951
11.4863
11.5325
11.6931
11.6954
11.5283
11.4823
11.6903
11.6924
11.5212
11.4756
11.6937
11.6917
11.4789
11.5245
11.6913
11.6893
11.4728
11.518
11.6884
11.6902
11.5153
11.4701
11.6874
11.6892
11.5106
11.4658
11.6895
11.6879
11.468
11.5127
11.6889
11.6872
11.4641
11.5086
11.687
11.6886
11.5069
11.4624
11.6873
11.6889
11.5041
11.4599
11.6886
11.6872
11.4612
11.5053
11.6891
11.6876
11.4589
11.5029
11.6878
11.6893
11.502
11.4579
11.6889
11.6904
11.5005
11.4566
11.6897
11.6884
11.4573
11.501
11.691
11.6896
11.4561
11.4999
11.6901
11.6916
11.4994
11.4556
11.6918
11.6932
11.4989
11.4552
11.6923
11.691
11.4555
11.499
11.694
11.6926
11.4551
11.4986
11.6934
11.6948
11.4986
11.455
11.6954
11.6968
11.4986
11.4551
11.6957
11.6944
11.4551
11.4984
11.6977
11.6964
11.4553
11.4987
11.6972
11.6986
11.4988
11.4553
11.6994
11.7008
11.4992
11.4559
11.6996
11.6983
11.4556
11.4989
11.7018
11.7003
11.4562
11.4995
11.7013
11.7027
11.4998
11.4565
11.7038
11.705
11.5006
11.4575
11.7038
11.7025
11.4569
11.5001
11.7064
11.7052
11.4583
11.5012
11.7067
11.7079
11.502
11.4592
11.7107
11.7117
11.5045
11.4621
11.7095
11.7086
11.4608
11.5031
11.7128
11.7112
11.4619
11.505
11.7232
11.7155
11.5034
11.4622
13.4287
12.5845
11.6069
13.0537
11.8039
12.0477
11.5518
11.4981
14.0655
14.5309
15.409
13.438
1.13096
1.12864
0.815678
0.802279
1.12678
0.814525
0.801307
4.52538
4.34324
4.5285
4.34056
1.12514
0.813382
0.800398
1.14565
1.12388
0.812419
0.799577
3.01335
5.01725
3.00922
1.87162
1.87629
2.73101
4.51238
4.33215
4.5157
4.3292
1.12277
0.811459
0.798829
1.1428
1.12196
0.810687
0.798167
3.00175
4.98654
2.99771
1.86618
2.7232
1.87057
2.71952
4.49918
4.32036
4.50245
4.31738
1.12124
0.809897
0.797561
1.14079
1.12075
0.809298
0.797052
2.99035
4.95916
2.98633
1.86144
2.71301
1.86567
2.7097
2.74705
4.60789
2.48662
4.3363
2.74821
4.60494
2.48517
4.48653
4.30871
4.48961
4.30587
1.12028
0.808671
0.79659
1.13937
1.12
0.808232
0.796226
2.97907
4.93469
2.97511
1.85707
2.70411
1.8612
2.70105
2.74285
4.59691
2.48394
4.32477
2.74407
4.59448
2.48235
4.47492
4.29777
4.47772
4.29515
1.11969
0.807749
0.795902
1.13832
1.1195
0.807446
0.795662
2.96807
4.91289
2.96421
1.85288
2.69615
1.85696
2.6933
2.73856
4.5879
2.48081
4.31463
2.73978
4.58592
2.47915
4.46461
4.28784
4.46707
4.2855
1.11926
0.807084
0.795443
1.13749
1.11911
0.806883
0.795304
2.95756
4.89372
2.95387
1.84878
1.85283
2.73433
4.58052
2.47745
4.30592
2.73553
4.57889
2.47577
4.45578
4.27906
4.45784
4.27702
1.11887
0.806616
0.795167
1.13676
1.11871
0.806499
0.795099
2.94774
4.87708
2.94423
1.84475
1.84877
2.73027
4.57446
2.47402
4.29855
2.73141
4.57314
2.47234
4.44853
4.27146
4.45021
4.2697
1.11844
0.806296
0.795018
1.13605
1.11823
0.806236
0.794993
2.93871
2.93542
1.84081
1.8448
2.72645
4.5695
2.47064
4.29237
2.72753
4.56842
2.46894
4.44267
4.26496
4.44402
4.26346
1.11789
0.806073
0.794933
1.1353
1.11761
0.806028
0.794902
2.93052
2.92737
1.83694
1.84091
2.72288
4.56541
2.4674
4.28721
2.72391
4.56452
2.46572
4.43795
4.25946
4.43904
4.25819
1.11719
0.805886
0.794848
1.1345
1.11679
0.80584
0.794775
2.92311
2.92047
1.83331
1.8372
2.71952
4.56205
2.46422
4.28288
2.7205
4.56134
2.46261
4.43414
4.2548
4.43501
4.25373
1.11624
0.805623
0.794613
1.13358
1.11577
0.805511
0.794472
2.71751
4.55978
2.46133
4.28135
2.71762
4.56137
2.46037
4.43787
4.25102
4.43306
4.25111
1.11705
0.805731
0.795657
1.13957
1.12844
0.80931
0.803759
4.40164
4.56277
4.39536
4.39856
4.5596
4.55635
4.39214
4.38866
4.54964
4.55306
4.38182
4.38537
4.54617
4.54262
4.37835
4.37464
4.53537
4.53903
2.56949
2.46391
1.75149
1.69359
2.57115
2.46246
1.75082
4.5222
4.33501
4.33784
4.51897
4.36752
4.37118
4.5317
4.52803
2.5678
1.69175
2.45984
1.74859
2.46099
1.74895
2.5664
4.6115
4.60333
4.60818
3.68128
2.4609
2.46363
3.67978
5.00974
3.00346
3.00751
1.8733
2.72502
2.72893
1.86876
4.36399
4.36029
4.52069
4.52437
2.56327
2.45839
1.7468
1.68952
2.5647
2.45722
1.74658
4.50905
4.3233
4.32627
4.50576
4.35333
4.35689
4.51705
4.51346
2.56175
1.68809
2.45497
1.74507
2.45597
1.7451
2.56048
4.60027
4.59565
3.67797
2.46135
3.67931
2.45871
4.58848
4.59286
3.6777
2.45678
2.45929
3.67653
4.97996
2.99203
2.99604
1.86805
2.71444
2.71792
1.86373
4.34996
4.34644
4.50638
4.5099
2.55748
2.45363
1.74357
1.68679
2.55885
2.45255
1.74358
4.49592
4.31155
4.31446
4.49276
4.33995
4.34327
4.50294
4.49959
2.55598
1.68559
2.45038
1.74239
2.45134
1.74227
2.55474
4.58588
4.58167
3.67539
2.45742
3.67642
2.45498
5.00471
4.57528
4.57929
3.67546
2.45339
2.45573
3.67459
4.95337
2.98071
2.98469
1.8634
2.70526
2.70843
1.85921
3.23824
5.91593
3.88657
3.23988
5.91182
3.88436
2.74616
4.3332
4.59945
2.48385
4.60212
2.48534
2.745
3.23664
5.90408
3.88003
5.90786
3.88221
3.23499
4.33685
4.33363
4.49304
4.49627
2.55177
2.44906
1.74099
1.68471
2.55312
2.44799
1.7411
4.4835
4.30039
4.30311
4.48059
4.32777
4.33076
4.48988
4.48685
2.55029
1.68359
2.44584
1.74
2.44679
1.73984
2.54907
5.00459
5.00483
4.57304
4.56916
3.67403
2.45419
3.67478
2.4519
5.00478
5.00458
4.5634
4.5671
3.67436
2.45058
2.45278
3.67373
3.84919
3.84768
5.94503
5.94178
3.84462
3.84612
5.93557
5.93864
4.92957
2.96963
2.97353
1.85907
2.69709
2.70003
1.85494
2.00468
3.22176
2.34922
3.96659
2.00565
3.22027
2.34781
2.00484
3.96435
3.21748
2.34666
3.21893
2.34808
2.00391
3.23174
5.90046
3.8779
3.2334
5.89704
3.87575
2.74192
4.32201
4.58998
2.48082
4.59218
2.48241
2.74073
3.23014
5.89068
3.8716
5.89378
3.87367
3.22852
4.325
4.32211
4.48095
4.48385
2.54615
2.44453
1.73862
1.68286
2.54747
2.44347
1.73874
4.47221
4.29019
4.29265
4.46961
4.31694
4.31959
4.47813
4.47543
2.54469
1.68175
2.44136
1.73764
2.44229
1.73749
2.54351
5.00463
5.00479
4.56144
4.55786
3.67361
2.45149
3.67416
2.44932
3.84309
3.84161
5.93262
5.92978
3.83867
3.84011
5.92439
5.92704
4.9084
2.95899
2.96275
1.85489
2.68972
2.69247
1.85081
2.00295
3.21618
2.34683
3.95813
2.00397
3.21474
2.34532
2.00306
3.95611
3.21208
2.34401
3.21347
2.34551
2.00205
3.22537
5.88773
3.8696
3.22697
5.88496
3.86759
2.73763
4.31224
4.58223
2.4775
4.58402
2.47914
2.73645
3.22385
5.87983
3.86377
5.88232
3.86567
3.22231
4.31454
4.31199
4.47025
4.4728
2.54068
2.44007
1.73624
1.68107
2.54196
2.43905
1.73635
4.46224
4.28112
4.28329
4.46
4.30751
4.30982
4.46778
4.46543
2.53926
1.67995
2.43701
1.7352
2.4379
1.73506
2.53806
3.83722
3.83583
5.92185
5.9194
3.83306
3.83441
5.9148
5.91706
4.88987
2.94898
2.95256
1.8508
1.84674
2.00101
3.21086
2.34412
3.95061
2.0021
3.2095
2.34256
2.00111
3.94884
3.20704
2.34117
3.20833
2.3427
2.00007
3.21936
5.87747
3.86194
3.22085
5.87525
3.86012
2.73344
4.30387
4.57587
2.47408
4.57733
2.47573
2.7323
3.21795
5.87117
3.85668
5.87315
3.85839
3.21653
4.30544
4.30324
4.46096
4.46315
2.53538
2.43577
1.73378
1.67924
2.53661
2.4348
1.73387
4.45381
4.27323
4.2751
4.45197
4.29941
4.30139
4.45886
4.45687
2.53402
1.67811
2.43286
1.73266
2.4337
1.73256
2.5329
3.83171
3.83041
5.91264
5.91056
3.82785
3.82909
5.90667
5.90858
4.87383
2.93975
2.94312
1.84678
1.84275
1.99896
3.20593
2.34125
3.94407
2.00009
3.20469
2.33966
1.99904
3.94254
3.20246
2.33825
3.20363
2.33979
1.99798
3.21384
5.86929
3.85506
3.2152
5.86753
3.85344
2.72944
4.29681
4.57065
2.47067
4.57185
2.47231
2.72835
3.21256
5.8643
3.85041
5.86587
3.85191
3.21127
4.2976
4.29578
4.45311
4.45494
2.5304
2.43168
1.73125
1.67737
2.53153
2.43077
1.73132
4.44694
4.26646
4.26806
4.44545
4.29257
4.29418
4.45136
4.44974
2.52914
1.67624
2.42898
1.73009
2.42974
1.73001
2.52813
5.90485
2.93136
2.93452
1.84284
1.83884
1.99685
3.20147
2.33833
3.93845
1.99799
3.20028
2.33671
1.99689
3.93713
3.19836
2.33535
3.19934
2.33688
1.99582
3.20884
5.86281
3.84898
3.21006
5.86142
3.84755
2.72568
4.2909
4.56638
2.46736
4.56736
2.46901
2.72462
3.2077
5.85887
3.8449
5.86011
3.84622
3.20654
4.29105
4.28951
4.44672
4.44818
2.52586
2.42787
1.7287
1.67546
2.52687
2.42704
1.72876
4.44139
4.26072
4.26208
4.4402
4.28686
4.2882
4.44533
4.44405
2.52472
1.67434
2.4254
1.72751
2.42609
1.72745
2.52382
2.92365
2.92665
1.83903
1.83508
1.99468
3.19739
2.33541
3.93364
1.99579
3.19636
2.33384
1.99468
3.9325
3.19452
2.33244
3.1955
2.33395
1.99357
3.20436
5.85769
3.84365
3.20547
5.85659
3.84241
2.72218
4.28596
4.56283
2.46417
4.56364
2.46578
2.72118
3.20333
5.85457
3.84008
5.85557
3.84124
3.2023
4.2856
4.28426
4.44167
4.44282
2.52175
2.42435
1.72608
1.6735
2.52267
2.42357
1.72614
4.4369
4.25586
4.25703
4.43593
4.28205
4.28317
4.44056
4.43954
2.52071
1.67238
2.42196
1.72492
2.42269
1.72485
2.51986
5.89267
5.89149
5.88967
5.89044
1.99232
3.1937
2.33252
3.92955
1.99352
3.19267
2.33096
1.99229
3.92863
3.19098
2.3295
3.1919
2.33109
1.99101
3.20034
5.85369
3.83901
3.20135
5.85279
3.83792
2.719
4.28184
4.56013
2.46118
4.56069
2.46276
2.71809
3.19955
5.85131
3.83592
5.85206
3.83693
3.19864
4.28099
4.27984
4.43764
4.43856
2.51805
2.42107
1.72355
1.67157
2.51884
2.42039
1.72361
4.43336
4.25181
4.25276
4.43276
4.28214
4.27949
4.43683
4.43675
2.51716
1.67051
2.41906
1.72256
2.41956
1.7224
2.51651
3.19877
5.85086
3.83505
3.19806
5.85292
3.83459
4.63603
2.48705
2.74526
2.72223
4.29403
4.57457
2.46545
5.99734
3.90042
3.24587
3.20681
5.8782
3.84212
4.29547
4.33771
4.45438
4.44017
2.51772
2.41845
1.72166
1.67097
2.51608
2.41935
1.72286
4.34105
4.53789
4.45973
4.26617
4.64585
4.45032
4.59812
4.49797
2.45835
1.74262
2.55862
2.52635
1.6743
2.42639
1.72685
2.68253
2.52591
1.88034
2.52158
1.87889
1.68546
1.68933
1.04191
0.939303
2.68011
2.5124
1.87666
2.50999
1.876
1.67635
1.67866
0.93727
0.760186
0.705052
1.03805
0.935483
0.759279
0.704144
2.67746
2.50457
1.8757
2.50295
1.87552
1.67188
1.67323
0.933907
0.758426
0.703274
1.03522
0.932605
0.757607
0.702422
2.6734
2.49903
1.87612
2.49771
1.87609
1.67
1.67084
0.931512
0.756869
0.701621
1.03332
0.930687
0.756183
0.700852
2.66789
2.49433
1.87676
2.49311
1.87666
1.66937
1.66999
0.930061
0.75558
0.700155
1.03217
0.929663
0.755045
0.69951
2.66139
2.48991
1.87693
2.48872
1.87664
1.66921
1.66977
1.07495
0.726292
0.790619
0.983806
1.07465
0.725857
0.790244
0.929422
0.754588
0.698952
1.03155
0.929359
0.754201
0.698457
0.970184
0.747868
0.969463
0.747363
1.64293
2.29648
1.23629
1.62892
1.6433
2.29616
1.23596
2.65441
2.48557
1.87631
2.48439
1.87582
1.66906
1.66964
0.883791
0.564036
0.675184
0.717388
0.883546
0.563751
0.674906
1.0744
0.725452
0.789833
0.983105
1.07426
0.725121
0.789586
0.929394
0.753883
0.698046
1.03128
0.929561
0.753621
0.6977
0.969009
0.746924
0.968502
0.746501
1.64251
2.29457
1.23546
1.62787
1.64291
2.2942
1.2352
2.6473
2.48129
1.87492
2.48013
1.87425
1.66871
1.66935
0.883299
0.563584
0.674677
0.716881
0.883147
0.56332
0.674456
1.07415
0.72481
0.78929
0.982669
1.07411
0.724563
0.789144
0.929769
0.753425
0.697435
1.03119
0.930062
0.753275
0.697226
0.968239
0.746144
0.967906
0.7458
1.64194
2.29248
1.23483
1.62681
1.64239
2.29207
1.23462
2.64041
2.47709
1.87289
2.47595
1.87208
1.66806
1.66879
0.882979
0.563174
0.67428
0.716487
0.8829
0.562934
0.674111
1.07405
0.724332
0.788945
0.982419
1.07406
0.724158
0.788886
0.930357
0.753173
0.697087
1.03116
0.930698
0.753099
0.696984
0.9678
0.745533
0.967589
0.745275
1.64121
2.29028
1.23436
1.62572
1.64172
2.28985
1.23415
2.63387
2.47299
1.8704
2.47189
1.86951
1.66715
1.66794
0.882786
0.562812
0.673982
0.716189
0.882745
0.562589
0.673853
1.07402
0.723992
0.788757
0.982263
1.07403
0.723877
0.788757
0.931006
0.753067
0.696948
1.03109
0.931333
0.753037
0.696918
2.62779
2.46908
1.86761
2.46802
1.86665
1.66597
1.66682
0.882645
0.562476
0.673751
0.71593
0.882604
0.562255
0.673637
1.07398
0.723757
0.788676
0.982128
1.07395
0.723667
0.788696
0.931603
0.753048
0.696956
1.03092
0.931866
0.753034
0.696966
2.62218
2.46535
1.86465
2.4643
1.86364
1.66455
1.66548
0.882479
0.562141
0.673543
0.715608
0.882371
0.56188
0.673401
1.07386
0.723569
0.788645
0.981905
1.07379
0.723474
0.788671
0.932061
0.753018
0.697007
1.03056
0.932179
0.752927
0.696966
2.61709
2.46178
1.86157
2.46085
1.8605
1.66289
1.66394
0.882115
0.561644
0.673178
0.71489
0.88172
0.561197
0.672823
1.07362
0.723262
0.788515
0.981404
1.07342
0.723019
0.788429
0.9322
0.752935
0.697024
1.03012
0.932143
0.753098
0.697178
2.61169
2.45976
1.85815
2.46348
1.85704
1.66456
1.66306
1.07346
0.722911
0.78861
0.984252
1.07814
0.724801
0.791474
0.935167
0.756682
0.699204
1.08586
0.992277
0.789718
0.733641
3.15852
1.97093
1.92173
0.991222
6.612
4.36831
6.60849
6.54012
4.04331
4.02739
6.65952
4.36199
6.59078
6.5945
6.63885
4.02332
4.03947
6.51897
4.51424
3.75977
4.52868
3.29596
2.81564
2.82231
3.2751
3.7534
4.5356
4.52337
3.28557
2.82108
2.81377
3.30643
1.98828
1.58743
2.28776
1.44001
2.29134
1.44367
1.98341
6.58848
4.3548
6.58476
6.51141
4.03768
4.0213
6.63131
4.34681
6.56731
6.57087
6.60832
4.01437
4.03084
6.48856
4.52386
3.75292
4.53502
3.30913
2.81375
2.82106
3.28855
1.97573
2.28498
1.43844
1.58102
1.97952
2.28217
1.4353
3.74455
4.52789
4.51795
3.29371
2.82082
2.81361
3.31342
1.97289
1.58066
2.27792
1.43167
2.28012
1.43427
1.97003
6.56529
4.33889
6.56183
6.48125
4.02818
4.01158
6.60092
4.33019
6.5466
6.54975
6.57987
4.003
4.01949
6.46052
4.5145
3.74241
4.52384
3.31365
2.81336
2.82046
3.2943
1.9655
2.27628
1.43103
1.57639
1.96784
2.27441
1.42878
3.73174
4.50995
4.50091
3.29253
2.8182
2.81139
3.3111
1.96389
1.57661
2.27153
1.42667
2.27314
1.42855
1.96205
6.54503
4.3222
6.54199
6.4542
4.01645
3.99988
6.57343
4.31382
6.52959
6.53227
6.55566
3.99091
4.00723
6.43675
4.49596
3.72863
4.50463
3.30939
2.8104
2.81707
3.29111
1.95906
2.2704
1.42668
1.57368
1.9607
2.2689
1.42502
3.71705
4.48895
4.48007
3.28461
2.81265
2.80623
3.3024
1.95801
1.57422
2.26656
1.42387
2.26793
1.4253
1.95663
6.52852
4.30627
6.52596
6.43155
4.00419
3.98782
6.55037
4.29888
6.5165
6.51869
6.53598
3.97925
3.99532
6.41741
4.47491
3.71373
4.48358
3.29962
2.8046
2.8109
3.28203
1.95429
2.2656
1.42427
1.57202
1.95564
2.26423
1.42296
3.70227
4.46881
4.45963
3.27317
2.80501
2.79887
3.2905
1.95346
1.57272
2.26204
1.42234
2.26335
1.42351
1.95224
6.51589
4.29202
6.51379
6.41327
3.99249
3.97638
6.53176
4.28586
6.50691
6.50871
6.52036
3.96864
3.98443
6.40204
4.45498
3.6992
4.46397
3.28738
2.79688
2.80295
3.27014
1.95011
2.26112
1.42292
1.57081
1.95137
2.25978
1.42177
3.68839
4.451
4.44151
3.2608
2.79653
2.79051
3.27796
1.94934
1.57156
2.2576
1.42135
2.25891
1.42244
1.94816
6.5067
4.27974
6.50498
6.39879
3.98191
3.96607
6.51705
4.27477
6.5001
6.5016
6.50813
3.95928
3.97481
6.38998
4.43748
3.68577
4.44677
3.27489
2.78841
2.79438
3.2578
1.94606
2.25669
1.42201
1.56968
1.94731
2.25534
1.4209
3.67582
4.43562
4.42582
3.24878
2.78792
2.78194
3.26589
1.94529
1.57041
2.25316
1.42053
2.25447
1.4216
1.9441
6.50019
4.26932
6.49875
6.38744
3.97261
3.95703
6.50557
4.26541
6.49539
6.49666
6.49863
3.95117
3.96646
6.38057
4.42238
3.67373
4.43198
3.26302
2.77987
2.78581
3.24596
1.94199
2.25225
1.42118
1.56844
1.94325
2.25091
1.42005
3.66472
4.42256
4.41246
3.23762
2.77959
2.77362
3.25474
1.94121
1.56912
2.24876
1.41963
2.25003
1.42072
1.94002
6.4957
4.26056
6.49447
6.3786
3.96457
3.94923
6.49666
4.25758
6.49225
6.49334
6.49129
3.94424
3.95932
6.37326
4.40958
3.66318
4.41949
3.25214
2.77164
2.77759
3.23506
1.93791
2.24784
1.42022
1.56702
1.93917
2.24654
1.41907
3.65507
4.41165
4.40127
3.22756
2.77183
2.76583
3.24472
1.93714
1.56764
2.24444
1.41856
2.24569
1.41968
1.93596
6.49273
4.25323
6.49166
6.37173
3.95771
3.94257
6.48976
4.25106
6.49028
6.49124
6.48562
3.93833
3.95323
6.36758
4.39883
3.65405
4.40909
3.24242
2.76399
2.76998
3.22528
1.93386
2.24357
1.4191
1.56541
1.93512
2.2423
1.41789
3.64678
4.40257
4.39194
3.21864
2.76471
2.75865
3.23588
1.93312
1.56601
2.24029
1.41727
2.24149
1.41847
1.93197
6.49088
4.24714
6.48993
6.36639
3.95188
3.93689
6.48445
4.24565
6.48915
6.49003
6.48126
3.9332
3.94806
6.36319
4.39001
3.64625
4.40051
3.23388
2.75699
2.76304
3.21666
1.92991
2.23946
1.41778
1.56364
1.93114
2.2382
1.41651
3.63968
4.39497
4.38423
3.2108
2.75829
2.75217
3.22811
1.9292
1.5642
2.23629
1.4158
2.23746
1.41703
1.92808
6.48984
4.24208
6.48896
6.36224
3.94682
3.93197
6.48036
4.24101
6.48857
6.48939
6.47783
3.92886
3.94359
6.3597
4.38253
3.63962
4.39333
3.22635
2.75068
2.75681
3.20902
1.9261
2.23552
1.41626
1.56172
1.9273
2.23433
1.41495
3.63364
4.38884
4.37796
3.204
2.75253
2.74634
3.22139
1.92544
1.56223
2.23253
1.41411
2.23365
1.41543
1.92432
6.48935
4.23794
6.48854
6.35902
3.94256
3.92789
6.47717
4.23762
6.48842
6.48927
6.47564
3.92582
3.9402
6.35709
4.37661
3.63404
4.38755
3.21993
2.74505
2.75125
3.20253
1.92239
2.23177
1.41451
1.55956
1.92356
2.23062
1.41312
3.62873
4.38387
4.37312
3.1981
2.74747
2.74127
3.21565
1.92192
1.56009
2.23003
1.41311
2.23008
1.41364
1.92207
6.48876
4.23414
6.48757
6.3558
3.93944
3.92472
6.47438
4.34856
7.00233
6.72375
6.53534
4.04236
3.96214
6.57886
4.37228
3.62928
4.38449
3.21538
2.74019
2.7465
3.1975
1.95718
2.23556
1.41674
1.57402
1.92719
2.26339
1.43244
3.89861
7.08443
5.30823
3.67376
3.08624
2.88861
4.48
2.07478
1.60811
2.53244
1.63572
2.35948
1.48263
2.43326
7.18219
4.61659
7.2905
7.32327
4.13822
4.32718
6.99301
2.856
2.61002
1.76894
1.79899
2.64354
2.75637
1.86241
6.99868
4.37516
6.83297
4.45127
3.16182
3.17889
4.4658
2.42885
2.62673
1.64534
1.73752
2.44199
2.69953
1.64356
2.68181
2.51501
1.87712
2.5181
1.8781
1.68318
1.68027
2.67957
2.50618
1.8756
2.50805
1.87592
1.67544
1.67378
2.67664
2.50025
1.8758
2.50164
1.87582
1.67176
1.67081
2.67217
2.49542
1.87648
2.49663
1.87647
1.67029
1.66969
2.66636
2.49095
1.87681
2.4921
1.87694
1.66984
1.66937
2.6597
2.4866
1.87639
2.48774
1.87672
1.66971
1.66926
2.65265
2.48231
1.87518
2.48343
1.8757
1.66953
1.66903
2.6456
2.47808
1.8733
2.47918
1.87397
1.66911
1.66852
2.63876
2.47396
1.8709
2.47503
1.87169
1.6684
1.66775
2.63232
2.47001
1.86815
2.47101
1.86905
1.66741
1.66668
2.62636
2.46619
1.8652
2.46717
1.86614
1.66617
1.66537
2.62086
2.46253
1.86221
2.46353
1.86314
1.66475
1.66387
2.61604
2.45955
1.85864
2.46026
1.85981
1.663
1.66202
2.61926
2.66522
1.93474
2.49266
1.86647
1.67674
1.73592
4.36846
6.60265
6.60631
6.65311
4.02616
4.0422
6.53344
4.36192
6.60039
6.59677
6.52638
4.04084
4.02493
6.64614
3.75653
4.53222
4.51852
3.27861
2.82155
2.81459
3.29964
3.75658
4.52162
4.53448
3.30313
2.81397
2.82114
3.28213
4.3546
6.57877
6.58249
6.62357
4.01908
4.03554
6.50366
4.34707
6.57654
6.57298
6.49605
4.03317
4.01689
6.61585
3.74949
4.53336
4.5227
3.29086
2.82107
2.81377
3.31116
3.74822
4.52068
4.53091
3.3125
2.8137
2.82096
3.2925
4.33847
6.55647
6.55987
6.59361
4.0087
4.0253
6.47402
4.33055
6.55463
6.55144
6.46714
4.02232
4.00596
6.58656
3.73846
4.51937
4.51019
3.2942
2.8199
2.81289
3.31328
3.73579
4.50562
4.51469
3.31231
2.81222
2.81911
3.29352
4.32179
6.53755
6.5405
6.56718
3.9968
4.0133
6.44803
4.31408
6.53619
6.53347
6.44224
4.01015
3.99392
6.56122
3.72444
4.49926
4.49055
3.28921
2.81576
2.80918
3.30732
3.72121
4.48524
4.494
3.30487
2.80774
2.81422
3.28695
4.30602
6.5225
6.52497
6.54526
3.98482
4.0011
6.42651
4.29892
6.52164
6.5194
6.42182
3.99807
3.98208
6.54043
3.70954
4.47837
4.46953
3.27917
2.80904
2.80279
3.29667
3.70636
4.46443
4.47343
3.29352
2.80084
2.80701
3.27613
4.29202
6.51124
6.51326
6.52768
3.97364
3.98965
6.40923
4.28565
6.51082
6.509
6.40552
3.98689
3.97117
6.52385
3.69513
4.45932
4.45017
3.267
2.80084
2.79479
3.28421
3.69232
4.44569
4.455
3.28098
2.79262
2.79865
3.2638
4.27999
6.50315
6.50481
6.51384
3.96364
3.97938
6.3956
4.27432
6.50306
6.50157
6.39269
3.97694
3.96149
6.51084
3.68187
4.44274
4.43328
3.25472
2.79223
2.78626
3.27182
3.67957
4.4294
4.43902
3.26873
2.78406
2.79002
3.25164
4.26978
6.49745
6.49886
6.50306
3.9549
3.9704
6.38493
4.26475
6.49763
6.49638
6.38267
3.96828
3.95307
6.50072
3.67003
4.42853
4.41876
3.24309
2.78371
2.77776
3.26018
3.66827
4.41546
4.42539
3.25733
2.77566
2.7816
3.24024
4.26123
6.49359
6.4948
6.49471
3.9474
3.96268
6.37664
4.25674
6.49396
6.49289
6.37489
3.96085
3.94585
6.4929
3.65966
4.41658
4.40652
3.23246
2.77564
2.76968
3.24958
3.65844
4.40375
4.41397
3.24702
2.7677
2.77367
3.22989
4.25407
6.49108
6.49215
6.48825
3.941
3.9561
6.3702
4.25006
6.4916
6.49066
6.36884
3.95452
3.93969
6.48685
3.65071
4.40666
4.39633
3.22297
2.76819
2.76217
3.24015
3.65
4.39404
4.40451
3.23789
2.76036
2.76638
3.22069
4.24813
6.48957
6.49053
6.48328
3.93554
3.95049
6.3652
4.24451
6.4902
6.48935
6.36414
3.94913
3.93444
6.48219
3.64306
4.39847
4.38792
3.21457
2.7614
2.75532
3.23183
3.64279
4.38603
4.39672
3.22993
2.75369
2.75979
3.21264
4.24318
6.48875
6.48964
6.47945
3.93082
3.94564
6.36132
4.23987
6.48942
6.48863
6.36043
3.94448
3.92991
6.47854
3.6365
4.39167
4.38091
3.20722
2.7553
2.74915
3.22457
3.63668
4.37938
4.39022
3.22295
2.74772
2.75389
3.20557
4.2391
6.48856
6.48936
6.47664
3.92708
3.94163
6.35844
4.23626
6.48926
6.48858
6.35785
3.94082
3.92652
6.47614
3.63108
4.3862
4.37533
3.20095
2.74994
2.74374
3.21837
3.63155
4.37395
4.38534
3.21692
2.74248
2.74871
3.19946
4.23501
6.4876
6.48842
6.47207
3.9228
3.93822
6.35335
4.26765
6.49998
6.54903
6.35763
3.93678
3.93019
6.4701
3.62641
4.39102
4.37358
3.19709
2.74498
2.73872
3.21797
3.70109
4.42233
4.66861
3.35509
2.74793
2.7868
3.23967
1.67244
2.44969
2.45196
2.559
1.73757
1.73898
2.55655
2.44785
1.66712
2.44602
2.55169
1.7347
2.55371
1.73384
1.66647
2.44323
2.44467
2.5495
1.73109
1.73151
2.54803
2.44204
1.66322
2.44071
2.54464
1.72903
2.54601
1.72893
1.66309
2.43856
2.43974
2.54294
1.72731
1.72718
2.54189
2.43757
1.66098
2.43633
2.53893
1.72566
2.54009
1.72594
1.66113
2.43427
2.43545
2.53739
1.72491
1.72452
2.53641
2.43329
1.65959
2.43201
2.53354
1.7235
2.5347
1.72395
1.65985
2.42985
2.43108
2.53201
1.72312
1.72264
2.53103
1.99604
2.25183
1.47968
1.61127
1.9963
2.25132
1.48066
1.9956
1.61067
2.25016
1.48058
2.25061
1.47956
1.99539
2.42882
1.65845
2.42749
2.52813
1.72175
2.5293
1.72224
1.65871
2.42523
2.42651
2.52658
1.7214
1.72093
2.5256
1.64312
1.62743
2.29526
1.23557
2.29556
1.23584
1.64278
1.99446
2.24931
1.47941
1.61055
1.9948
2.24873
1.48041
1.99394
1.60992
2.24743
1.48033
2.24795
1.47932
1.99366
2.42415
1.65722
2.42281
2.52269
1.72
2.52383
1.72045
1.65744
2.42052
2.42179
2.52113
1.71952
1.71909
2.52019
1.64267
1.6264
2.2932
1.23491
2.29355
1.23513
1.64228
1.99259
2.24652
1.47915
1.60974
1.99299
2.24589
1.48013
1.992
1.60908
2.24451
1.47999
2.24506
1.479
1.99163
2.41943
1.65578
2.41809
2.51733
1.71805
2.51843
1.71845
1.65593
2.41582
2.41705
2.5158
1.7174
1.71702
2.51486
1.64208
1.62535
2.29101
1.23441
2.29139
1.23459
1.64165
1.99048
2.24356
1.47877
1.60877
1.99094
2.24291
1.47971
1.98985
1.60807
2.24149
1.47952
2.24206
1.47858
1.98944
2.41473
1.65406
2.41344
2.51217
1.7159
2.51321
1.71625
1.65417
2.41125
2.41244
2.51069
1.71512
1.7148
2.50981
1.64134
1.62426
2.28877
1.23397
2.28916
1.23416
1.64086
1.98822
2.24054
1.47826
1.60761
1.98871
2.23989
1.47914
1.98753
1.60688
2.23848
1.47886
2.23904
1.47796
1.98714
2.4102
1.65212
2.40896
2.50724
1.71358
2.50817
1.71389
1.65219
2.40685
2.40801
2.50577
1.71268
1.71239
2.50499
1.9859
2.23754
1.47755
1.60633
1.98635
2.2369
1.4784
1.98519
1.60556
2.2355
1.47802
2.23608
1.47719
1.98476
2.4059
1.65003
2.40469
2.5026
1.71111
2.50345
1.71138
1.65006
2.40272
2.40384
2.50122
1.71013
1.70987
2.5005
1.9835
2.23463
1.4767
1.60487
1.98401
2.23396
1.47749
1.98278
1.60409
2.2326
1.477
2.23316
1.47621
1.98237
2.40181
1.64778
2.40068
2.49829
1.70852
2.49904
1.70878
1.64779
2.39885
2.3999
2.497
1.70748
1.70723
2.49632
1.98112
2.23178
1.47565
1.60333
1.98159
2.23117
1.47639
1.98046
1.60257
2.22997
1.47591
2.23045
1.47516
1.98004
2.39798
1.64536
2.3969
2.49422
1.70589
2.49502
1.70615
1.64535
2.39573
2.39622
2.49322
1.70494
1.70466
2.49303
1.97974
2.22936
1.47469
1.60263
1.97941
2.23003
1.47576
2.26227
1.48662
2.00102
1.98349
1.60508
2.23557
1.47752
2.39887
1.65172
2.41339
2.49931
1.70403
2.49391
1.70663
1.66823
2.52442
1.73089
2.45389
2.55511
2.51584
1.71338
1.76253
1.22384
1.56425
1.34314
1.56617
1.34653
1.75901
1.75384
1.56285
1.34192
1.21896
1.75636
1.56149
1.33901
1.75212
1.21829
1.55979
1.3359
1.56065
1.33829
1.75044
1.74823
1.55935
1.33557
1.21517
1.74937
1.55885
1.33356
1.74767
1.21503
1.55859
1.33203
1.55877
1.33366
1.74695
1.74614
1.55872
1.33242
1.21345
1.74666
1.55871
1.33107
1.74606
1.21378
1.55916
1.33063
1.55904
1.33173
1.74568
1.74528
1.55953
1.33145
1.21335
1.74565
1.55967
1.33049
1.74528
1.21397
1.56026
1.33063
1.5601
1.33146
1.74492
1.74443
1.56062
1.33165
1.21419
1.74487
1.56069
1.33085
1.74434
1.21495
1.56103
1.33118
1.56101
1.33194
1.74387
1.74311
1.56123
1.33226
1.21538
1.74368
1.56114
1.33148
1.74286
1.21616
1.56114
1.33178
1.56128
1.33256
1.74225
1.74119
1.56117
1.33281
1.21652
1.7419
1.56092
1.33194
1.7408
1.21725
1.56059
1.33212
1.56089
1.33297
1.74007
1.73877
1.56046
1.33305
1.21742
1.73959
1.56007
1.33211
1.73827
1.21808
1.55947
1.33208
1.5599
1.33304
1.73744
1.73596
1.5592
1.33291
1.21796
1.73687
1.55869
1.33186
1.7354
1.21853
1.55788
1.33165
1.55842
1.3327
1.73449
1.73292
1.55753
1.33238
1.21814
1.73386
1.55693
1.33124
1.73231
1.21862
1.55596
1.33083
1.55657
1.33198
1.73138
1.72974
1.55554
1.33149
1.21792
1.73072
1.55486
1.33026
1.72911
1.2183
1.55375
1.32963
1.55444
1.33091
1.72813
1.7264
1.55326
1.33021
1.21721
1.72745
1.55246
1.32883
1.72576
1.21734
1.5509
1.32827
1.55188
1.32932
1.72527
1.73906
1.55013
1.33024
1.21644
1.7269
1.54964
1.33791
1.80593
1.22712
1.71559
1.54071
1.56729
1.36994
2.1741
2.12661
1.71931
1.53215
1.30865
2.15048
1.71399
1.52164
8.87769
16.1774
28.5726
8.86616
16.1753
28.6493
9.31514
17.7615
30.7311
8.85781
16.1796
28.7195
9.30552
17.76
30.7786
8.85207
16.1885
28.7831
9.29843
17.7616
30.8164
8.84859
16.201
28.8405
9.29338
17.7652
30.8469
8.84707
16.2159
28.892
9.28997
17.7701
30.8722
8.84711
16.2321
28.9381
9.28783
17.7756
30.8934
9.28665
17.7815
30.9117
9.28614
17.7875
30.9275
9.28729
17.795
30.9404
14.6558
28.1391
45.5582
14.5867
28.0382
45.9774
14.6069
28.0611
45.8514
14.5688
28.023
46.0915
14.5261
28.0073
46.372
14.5387
28.0085
46.2878
14.5149
28.0091
46.4481
14.5051
28.0132
46.5171
14.4889
28.0269
46.6368
14.4964
28.0193
46.5798
14.4824
28.0357
46.6889
14.4768
28.0455
46.7367
14.4683
28.0671
46.8213
14.4722
28.056
46.7807
14.4651
28.0787
46.859
14.459
28.1144
46.9576
14.4605
28.1024
46.927
14.4579
28.1265
46.9864
14.4567
28.1621
47.063
14.4568
28.1503
47.039
14.4569
28.1737
47.0856
14.4574
28.185
47.1071
14.4589
28.2072
47.1466
14.4581
28.1962
47.1274
14.46
28.2179
47.1648
14.4611
28.2284
47.1822
14.4639
28.2486
47.2143
14.4625
28.2386
47.1986
14.4654
28.2583
47.2292
14.4703
28.286
47.2702
14.4686
28.277
47.2572
14.4721
28.2948
47.2826
14.4776
28.3196
47.3171
14.4758
28.3116
47.3061
14.4795
28.3275
47.3277
14.4813
28.335
47.338
14.4851
28.3497
47.3573
14.4833
28.3425
47.3478
14.4871
28.3568
47.3664
14.4889
28.3636
47.3753
14.4928
28.3769
47.3921
14.4909
28.3703
47.3838
14.4946
28.3832
47.4003
14.5375
28.4607
47.5542
14.507
28.4103
47.4402
14.6902
28.6292
47.9568
31.7893
21.3657
48.4387
18.8753
34.8107
58.1906
17.8617
34.771
59.7059
18.8387
34.7763
58.2569
18.8272
34.8121
58.5005
17.9411
34.7049
58.8801
18.8599
34.8574
58.5176
17.7858
34.671
60.3046
18.8235
34.8782
58.7462
17.8991
34.6864
59.2929
18.8571
34.9072
58.7021
18.8575
34.9243
58.7546
17.7483
34.656
60.6831
18.8242
34.8956
58.7965
18.8281
34.9459
58.9259
17.8816
34.7119
59.5662
18.8627
34.9911
58.9283
17.7332
34.6818
60.9371
18.8375
35.0079
59.0596
17.8787
34.7561
59.7609
18.8698
35.038
59.0284
18.8726
35.0528
59.0575
17.7315
34.725
61.1212
18.8404
35.0225
59.0876
18.8499
35.0636
59.1625
17.8839
34.8067
59.9089
18.8853
35.1081
59.1577
17.7373
34.7743
61.2633
18.8637
35.1134
59.2456
17.8932
34.8574
60.0257
18.8958
35.1457
59.22
18.8993
35.1575
59.2388
17.7466
34.8235
61.3759
18.8673
35.125
59.264
18.8778
35.1578
59.3142
17.9037
34.9055
60.1181
18.9134
35.2016
59.3059
17.757
34.8703
61.4654
18.8916
35.1976
59.3712
17.9149
34.9498
60.1927
18.9238
35.2316
59.3487
18.9272
35.241
59.3618
17.768
34.9133
61.5378
18.895
35.2069
59.384
18.9049
35.2329
59.4194
17.9263
34.9898
60.2544
18.9404
35.276
59.4091
17.779
34.9523
61.598
18.9174
35.2643
59.4608
17.9374
35.0258
60.3065
18.9499
35.2997
59.4401
18.9529
35.3072
59.4498
17.7898
34.9874
61.649
18.9204
35.2716
59.4703
18.9291
35.2923
59.4971
17.9481
35.0581
60.3514
18.9646
35.335
59.4855
17.8002
35.019
61.6932
18.9403
35.3181
59.5295
17.9585
35.088
60.3905
18.973
35.3543
59.5098
18.9758
35.3607
59.5174
17.8104
35.0483
61.7315
18.9431
35.3242
59.5369
18.9504
35.3445
59.5576
17.9747
35.1309
60.4176
18.9853
35.3817
59.5492
17.8222
35.0812
61.7682
33.0083
60.174
43.034
28.0792
57.7522
41.7215
78.6062
60.9788
47.8377
91.4466
15.3844
29.0315
48.5031
15.3845
29.034
48.7832
15.3854
29.0397
48.8615
15.3873
29.0591
49.0586
15.3884
29.0672
49.1143
15.3908
29.0894
49.2561
15.3921
29.0974
49.2966
15.3949
29.1182
49.4011
15.3963
29.1255
49.4314
15.3992
29.1439
49.5102
15.4006
29.1504
49.5334
15.4036
29.1665
49.5943
15.405
29.1723
49.6126
15.4081
29.1865
49.6607
15.4095
29.1917
49.6754
15.4126
29.2044
49.7145
15.414
29.2091
49.7266
15.417
29.2206
49.7591
15.4184
29.2248
49.7691
15.4215
29.2354
49.7967
15.4229
29.2391
49.8051
15.426
29.249
49.829
15.4273
29.2523
49.836
15.4308
29.2622
49.8564
15.4328
29.266
49.8614
15.448
29.2736
49.8603
15.5004
29.3271
49.9138
24.294
50.3028
28.8171
18.8339
34.7859
58.3448
17.976
34.7438
58.5913
18.8656
34.8293
58.3674
17.8177
34.7048
60.0383
18.8301
34.798
58.4258
18.824
34.8439
58.6331
17.9162
34.6879
59.1098
18.8573
34.89
58.6453
17.7634
34.6563
60.5149
18.8251
34.9125
58.8431
17.888
34.6957
59.4422
18.8593
34.9581
58.8481
17.7386
34.6657
60.8215
18.8264
34.9293
58.8861
18.8323
34.9777
58.9975
17.8787
34.7326
59.671
18.8671
35.0227
58.9974
17.731
34.7021
61.0358
18.8434
35.0365
59.1141
17.8806
34.7811
59.8395
18.8787
35.0812
59.1105
17.7337
34.7493
61.1964
18.8466
35.0503
59.139
18.8567
35.0891
59.2062
17.8882
34.8323
59.9708
18.8922
35.1334
59.2003
17.7417
34.7991
61.323
18.8708
35.1362
59.2815
17.8983
34.8819
60.0746
18.9064
35.1801
59.274
17.7517
34.8473
61.4232
18.8743
35.1472
59.2982
18.8848
35.1782
59.344
17.9092
34.9281
60.1573
18.9203
35.2218
59.3351
17.7624
34.8922
61.5034
18.8983
35.2157
59.3964
17.9206
34.9703
60.225
18.9339
35.2589
59.3864
17.7735
34.9332
61.5693
18.9016
35.2244
59.4081
18.9112
35.249
59.4409
17.9319
35.0082
60.2816
18.9467
35.2919
59.4302
17.7845
34.9702
61.6246
18.9234
35.2787
59.4795
17.9428
35.0423
60.3298
18.9588
35.3213
59.4682
17.7951
35.0035
61.672
18.9263
35.2856
59.4884
18.9347
35.3053
59.5138
17.9533
35.0732
60.3716
18.9701
35.3479
59.502
17.8053
35.0337
61.7132
18.9455
35.3298
59.5445
17.9641
35.1031
60.4079
18.9808
35.3705
59.5325
17.8157
35.0627
61.7486
18.9483
35.3361
59.5511
18.9777
35.3851
59.629
18.0887
35.2644
60.3017
19.2369
35.6262
59.9168
18.3803
35.6678
61.9397
11.2126
20.9197
34.8824
11.1672
20.8461
35.1977
11.1345
20.842
35.5949
11.1192
20.8765
35.848
11.1169
20.8926
35.9148
11.1159
20.9148
35.9872
11.1159
20.9204
36.0028
11.1167
20.9365
36.0449
11.1193
20.9619
36.1021
11.1257
20.9975
36.1697
11.9979
22.268
37.8056
11.607
21.2984
36.2733
24.9211
10.0416
18.3289
31.8912
10.0378
18.3315
31.9291
10.0291
18.3429
32.0317
10.0188
18.368
32.1734
10.0129
18.4085
32.3227
10.0123
18.4314
32.3891
10.0123
18.4369
32.4042
11.7002
21.5166
36.3152
17.3293
33.2413
58.853
17.5366
33.5695
57.7402
17.3248
33.2842
59.1244
17.3251
33.3102
59.2305
17.5375
33.6462
58.075
17.3291
33.3623
59.4017
17.5436
33.6983
58.229
17.34
33.4333
59.5874
17.5564
33.7674
58.3974
17.3487
33.4741
59.6802
17.3533
33.4927
59.7202
17.5706
33.8244
58.5189
17.3626
33.5265
59.7899
17.5802
33.8569
58.5831
17.3763
33.5703
59.8756
17.5941
33.8992
58.6623
17.3851
33.5958
59.9233
17.3894
33.6077
59.945
17.6072
33.9353
58.7267
17.3976
33.63
59.9846
17.6155
33.9571
58.7637
17.4133
33.6637
60.0281
17.6372
33.984
58.7939
17.9932
34.4623
60.5739
9.36994
18.1559
31.0629
9.35537
18.1418
31.1563
8.87438
16.176
28.5925
9.34333
18.1366
31.233
9.19206
17.7116
30.7144
9.31234
17.7606
30.7453
9.18951
17.7104
30.7247
9.33381
18.1377
31.2957
8.85604
16.1813
28.7361
9.18326
17.7085
30.7509
9.3034
17.76
30.7901
9.18155
17.7084
30.7588
9.32654
18.1426
31.3466
9.17758
17.7094
30.7794
9.29686
17.7622
30.8258
9.17648
17.71
30.7856
9.32128
18.1499
31.3877
8.84796
16.2044
28.854
9.17402
17.7127
30.8024
9.29226
17.7662
30.8549
9.17336
17.7138
30.8076
9.31804
18.1574
31.4201
9.172
17.7174
30.8217
9.2892
17.7712
30.8791
9.17164
17.7187
30.8262
9.31631
18.1654
31.4447
9.17105
17.7229
30.8384
9.28734
17.7769
30.8995
9.17093
17.7243
30.8423
9.31575
18.1738
31.4642
9.17087
17.7287
30.853
9.28631
17.7828
30.9171
9.17085
17.7302
30.8565
9.31594
18.1822
31.4804
9.17119
17.7347
30.8661
9.2861
17.7891
30.932
9.17146
17.7365
30.869
9.31677
18.1905
31.4943
9.17341
17.7431
30.8782
9.29302
17.8025
30.9492
9.17919
17.7505
30.8895
9.33486
18.218
31.5338
9.46792
18.1661
30.574
9.46219
18.1509
30.6154
9.44581
18.1161
30.7225
9.4407
18.1074
30.7538
9.4268
18.0883
30.8368
9.36602
18.1512
31.088
9.42257
18.0837
30.8616
9.4113
18.0743
30.9282
9.35205
18.1397
31.177
9.40791
18.0723
30.9482
8.37648
15.453
27.7241
9.39901
18.0693
31.0024
9.34065
18.1364
31.25
9.39637
18.0691
31.0188
9.38956
18.0703
31.0631
9.33172
18.1386
31.3095
9.38754
18.0713
31.0766
8.05213
15.2649
28.1243
8.36724
15.4673
27.8148
9.45338
17.9881
30.8661
9.44888
17.9866
30.8898
9.38248
18.0753
31.1129
9.32498
18.1442
31.3578
9.381
18.077
31.1238
9.44748
17.9864
30.897
9.44372
17.9862
30.9169
9.37739
18.0828
31.1535
9.32022
18.1518
31.3967
9.37636
18.0849
31.1625
9.44256
17.9864
30.923
9.59727
17.9366
31.1225
9.43943
17.9872
30.9401
9.37397
18.0916
31.1866
9.3174
18.1594
31.4269
9.37331
18.0939
31.1939
9.43847
17.9875
30.9455
9.59466
17.9434
31.1454
9.43588
17.9889
30.9605
9.59317
17.9485
31.1605
9.37209
18.1009
31.2134
9.316
18.1675
31.45
9.3718
18.1032
31.2192
9.37154
18.11
31.2344
9.31568
18.1759
31.4685
9.37153
18.1122
31.239
9.37196
18.119
31.2512
9.316
18.1842
31.4842
9.37213
18.1213
31.255
9.59116
17.9637
31.1975
9.37304
18.128
31.2655
9.3171
18.1925
31.4973
9.37349
18.1303
31.2688
9.42563
18.2008
31.3697
9.39154
18.2959
31.6304
9.54046
18.344
31.6051
11.1736
20.8531
35.1384
9.88755
18.691
31.5712
9.32136
18.0613
31.1084
11.1521
20.8365
35.364
9.86993
18.6606
31.7139
9.3069
18.045
31.2098
11.1375
20.8394
35.5536
9.85559
18.6468
31.8277
9.29483
18.038
31.2902
11.1271
20.8524
35.7048
9.84453
18.6429
31.9198
9.28513
18.0369
31.3543
11.1205
20.8712
35.8228
9.83631
18.645
31.9948
9.27756
18.0395
31.4055
9.83044
18.6508
32.0563
9.27179
18.0442
31.4464
9.82648
18.6588
32.107
9.26755
18.0502
31.4793
9.82402
18.6679
32.1489
9.26455
18.0568
31.5059
11.1187
20.957
36.0917
9.82273
18.6775
32.1838
9.26255
18.0636
31.5276
11.1216
20.9761
36.1302
9.82237
18.6873
32.213
9.26133
18.0702
31.5457
11.1249
20.9935
36.1624
9.82269
18.697
32.2377
9.26071
18.0768
31.5606
11.1286
21.0102
36.1896
9.82354
18.7064
32.2587
9.26228
18.0852
31.5711
11.3667
21.3179
36.6612
9.93743
18.834
32.4985
10.1672
19.2858
33.262
17.4326
33.2553
9.89225
18.7023
31.5297
9.874
18.6662
31.6814
10.0819
18.3382
31.5185
11.1407
20.8375
35.5099
9.8588
18.649
31.8016
10.0753
18.3325
31.5727
10.0588
18.325
31.7213
9.84696
18.6432
31.8986
10.0538
18.3245
31.767
8.86861
16.175
28.6308
9.83808
18.6441
31.9775
11.1175
20.8872
35.8939
9.83166
18.6491
32.0421
10.0264
18.3473
32.063
8.85318
16.1858
28.7679
10.0206
18.3627
32.1475
11.1159
20.9094
35.9706
9.82726
18.6567
32.0952
10.0154
18.3852
32.2432
9.82446
18.6655
32.1392
10.0144
18.3909
32.2646
9.82291
18.6751
32.1757
10.0124
18.4142
32.3406
8.84687
16.2279
28.9272
9.82235
18.6849
32.2062
10.0133
18.4533
32.4451
11.124
20.9892
36.1549
9.8225
18.6945
32.2319
10.0134
18.4582
32.458
10.015
18.4739
32.4928
9.82329
18.7041
32.2537
10.0161
18.4793
32.5031
9.84587
18.7457
32.3278
21.4529
15.3806
29.0391
11.262
21.0049
36.0339
14.6297
28.0936
45.7121
14.5528
28.0134
46.1947
14.4625
28.0904
46.8942
14.4571
28.1384
47.0136
14.467
28.2678
47.2436
14.4739
28.3033
47.2947
14.4974
28.3908
47.4112
15.3136
29.7099
49.3521
17.9985
34.776
58.4221
18.8623
34.8425
58.4455
17.8004
34.685
60.1791
18.8252
34.8276
58.5694
17.9275
34.6942
59.0017
17.755
34.6547
60.6033
17.8929
34.69
59.3712
18.8608
34.9746
58.8898
17.7354
34.6731
60.8817
18.8301
34.9621
58.963
17.8798
34.7219
59.6207
17.731
34.7134
61.0798
17.8794
34.7685
59.8015
18.882
35.0949
59.1347
17.7354
34.7618
61.2307
18.8533
35.0766
59.1849
17.886
34.8196
59.9408
17.7441
34.8114
61.3502
17.8957
34.8698
60.0508
18.9099
35.1911
59.2903
17.7544
34.8589
61.4448
18.8813
35.1683
59.3294
17.9065
34.917
60.1382
17.7652
34.9029
61.5209
17.9177
34.9602
60.2092
18.9372
35.2676
59.3979
17.7763
34.9429
61.5839
18.9081
35.2411
59.4304
17.9291
34.9992
60.2683
17.7872
34.979
61.637
17.9402
35.0342
60.3183
18.9618
35.3283
59.4769
17.7977
35.0114
61.6827
18.932
35.2989
59.5055
17.9507
35.0658
60.3616
17.8078
35.0411
61.7224
17.9612
35.0952
60.3995
18.9832
35.3764
59.5395
17.8193
35.0736
61.7524
18.9509
35.3441
59.5706
17.9913
35.1536
60.372
27.446
53.3405
55.1159
15.3839
29.029
48.6047
17.3348
33.2296
58.6821
17.5418
33.5413
57.5023
17.5451
33.5384
57.4087
17.897
33.3048
56.9335
15.3845
29.0312
48.698
17.5394
33.5483
57.5881
17.5377
33.5585
57.667
15.3857
29.045
48.933
17.3262
33.2607
59.0008
17.5356
33.5806
57.8079
15.3868
29.0525
48.9986
17.5353
33.593
57.8698
17.9208
33.3804
57.0447
17.9028
33.3751
57.1468
15.3889
29.0742
49.1654
17.5358
33.6193
57.9801
17.3248
33.2971
59.1793
17.9074
33.3999
57.2036
15.3902
29.0824
49.2126
17.3266
33.3364
59.322
17.5387
33.6595
58.1176
17.9127
33.4243
57.2545
15.3928
29.1041
49.334
12.3366
22.669
39.5483
12.3434
22.6714
39.489
17.5402
33.6728
58.1572
17.9186
33.4481
57.3004
15.3942
29.1118
49.3689
12.3244
22.6676
39.656
17.3322
33.3872
59.4713
17.5455
33.7107
58.2615
15.397
29.1314
49.4595
17.3359
33.4109
59.5329
17.5496
33.7343
58.3208
12.3188
22.6683
39.7052
17.5476
33.7228
58.292
17.9314
33.4926
57.3796
15.3984
29.1383
49.4858
17.5518
33.7458
58.3478
17.554
33.7567
58.3733
15.4013
29.1555
49.555
12.2987
22.6796
39.8995
17.3443
33.4544
59.6363
17.5586
33.7776
58.4204
15.4028
29.1617
49.5754
12.2956
22.6829
39.9322
17.561
33.7876
58.442
12.2933
22.6864
39.9605
17.9678
33.5619
57.4021
17.9516
33.5522
57.4757
15.4058
29.1768
49.6295
17.5658
33.8067
58.4822
17.351
33.4836
59.7005
17.9583
33.5699
57.5035
15.4072
29.1823
49.6457
17.3579
33.5101
59.7565
17.5729
33.8329
58.536
17.9649
33.5867
57.5293
15.4103
29.1957
49.6891
12.2835
22.7089
40.1042
12.2844
22.7052
40.0846
17.5754
33.8412
58.5523
17.9714
33.6029
57.5536
15.4117
29.2006
49.7022
12.2819
22.7165
40.1419
17.3672
33.5419
59.8206
17.5825
33.8645
58.5975
15.4147
29.2126
49.7379
17.3718
33.5565
59.8491
17.5872
33.8788
58.6249
12.2811
22.7202
40.1605
17.5849
33.8719
58.6114
17.9839
33.6328
57.598
15.4162
29.2171
49.7487
17.5896
33.8858
58.6378
17.5918
33.8926
58.6503
15.4193
29.2281
49.7787
12.2799
22.7377
40.2349
17.3808
33.5834
59.9003
17.5963
33.9055
58.674
15.4207
29.2321
49.7878
12.2798
22.741
40.2491
17.5986
33.9118
58.6851
12.28
22.7443
40.2603
18.0186
33.6871
57.5927
18.0014
33.6724
57.6562
15.4237
29.2422
49.8136
17.603
33.9239
58.7065
17.3872
33.6019
59.9342
18.0069
33.6845
57.6738
15.4251
29.2458
49.8212
17.3935
33.619
59.9653
17.6093
33.9409
58.7363
18.0122
33.696
57.6907
15.4282
29.2554
49.8434
12.2812
22.7615
40.3253
12.2809
22.7588
40.3165
17.6114
33.9464
58.7456
18.0175
33.707
57.7068
15.4296
29.2587
49.8498
12.2821
22.767
40.343
17.4017
33.6407
60.0027
17.6177
33.9626
58.7722
15.4349
29.2688
49.865
17.4066
33.6522
60.0181
17.6231
33.9739
58.7867
12.2828
22.7704
40.3508
17.6203
33.9684
58.7799
18.0278
33.7282
57.7356
15.4392
29.2728
49.8671
17.6267
33.9793
58.792
17.6306
33.9829
58.7938
15.6864
29.4381
50.0691
12.7096
23.3238
41.0912
17.423
33.6784
60.0316
17.6571
33.9983
58.7715
16.3366
30.6546
51.3357
13.8481
25.201
43.378
17.7936
34.1491
58.9028
21.0656
44.8363
35.2477
26.4149
51.4181
18.87
34.8184
58.2826
17.838
34.7323
59.8806
17.9572
34.7208
58.7437
18.8582
34.8734
58.584
17.7736
34.6616
60.4159
18.8235
34.8609
58.6918
17.9067
34.6854
59.2063
18.8582
34.9414
58.8032
17.7428
34.6599
60.7554
17.8843
34.7031
59.507
18.8648
35.0072
58.9641
17.7318
34.6916
60.9883
18.8348
34.9931
59.0296
17.8784
34.7441
59.7176
18.8756
35.0672
59.0848
17.7324
34.7371
61.1599
17.8821
34.7939
59.8753
18.8888
35.121
59.1795
17.7394
34.7868
61.2939
18.8602
35.1014
59.2263
17.8906
34.8449
59.9991
18.9028
35.169
59.2568
17.7492
34.8356
61.4002
17.901
34.8938
60.097
18.9169
35.2119
59.3208
17.7597
34.8815
61.4848
18.8882
35.188
59.3579
17.9121
34.9391
60.1755
18.9306
35.2501
59.3744
17.7708
34.9235
61.5538
17.9234
34.9801
60.24
18.9436
35.2841
59.4198
17.7818
34.9615
61.6115
18.9143
35.2568
59.451
17.9347
35.0171
60.2943
18.9559
35.3144
59.4591
17.7925
34.9956
61.6606
17.9455
35.0503
60.3408
18.9674
35.3415
59.4938
17.8028
35.0265
61.7032
18.9375
35.3117
59.5217
17.9559
35.0806
60.3813
18.9785
35.3667
59.5247
17.8131
35.0554
61.7399
17.9678
35.1126
60.4152
18.986
35.3821
59.5635
17.8331
35.1148
61.7031
20.0801
36.8919
61.4008
25.2095
54.8381
9.50209
18.1861
30.9219
11.2001
20.8946
34.9501
9.90164
18.7305
31.4369
9.49665
18.1746
30.9577
9.48149
18.1483
31.052
9.88282
18.6813
31.6103
9.47687
18.1418
31.0795
9.31037
18.0481
31.1862
9.4643
18.1274
31.153
11.148
20.8359
35.4151
9.86597
18.6558
31.7448
8.88107
16.1789
28.5526
8.37773
15.4522
27.7171
9.46059
18.124
31.1747
9.2977
18.0392
31.2714
9.45064
18.1172
31.2336
9.85248
18.645
31.8526
8.37307
15.4557
27.7495
9.44775
18.1158
31.251
9.28743
18.0368
31.3392
9.44011
18.114
31.2989
11.1251
20.8568
35.7371
9.84217
18.643
31.94
8.37209
15.457
27.7566
8.85952
16.1779
28.7026
8.36967
15.4608
27.7823
9.30754
17.7599
30.769
9.21732
17.6476
30.8999
9.2124
17.6469
30.9346
9.43794
18.114
31.3132
9.27934
18.0386
31.3933
9.43224
18.1156
31.3525
9.83458
18.6462
32.0114
8.36896
15.4625
27.7894
9.43237
17.7669
30.5134
9.60588
17.9258
31.062
9.42787
17.7688
30.5419
9.60195
17.9292
31.0876
9.29986
17.7608
30.8089
9.21084
17.647
30.9455
9.20263
17.4898
30.9204
9.20708
17.6483
30.9732
9.43066
18.1164
31.3642
9.27315
18.0429
31.4366
9.42655
18.1201
31.3967
11.1164
20.8982
35.9345
9.82923
18.6527
32.0699
8.36673
15.4693
27.8218
8.84917
16.1975
28.8268
9.42679
17.7698
30.5501
9.60094
17.9306
31.0952
9.4235
17.773
30.5733
9.59798
17.935
31.1162
9.29434
17.764
30.841
9.20134
17.491
30.9281
9.20588
17.649
30.9821
9.19841
17.4954
30.9477
9.20313
17.6517
31.0044
9.42544
18.1215
31.4063
9.26855
18.0487
31.4713
9.42261
18.1265
31.4332
9.82567
18.6609
32.1182
8.84721
16.2119
28.8797
9.42279
17.7744
30.58
9.42051
17.7783
30.5992
9.59512
17.9416
31.1401
9.29056
17.7686
30.8675
9.19758
17.4969
30.9541
9.20225
17.6527
31.0117
9.20036
17.6562
31.0299
9.42189
18.1282
31.4411
9.26527
18.0551
31.4993
9.42011
18.134
31.4634
11.117
20.9418
36.0576
9.82353
18.6702
32.1583
9.42011
17.7799
30.6048
9.41864
17.7842
30.621
9.28813
17.774
30.8897
9.19537
17.5037
30.976
9.19973
17.6574
31.036
9.19851
17.6613
31.0511
9.4197
18.136
31.47
9.26304
18.0619
31.5221
9.41877
18.1422
31.4886
9.82251
18.6799
32.1916
9.41848
17.786
30.6257
9.59291
17.9503
31.165
9.41764
17.7905
30.6396
9.28676
17.7799
30.9085
9.19807
17.6626
31.0563
9.19413
17.5165
31.007
9.1974
17.6668
31.0689
9.41861
18.1442
31.4941
9.26165
18.0687
31.5409
9.41837
18.1506
31.5098
11.1223
20.9806
36.1388
9.82234
18.6897
32.2196
9.41764
17.7922
30.6437
9.41717
17.7966
30.656
9.28604
17.7858
30.9251
9.19407
17.5183
31.0113
9.19711
17.668
31.0734
9.19673
17.6721
31.0843
9.41841
18.1528
31.5146
9.26082
18.0751
31.5569
9.41865
18.1592
31.5282
9.82282
18.6993
32.2433
9.41734
17.7984
30.6595
9.41799
17.8038
30.6698
9.5914
17.9692
31.2078
9.28655
17.7926
30.9385
9.19663
17.6735
31.088
9.1954
17.5317
31.0332
9.19703
17.6782
31.0951
9.4188
18.1613
31.5323
9.26142
18.0822
31.5685
9.42882
18.1794
31.5589
11.1305
21.0143
36.197
9.8237
18.7085
32.2637
9.49686
18.0477
31.3216
9.19807
17.6805
31.0977
9.46244
17.9967
31.5109
9.46342
18.2211
31.6278
9.51972
18.4008
32.0265
10.4804
19.7052
33.8662
10.2188
19.3616
33.0858
10.1649
19.3401
33.1017
11.8636
21.6303
36.947
24.7736
19.5626
37.9247
11.181
20.8628
35.0774
11.1897
20.8763
35.0147
11.1566
20.8382
35.3107
11.1293
20.8486
35.6704
11.1218
20.8663
35.796
11.1234
20.8613
35.7675
11.1163
20.9312
36.0317
11.118
20.9521
36.0809
11.1175
20.9469
36.0696
11.1208
20.9715
36.1213
11.1276
21.0056
36.1832
11.1818
21.0912
36.3037
11.141
21.0293
36.2176
9.89706
18.7156
31.485
11.1617
20.8414
35.2552
9.87837
18.6731
31.6468
12.3587
22.6804
39.3543
10.0885
18.3452
31.4626
12.351
22.6752
39.423
11.1442
20.8363
35.4637
9.86233
18.6521
31.7739
10.0695
18.3288
31.6242
8.88885
16.184
28.5114
10.0637
18.326
31.6741
12.33
22.6678
39.6053
11.1318
20.845
35.6337
9.84968
18.6439
31.8762
10.0496
18.3253
31.8102
12.314
22.6694
39.749
12.3094
22.6714
39.7919
10.0452
18.3266
31.8519
12.3056
22.6738
39.8294
9.8401
18.6434
31.9592
10.0348
18.3349
31.9648
8.86369
16.1757
28.6675
12.3018
22.6766
39.8667
10.0316
18.3385
31.9993
11.1183
20.8817
35.8716
9.8331
18.6476
32.0271
10.0244
18.3523
32.0924
12.289
22.6937
40.0144
12.2909
22.6901
39.9894
12.2871
22.6975
40.04
10.0221
18.3573
32.1209
8.85465
16.1836
28.7521
12.2859
22.7013
40.0618
11.1161
20.9037
35.9531
9.82824
18.6546
32.0829
10.0176
18.3737
32.1976
8.8509
16.1912
28.7981
10.0162
18.3793
32.2212
12.2824
22.7127
40.1247
11.1161
20.9257
36.0176
9.82507
18.6632
32.1289
10.0138
18.3968
32.2847
12.2808
22.7238
40.1761
12.2803
22.7274
40.193
10.0131
18.4025
32.3043
8.84763
16.2082
28.8669
12.2802
22.731
40.2068
9.82324
18.6726
32.1672
10.0124
18.42
32.3573
8.84686
16.2197
28.9041
12.2799
22.7344
40.2222
10.0121
18.4256
32.3738
8.84692
16.2239
28.9157
11.12
20.9667
36.1119
9.82245
18.6824
32.199
10.0127
18.4426
32.4183
12.2803
22.7504
40.2838
12.28
22.7473
40.2734
12.2803
22.7532
40.2959
10.0127
18.4479
32.4322
12.2808
22.7562
40.3052
11.1232
20.9849
36.147
9.82244
18.6921
32.2258
10.0139
18.4634
32.47
10.0142
18.4681
32.482
12.2815
22.7642
40.3355
11.1267
21.0019
36.1766
9.82309
18.7017
32.2486
10.0181
18.487
32.5116
12.2845
22.7745
40.3559
12.2875
22.7794
40.3634
12.3041
22.8056
40.3689
9.82821
18.7167
32.2765
12.3832
22.9139
40.4584
17.7659
37.0058
14.1434
31.2399
12.7643
23.5266
39.4797
10.376
19.5171
33.4342
17.9241
33.3031
56.715
17.8996
33.2875
56.8451
17.9192
33.3151
56.8109
17.8979
33.2955
56.8903
17.9174
33.3337
56.8976
17.897
33.3264
57.0127
17.8992
33.3504
57.0835
17.9181
33.356
56.9753
17.8979
33.3382
57.0491
17.9247
33.4051
57.107
17.905
33.3875
57.176
17.9296
33.43
57.1627
17.9351
33.4542
57.2128
17.9156
33.4363
57.278
17.9412
33.4778
57.258
17.9249
33.4708
57.3418
17.9476
33.5004
57.2989
17.9281
33.4818
57.3611
17.9543
33.522
57.3362
17.9381
33.5133
57.4142
17.9448
33.533
57.4461
17.961
33.5424
57.3705
17.9415
33.5233
57.4304
17.9746
33.5804
57.4318
17.955
33.5611
57.4899
17.9813
33.598
57.4593
17.9878
33.6146
57.485
17.9682
33.5949
57.5416
17.9943
33.6307
57.509
17.9777
33.6182
57.5764
18.0006
33.6458
57.5318
17.9808
33.6255
57.5874
18.0068
33.6603
57.5532
17.9899
33.6466
57.6184
17.9958
33.6599
57.6378
18.0128
33.674
57.5735
17.9929
33.6533
57.6282
18.0242
33.6995
57.611
18.0042
33.6785
57.6651
18.0297
33.7115
57.6285
18.0349
33.723
57.6454
18.0148
33.7014
57.699
18.0404
33.7345
57.6613
18.0231
33.7182
57.7206
18.0461
33.7467
57.6758
18.0259
33.7244
57.7282
18.0492
33.7537
57.6925
18.0375
33.7526
57.7635
20.8549
37.9794
63.638
18.145
33.8795
57.8694
18.4307
34.2501
58.4929
22.3143
40.8807
68.2902
17.9021
33.2814
56.7971
17.3386
33.2288
58.5854
17.9213
33.3082
56.764
17.918
33.3239
56.8553
17.3316
33.234
58.7708
17.8967
33.3153
56.9742
17.3275
33.2504
58.9299
17.9175
33.3446
56.9374
17.9192
33.368
57.011
17.5353
33.6059
57.9271
17.3252
33.2719
59.0651
17.9009
33.3627
57.116
17.9226
33.3927
57.0767
17.5364
33.6326
58.0294
17.927
33.4176
57.1356
17.3257
33.3232
59.2779
17.91
33.4123
57.2297
17.3277
33.3495
59.363
17.9323
33.4422
57.1884
17.5418
33.6856
58.1944
17.9381
33.4661
57.236
17.3305
33.3748
59.4376
17.9217
33.4596
57.3216
17.334
33.3992
59.5029
17.9444
33.4892
57.2789
17.9509
33.5113
57.318
17.3379
33.4222
59.5609
17.9348
33.5031
57.3972
17.3421
33.444
59.6124
17.9576
33.5323
57.3537
17.9644
33.5523
57.3866
17.5633
33.7972
58.4626
17.3465
33.4643
59.6588
17.9483
33.5428
57.4611
17.9712
33.5714
57.4172
17.5681
33.8156
58.501
17.978
33.5893
57.4458
17.3556
33.5015
59.7387
17.9617
33.5784
57.5166
17.3603
33.5184
59.7734
17.9846
33.6064
57.4723
17.5777
33.8491
58.5681
17.9911
33.6228
57.4972
17.3649
33.5342
59.8055
17.9746
33.6107
57.5651
17.3695
33.5493
59.835
17.9975
33.6384
57.5205
18.0037
33.6531
57.5426
17.3741
33.5634
59.8626
17.987
33.6398
57.6083
17.3786
33.5769
59.888
18.0098
33.6672
57.5635
18.0157
33.6806
57.5832
17.6007
33.9179
58.696
17.3829
33.5896
59.912
17.9987
33.6662
57.6471
18.0214
33.6934
57.602
17.605
33.9296
58.7168
18.027
33.7056
57.6199
17.3914
33.6134
59.9553
18.0096
33.6903
57.6824
17.3956
33.6246
59.975
18.0323
33.7173
57.637
17.6134
33.9517
58.7548
18.0376
33.7287
57.6535
17.3996
33.6353
59.994
18.0206
33.7128
57.7145
17.404
33.6464
60.0109
18.0431
33.7397
57.669
18.0486
33.7515
57.6841
17.4096
33.6578
60.0238
18.0273
33.7286
57.7472
17.4163
33.6684
60.0303
18.0496
33.7567
57.7064
19.3633
35.4025
60.2219
23.1503
54.5482
17.4322
33.7149
60.0533
23.5539
43.3234
72.1861
22.394
47.5002
9.37392
18.1613
31.0367
9.3176
18.0562
31.1357
9.35873
18.1443
31.1346
9.30373
18.0426
31.2313
9.34604
18.1372
31.2153
9.29226
18.0373
31.3072
9.33591
18.1369
31.2812
9.28312
18.0373
31.3678
9.32811
18.1411
31.3349
9.27602
18.0405
31.4162
8.0522
15.2649
28.1259
8.05233
15.2651
28.1251
9.32233
18.148
31.3783
9.27066
18.0456
31.4549
9.31862
18.1555
31.4129
9.26675
18.0518
31.4861
9.31656
18.1634
31.4392
9.26402
18.0585
31.5113
9.31574
18.1717
31.4597
9.26224
18.0653
31.532
9.31579
18.1801
31.4766
9.26114
18.0719
31.5494
9.31643
18.1883
31.4911
9.26078
18.0786
31.5635
9.32088
18.2
31.5073
9.27287
18.1
31.5793
9.51331
18.2143
30.8417
9.50765
18.1993
30.8832
9.45656
18.1377
30.6536
9.49138
18.1646
30.9913
9.45108
18.1261
30.6893
9.48635
18.1559
31.0225
9.43587
18.1001
30.7831
9.47244
18.1362
31.1056
9.4312
18.0937
30.8108
9.31384
18.0517
31.1622
9.36235
18.1475
31.1118
9.46829
18.1314
31.1299
9.41863
18.0799
30.8849
8.38065
15.4511
27.7014
8.37924
15.4517
27.7082
8.88492
16.1813
28.532
8.22718
15.046
26.5193
8.22649
15.0461
26.5206
9.45704
18.1212
31.1955
9.41483
18.0768
30.9071
9.30055
18.0406
31.2524
9.34904
18.1383
31.1965
9.45377
18.1189
31.2149
9.40479
18.0709
30.9671
8.37523
15.4538
27.7331
8.2255
15.0469
26.5235
8.22608
15.0467
26.5219
8.87149
16.1755
28.6117
8.37411
15.4548
27.7403
8.22514
15.0475
26.525
8.2246
15.0477
26.527
9.445
18.1149
31.2679
9.40177
18.0699
30.9852
9.28968
18.0368
31.3241
9.33829
18.1365
31.266
9.4425
18.1143
31.2837
9.39397
18.0692
31.0343
8.37123
15.4581
27.7659
8.2239
15.0486
26.5309
8.22434
15.0483
26.5287
8.05213
15.2648
28.1243
8.3704
15.4596
27.7731
8.86164
16.1768
28.6852
8.22369
15.0492
26.5329
8.22327
15.0495
26.5353
9.21529
17.4854
30.8565
9.30998
17.7602
30.7564
9.18509
17.7089
30.7426
9.18721
17.7095
30.7337
9.20896
17.4862
30.887
9.21086
17.4857
30.8777
9.21305
17.4855
30.8671
9.21562
17.6471
30.9119
9.21386
17.6468
30.9241
9.43587
18.1143
31.3271
9.39165
18.0697
31.0491
9.28108
18.0378
31.3814
9.32993
18.1398
31.3225
9.43401
18.1148
31.34
9.38577
18.0725
31.0892
8.0523
15.2651
28.1241
8.36835
15.4639
27.7986
8.22282
15.0506
26.5401
8.22314
15.0502
26.5375
8.05232
15.2651
28.1243
8.05213
15.2648
28.1248
8.36774
15.4657
27.8057
8.22273
15.0513
26.5425
8.22243
15.0517
26.5453
9.45181
17.9874
30.8743
9.60441
17.9267
31.071
9.43065
17.7673
30.5235
9.4503
17.987
30.8822
9.60324
17.928
31.0794
9.42936
17.7681
30.5328
9.2071
17.4868
30.8964
9.30168
17.7605
30.7986
9.17873
17.7089
30.773
9.1801
17.7085
30.7661
9.20393
17.4887
30.9131
9.2055
17.4877
30.9046
9.20954
17.6473
30.955
9.20816
17.6477
30.9648
9.42914
18.1175
31.3757
9.38402
18.0738
31.1014
9.27445
18.0416
31.4271
9.32367
18.146
31.3683
9.42781
18.1187
31.3863
9.37972
18.0788
31.1342
8.36632
15.471
27.8307
8.2222
15.053
26.5508
8.22241
15.0525
26.5478
8.85007
16.1944
28.8125
9.44617
17.9862
30.9039
9.59981
17.9319
31.1026
9.42549
17.7707
30.5584
9.4449
17.9862
30.9105
9.59896
17.9335
31.1095
9.4246
17.7719
30.5658
9.29567
17.7632
30.8325
9.17471
17.7117
30.7971
9.17557
17.7108
30.7915
9.20028
17.4924
30.9347
9.20493
17.6498
30.9897
9.19923
17.4938
30.9417
9.2039
17.6506
30.9977
9.42438
18.1231
31.4158
9.37847
18.0807
31.1441
9.26948
18.0471
31.4638
9.31945
18.1537
31.4051
9.42347
18.1247
31.4246
9.3755
18.0871
31.1709
9.44146
17.9866
30.9289
9.59642
17.9382
31.1287
9.42184
17.7755
30.5868
9.44041
17.9868
30.9346
9.59584
17.9399
31.1344
9.4213
17.777
30.593
9.29149
17.7675
30.8602
9.17236
17.7161
30.8172
9.17285
17.7149
30.8125
9.19586
17.502
30.9705
9.1963
17.5002
30.9655
9.19695
17.4986
30.9596
9.2016
17.6538
31.0178
9.20085
17.6549
31.0245
9.4212
18.1301
31.449
9.37465
18.0893
31.179
9.2659
18.0534
31.4933
9.31702
18.1614
31.4332
9.42063
18.132
31.4563
9.37283
18.0963
31.2007
9.43756
17.9879
30.9507
9.59404
17.945
31.1507
9.41945
17.7812
30.6106
9.43669
17.9884
30.9557
9.59368
17.9468
31.1556
9.41917
17.7829
30.6157
9.19506
17.5056
30.9807
9.28875
17.7727
30.8833
9.17117
17.7215
30.8345
9.1714
17.72
30.8304
9.19454
17.5092
30.9901
9.19932
17.6587
31.0411
9.19471
17.5073
30.9858
9.19878
17.6599
31.0467
9.41931
18.138
31.4766
9.37237
18.0987
31.2073
9.26343
18.0601
31.5173
9.31592
18.1696
31.4549
9.41903
18.1401
31.4827
9.37169
18.1055
31.2246
9.41805
17.7873
30.6307
9.41799
17.7891
30.6351
9.19431
17.511
30.9949
9.28715
17.7786
30.9029
9.17084
17.7273
30.8496
9.17089
17.7258
30.846
9.1941
17.5146
31.0033
9.19424
17.5129
30.9988
9.19786
17.664
31.0604
9.19752
17.6653
31.0652
9.41846
18.1463
31.4997
9.37154
18.1077
31.2297
9.26186
18.0669
31.537
9.3158
18.1781
31.4726
9.41841
18.1484
31.5048
9.37167
18.1145
31.2432
9.41734
17.7935
30.6481
9.41738
17.7952
30.6519
9.28627
17.7844
30.92
9.17099
17.7332
30.8631
9.17091
17.7316
30.8598
9.19428
17.5237
31.0221
9.19413
17.5217
31.0189
9.19413
17.5201
31.0149
9.19699
17.6694
31.077
9.19675
17.6707
31.0812
9.41845
18.1549
31.5193
9.37175
18.1168
31.2473
9.26089
18.0734
31.5537
9.31624
18.1862
31.4877
9.41855
18.1571
31.5238
9.37242
18.1235
31.2586
9.59104
17.9654
31.2011
9.41729
17.8
30.6631
9.59132
17.9673
31.2044
9.41771
17.802
30.6664
9.19441
17.5255
31.0257
9.19469
17.5276
31.0284
9.28642
17.7911
30.9341
9.17225
17.74
30.874
9.17185
17.7382
30.8716
9.19672
17.6752
31.0905
9.19497
17.5293
31.0309
9.19679
17.6764
31.0928
9.41896
18.1634
31.5365
9.37266
18.1257
31.2622
9.26085
18.0802
31.5668
9.31767
18.195
31.5001
9.42012
18.1668
31.542
9.37608
18.1349
31.2741
9.19655
17.5346
31.0364
9.36852
17.9815
31.2246
9.32933
17.8496
31.0123
9.21288
17.789
30.9445
9.42448
17.8118
31.4445
9.24387
17.5998
31.1051
9.20307
17.5442
31.0396
9.20897
17.6918
31.0926
9.25689
17.7591
31.1331
9.58007
18.3836
31.8697
9.38657
18.1478
31.294
9.58436
18.5271
32.0042
9.32051
18.1637
31.6559
9.89903
18.7904
32.5344
9.80303
18.7248
32.1592
)
;

boundaryField
{
    front
    {
        type            cyclic;
    }
    Back
    {
        type            cyclic;
    }
    inlet
    {
        type            fixedValue;
        value           nonuniform List<scalar> 0();
    }
    outlet
    {
        type            inletOutlet;
        inletValue      nonuniform List<scalar> 0();
        value           nonuniform List<scalar> 0();
    }
    upperPatch
    {
        type            slip;
    }
    ground
    {
        beta1           0.075;
        blended         0;
        type            omegaWallFunction;
        value           nonuniform List<scalar> 
1263
(
20.0815
28.5726
28.6493
30.7311
28.7195
30.7786
28.7831
30.8164
28.8405
30.8469
28.892
30.8722
28.9381
30.8934
30.9117
30.9275
30.9404
45.5582
45.9774
45.8514
46.0915
46.372
46.2878
46.4481
46.5171
46.6368
46.5798
46.6889
46.7367
46.8213
46.7807
46.859
46.9576
46.927
46.9864
47.063
47.039
47.0856
47.1071
47.1466
47.1274
47.1648
47.1822
47.2143
47.1986
47.2292
47.2702
47.2572
47.2826
47.3171
47.3061
47.3277
47.338
47.3573
47.3478
47.3664
47.3753
47.3921
47.3838
47.4003
47.5542
47.4402
47.9568
31.7893
48.4387
58.1906
59.7059
58.2569
58.5005
58.8801
58.5176
60.3046
58.7462
59.2929
58.7021
58.7546
60.6831
58.7965
58.9259
59.5662
58.9283
60.9371
59.0596
59.7609
59.0284
59.0575
61.1212
59.0876
59.1625
59.9089
59.1577
61.2633
59.2456
60.0257
59.22
59.2388
61.3759
59.264
59.3142
60.1181
59.3059
61.4654
59.3712
60.1927
59.3487
59.3618
61.5378
59.384
59.4194
60.2544
59.4091
61.598
59.4608
60.3065
59.4401
59.4498
61.649
59.4703
59.4971
60.3514
59.4855
61.6932
59.5295
60.3905
59.5098
59.5174
61.7315
59.5369
59.5576
60.4176
59.5492
61.7682
60.174
43.034
57.7522
78.6062
60.9788
91.4466
48.5031
48.7832
48.8615
49.0586
49.1143
49.2561
49.2966
49.4011
49.4314
49.5102
49.5334
49.5943
49.6126
49.6607
49.6754
49.7145
49.7266
49.7591
49.7691
49.7967
49.8051
49.829
49.836
49.8564
49.8614
49.8603
49.9138
50.3028
28.8171
58.3448
58.5913
58.3674
60.0383
58.4258
58.6331
59.1098
58.6453
60.5149
58.8431
59.4422
58.8481
60.8215
58.8861
58.9975
59.671
58.9974
61.0358
59.1141
59.8395
59.1105
61.1964
59.139
59.2062
59.9708
59.2003
61.323
59.2815
60.0746
59.274
61.4232
59.2982
59.344
60.1573
59.3351
61.5034
59.3964
60.225
59.3864
61.5693
59.4081
59.4409
60.2816
59.4302
61.6246
59.4795
60.3298
59.4682
61.672
59.4884
59.5138
60.3716
59.502
61.7132
59.5445
60.4079
59.5325
61.7486
59.5511
59.629
60.3017
59.9168
61.9397
34.8824
35.1977
35.5949
35.848
35.9148
35.9872
36.0028
36.0449
36.1021
36.1697
37.8056
36.2733
24.9211
31.8912
31.9291
32.0317
32.1734
32.3227
32.3891
32.4042
36.3152
58.853
57.7402
59.1244
59.2305
58.075
59.4017
58.229
59.5874
58.3974
59.6802
59.7202
58.5189
59.7899
58.5831
59.8756
58.6623
59.9233
59.945
58.7267
59.9846
58.7637
60.0281
58.7939
60.5739
31.0629
31.1563
28.5925
31.233
30.7144
30.7453
30.7247
31.2957
28.7361
30.7509
30.7901
30.7588
31.3466
30.7794
30.8258
30.7856
31.3877
28.854
30.8024
30.8549
30.8076
31.4201
30.8217
30.8791
30.8262
31.4447
30.8384
30.8995
30.8423
31.4642
30.853
30.9171
30.8565
31.4804
30.8661
30.932
30.869
31.4943
30.8782
30.9492
30.8895
31.5338
30.574
30.6154
30.7225
30.7538
30.8368
31.088
30.8616
30.9282
31.177
30.9482
27.7241
31.0024
31.25
31.0188
31.0631
31.3095
31.0766
28.1243
27.8148
30.8661
30.8898
31.1129
31.3578
31.1238
30.897
30.9169
31.1535
31.3967
31.1625
30.923
31.1225
30.9401
31.1866
31.4269
31.1939
30.9455
31.1454
30.9605
31.1605
31.2134
31.45
31.2192
31.2344
31.4685
31.239
31.2512
31.4842
31.255
31.1975
31.2655
31.4973
31.2688
31.3697
31.6304
31.6051
35.1384
31.5712
31.1084
35.364
31.7139
31.2098
35.5536
31.8277
31.2902
35.7048
31.9198
31.3543
35.8228
31.9948
31.4055
32.0563
31.4464
32.107
31.4793
32.1489
31.5059
36.0917
32.1838
31.5276
36.1302
32.213
31.5457
36.1624
32.2377
31.5606
36.1896
32.2587
31.5711
36.6612
32.4985
33.262
33.2553
31.5297
31.6814
31.5185
35.5099
31.8016
31.5727
31.7213
31.8986
31.767
28.6308
31.9775
35.8939
32.0421
32.063
28.7679
32.1475
35.9706
32.0952
32.2432
32.1392
32.2646
32.1757
32.3406
28.9272
32.2062
32.4451
36.1549
32.2319
32.458
32.4928
32.2537
32.5031
32.3278
21.4529
29.0391
36.0339
45.7121
46.1947
46.8942
47.0136
47.2436
47.2947
47.4112
49.3521
58.4221
58.4455
60.1791
58.5694
59.0017
60.6033
59.3712
58.8898
60.8817
58.963
59.6207
61.0798
59.8015
59.1347
61.2307
59.1849
59.9408
61.3502
60.0508
59.2903
61.4448
59.3294
60.1382
61.5209
60.2092
59.3979
61.5839
59.4304
60.2683
61.637
60.3183
59.4769
61.6827
59.5055
60.3616
61.7224
60.3995
59.5395
61.7524
59.5706
60.372
53.3405
55.1159
48.6047
58.6821
57.5023
57.4087
56.9335
48.698
57.5881
57.667
48.933
59.0008
57.8079
48.9986
57.8698
57.0447
57.1468
49.1654
57.9801
59.1793
57.2036
49.2126
59.322
58.1176
57.2545
49.334
39.5483
39.489
58.1572
57.3004
49.3689
39.656
59.4713
58.2615
49.4595
59.5329
58.3208
39.7052
58.292
57.3796
49.4858
58.3478
58.3733
49.555
39.8995
59.6363
58.4204
49.5754
39.9322
58.442
39.9605
57.4021
57.4757
49.6295
58.4822
59.7005
57.5035
49.6457
59.7565
58.536
57.5293
49.6891
40.1042
40.0846
58.5523
57.5536
49.7022
40.1419
59.8206
58.5975
49.7379
59.8491
58.6249
40.1605
58.6114
57.598
49.7487
58.6378
58.6503
49.7787
40.2349
59.9003
58.674
49.7878
40.2491
58.6851
40.2603
57.5927
57.6562
49.8136
58.7065
59.9342
57.6738
49.8212
59.9653
58.7363
57.6907
49.8434
40.3253
40.3165
58.7456
57.7068
49.8498
40.343
60.0027
58.7722
49.865
60.0181
58.7867
40.3508
58.7799
57.7356
49.8671
58.792
58.7938
50.0691
41.0912
60.0316
58.7715
51.3357
43.378
58.9028
44.8363
35.2477
51.4181
58.2826
59.8806
58.7437
58.584
60.4159
58.6918
59.2063
58.8032
60.7554
59.507
58.9641
60.9883
59.0296
59.7176
59.0848
61.1599
59.8753
59.1795
61.2939
59.2263
59.9991
59.2568
61.4002
60.097
59.3208
61.4848
59.3579
60.1755
59.3744
61.5538
60.24
59.4198
61.6115
59.451
60.2943
59.4591
61.6606
60.3408
59.4938
61.7032
59.5217
60.3813
59.5247
61.7399
60.4152
59.5635
61.7031
61.4008
54.8381
30.9219
34.9501
31.4369
30.9577
31.052
31.6103
31.0795
31.1862
31.153
35.4151
31.7448
28.5526
27.7171
31.1747
31.2714
31.2336
31.8526
27.7495
31.251
31.3392
31.2989
35.7371
31.94
27.7566
28.7026
27.7823
30.769
30.8999
30.9346
31.3132
31.3933
31.3525
32.0114
27.7894
30.5134
31.062
30.5419
31.0876
30.8089
30.9455
30.9204
30.9732
31.3642
31.4366
31.3967
35.9345
32.0699
27.8218
28.8268
30.5501
31.0952
30.5733
31.1162
30.841
30.9281
30.9821
30.9477
31.0044
31.4063
31.4713
31.4332
32.1182
28.8797
30.58
30.5992
31.1401
30.8675
30.9541
31.0117
31.0299
31.4411
31.4993
31.4634
36.0576
32.1583
30.6048
30.621
30.8897
30.976
31.036
31.0511
31.47
31.5221
31.4886
32.1916
30.6257
31.165
30.6396
30.9085
31.0563
31.007
31.0689
31.4941
31.5409
31.5098
36.1388
32.2196
30.6437
30.656
30.9251
31.0113
31.0734
31.0843
31.5146
31.5569
31.5282
32.2433
30.6595
30.6698
31.2078
30.9385
31.088
31.0332
31.0951
31.5323
31.5685
31.5589
36.197
32.2637
31.3216
31.0977
31.5109
31.6278
32.0265
33.8662
33.0858
33.1017
36.947
24.7736
37.9247
35.0774
35.0147
35.3107
35.6704
35.796
35.7675
36.0317
36.0809
36.0696
36.1213
36.1832
36.3037
36.2176
31.485
35.2552
31.6468
39.3543
31.4626
39.423
35.4637
31.7739
31.6242
28.5114
31.6741
39.6053
35.6337
31.8762
31.8102
39.749
39.7919
31.8519
39.8294
31.9592
31.9648
28.6675
39.8667
31.9993
35.8716
32.0271
32.0924
40.0144
39.9894
40.04
32.1209
28.7521
40.0618
35.9531
32.0829
32.1976
28.7981
32.2212
40.1247
36.0176
32.1289
32.2847
40.1761
40.193
32.3043
28.8669
40.2068
32.1672
32.3573
28.9041
40.2222
32.3738
28.9157
36.1119
32.199
32.4183
40.2838
40.2734
40.2959
32.4322
40.3052
36.147
32.2258
32.47
32.482
40.3355
36.1766
32.2486
32.5116
40.3559
40.3634
40.3689
32.2765
40.4584
37.0058
31.2399
39.4797
33.4342
56.715
56.8451
56.8109
56.8903
56.8976
57.0127
57.0835
56.9753
57.0491
57.107
57.176
57.1627
57.2128
57.278
57.258
57.3418
57.2989
57.3611
57.3362
57.4142
57.4461
57.3705
57.4304
57.4318
57.4899
57.4593
57.485
57.5416
57.509
57.5764
57.5318
57.5874
57.5532
57.6184
57.6378
57.5735
57.6282
57.611
57.6651
57.6285
57.6454
57.699
57.6613
57.7206
57.6758
57.7282
57.6925
57.7635
63.638
57.8694
58.4929
68.2902
56.7971
58.5854
56.764
56.8553
58.7708
56.9742
58.9299
56.9374
57.011
57.9271
59.0651
57.116
57.0767
58.0294
57.1356
59.2779
57.2297
59.363
57.1884
58.1944
57.236
59.4376
57.3216
59.5029
57.2789
57.318
59.5609
57.3972
59.6124
57.3537
57.3866
58.4626
59.6588
57.4611
57.4172
58.501
57.4458
59.7387
57.5166
59.7734
57.4723
58.5681
57.4972
59.8055
57.5651
59.835
57.5205
57.5426
59.8626
57.6083
59.888
57.5635
57.5832
58.696
59.912
57.6471
57.602
58.7168
57.6199
59.9553
57.6824
59.975
57.637
58.7548
57.6535
59.994
57.7145
60.0109
57.669
57.6841
60.0238
57.7472
60.0303
57.7064
60.2219
54.5482
60.0533
72.1861
47.5002
31.0367
31.1357
31.1346
31.2313
31.2153
31.3072
31.2812
31.3678
31.3349
31.4162
28.1259
28.1251
31.3783
31.4549
31.4129
31.4861
31.4392
31.5113
31.4597
31.532
31.4766
31.5494
31.4911
31.5635
31.5073
31.5793
30.8417
30.8832
30.6536
30.9913
30.6893
31.0225
30.7831
31.1056
30.8108
31.1622
31.1118
31.1299
30.8849
27.7014
27.7082
28.532
26.5193
26.5206
31.1955
30.9071
31.2524
31.1965
31.2149
30.9671
27.7331
26.5235
26.5219
28.6117
27.7403
26.525
26.527
31.2679
30.9852
31.3241
31.266
31.2837
31.0343
27.7659
26.5309
26.5287
28.1243
27.7731
28.6852
26.5329
26.5353
30.8565
30.7564
30.7426
30.7337
30.887
30.8777
30.8671
30.9119
30.9241
31.3271
31.0491
31.3814
31.3225
31.34
31.0892
28.1241
27.7986
26.5401
26.5375
28.1243
28.1248
27.8057
26.5425
26.5453
30.8743
31.071
30.5235
30.8822
31.0794
30.5328
30.8964
30.7986
30.773
30.7661
30.9131
30.9046
30.955
30.9648
31.3757
31.1014
31.4271
31.3683
31.3863
31.1342
27.8307
26.5508
26.5478
28.8125
30.9039
31.1026
30.5584
30.9105
31.1095
30.5658
30.8325
30.7971
30.7915
30.9347
30.9897
30.9417
30.9977
31.4158
31.1441
31.4638
31.4051
31.4246
31.1709
30.9289
31.1287
30.5868
30.9346
31.1344
30.593
30.8602
30.8172
30.8125
30.9705
30.9655
30.9596
31.0178
31.0245
31.449
31.179
31.4933
31.4332
31.4563
31.2007
30.9507
31.1507
30.6106
30.9557
31.1556
30.6157
30.9807
30.8833
30.8345
30.8304
30.9901
31.0411
30.9858
31.0467
31.4766
31.2073
31.5173
31.4549
31.4827
31.2246
30.6307
30.6351
30.9949
30.9029
30.8496
30.846
31.0033
30.9988
31.0604
31.0652
31.4997
31.2297
31.537
31.4726
31.5048
31.2432
30.6481
30.6519
30.92
30.8631
30.8598
31.0221
31.0189
31.0149
31.077
31.0812
31.5193
31.2473
31.5537
31.4877
31.5238
31.2586
31.2011
30.6631
31.2044
30.6664
31.0257
31.0284
30.9341
30.874
30.8716
31.0905
31.0309
31.0928
31.5365
31.2622
31.5668
31.5001
31.542
31.2741
31.0364
31.2246
31.0123
30.9445
31.4445
31.1051
31.0396
31.0926
31.1331
31.8697
31.294
32.0042
31.6559
32.5344
32.1592
)
;
    }
    procBoundary3to0
    {
        type            processor;
        value           nonuniform List<scalar> 
87
(
0.407432
0.389101
0.355632
0.407136
0.388932
0.355478
0.406835
0.388732
0.355293
0.313638
0.406534
0.388508
0.355085
0.313667
0.399304
0.406239
0.388271
0.354858
0.313671
0.391331
0.385235
0.385235
0.364734
0.399083
0.405952
0.388025
0.354617
0.313655
0.391173
0.385119
0.385119
0.364615
0.398865
0.405675
0.387774
0.354367
0.313618
0.390997
0.384993
0.384993
0.364493
0.398649
0.405411
0.387521
0.354108
0.313563
0.390792
0.384851
0.384851
0.364362
0.398432
0.405155
0.387269
0.353843
0.313487
0.390561
0.384687
0.384687
0.364216
0.398208
0.404901
0.387012
0.35357
0.313392
0.390278
0.384473
0.384473
0.364035
0.397956
0.404631
0.386774
0.353282
0.313263
0.389936
0.384204
0.384204
0.363836
0.397709
0.404385
0.386467
0.352951
0.313133
0.39792
0.405902
0.390333
0.357446
0.315418
)
;
    }
    procBoundary3to1
    {
        type            processor;
        value           nonuniform List<scalar> 
100
(
0.484713
0.541059
0.743799
0.462072
3.92728
0.714222
0.881008
0.462072
0.549072
4.55999
1.01803
1.11836
1.57798
1.65681
1.65681
3.92728
0.997044
0.997044
1.30811
1.30811
4.00291
1.31335
4.84485
2.56085
2.82257
4.10555
4.65353
6.38519
4.10555
3.37748
2.35085
1.76197
2.5872
2.32974
3.92905
2.32891
3.81439
3.81537
5.88928
1.63798
3.19021
2.28141
2.32974
2.28201
1.9909
1.6372
2.35522
3.94229
2.33371
0.881008
0.5609
0.672554
0.672554
0.883326
0.673882
1.11836
0.741362
0.811714
2.35085
1.51392
2.05954
9.41902
17.8064
30.6734
10.0603
18.803
32.4357
9.889
18.635
32.263
9.42724
17.8162
30.6884
9.42847
17.9971
31.0111
9.59263
17.9717
31.2116
10.1346
18.9354
32.8052
10.1346
18.9354
32.8052
9.41902
17.8064
30.6734
9.67355
18.1144
31.135
11.9101
21.3963
36.8249
10.026
18.673
32.5808
9.47343
17.8788
30.765
)
;
    }
    procBoundary3to2
    {
        type            processor;
        value           nonuniform List<scalar> 
447
(
1.15219
1.15219
0.535912
1.14966
1.08
0.535403
1.07757
0.534888
1.07595
0.534386
0.534386
4.3425
3.97816
0.486658
0.984911
0.884535
0.463629
0.463629
0.664616
1.62949
2.35691
0.547309
0.5467
0.718041
0.662655
2.35464
0.546235
0.545648
0.660953
2.35217
0.545204
0.544647
0.659532
2.3495
0.544246
0.543729
1.62367
0.543364
0.745067
0.542878
0.744864
0.997824
0.542549
0.744713
0.542069
0.744513
0.997689
0.541672
0.744249
0.997401
1.69654
1.61609
1.61434
1.61334
1.61265
1.61191
1.50904
1.61168
1.61168
1.31277
3.97114
3.97114
0.999235
1.31262
1.31262
1.41116
1.41092
2.35691
2.35563
2.35563
1.41074
1.41069
2.35464
2.3532
2.3532
1.41064
1.41066
2.35217
2.35056
2.35056
1.41062
1.41062
2.3495
2.34777
2.34777
0.997824
0.997824
0.997782
0.997782
0.997689
0.997596
0.997596
0.997401
4.54697
1.15516
4.53717
4.53983
0.796074
1.14966
1.14966
0.79529
4.34574
3.90853
4.5315
3.90729
0.794454
1.0787
0.793725
3.90278
3.90096
0.79295
1.07669
0.792322
3.89512
3.89299
0.79166
1.0754
0.791153
4.61099
2.4864
2.35113
3.97583
2.74908
2.34985
4.5447
4.54233
2.58523
1.76202
1.76414
2.5823
2.57717
1.75885
2.57951
1.75732
4.5344
4.5315
2.57496
2.46573
1.75378
1.75378
1.75477
2.5731
2.5731
3.90441
3.90596
2.25852
1.61565
2.25792
1.61449
2.25684
2.25721
3.89712
3.89911
2.25611
1.61333
2.25568
1.6125
2.25476
2.25508
5.92024
3.88872
3.88872
3.89089
3.24143
2.25405
1.61207
2.25361
1.61143
2.2526
2.25298
3.85074
5.94837
3.97341
3.22309
2.34894
2.34894
2.35025
2.00553
2.35673
2.35673
2.35581
2.35581
2.35441
2.35441
2.35343
2.35343
2.35187
2.35187
2.35086
2.35086
2.34916
2.34916
2.34811
2.34811
3.8266
3.8266
5.90308
5.90308
5.89978
5.90138
1.64038
2.28803
1.6409
2.28754
1.64043
2.28647
2.28686
1.63992
5.89825
5.89675
5.89396
5.89396
5.89528
1.63935
2.28568
1.63993
2.28523
1.63935
2.28407
2.28453
1.63877
3.81741
3.81638
1.63806
2.28332
1.63873
2.28278
1.0754
0.7268
0.791153
0.970875
0.748386
0.675812
0.884155
0.884155
0.564226
0.675477
0.675477
0.547309
0.66329
0.5467
2.29711
1.23647
1.64315
0.546235
0.661461
0.545648
0.545204
0.659897
0.544647
0.544246
0.65861
0.967591
0.543729
0.745067
2.28803
1.23394
1.6409
2.2526
1.48089
1.99682
9.31786
9.43976
17.7624
17.7667
30.7185
30.4676
9.40452
18.2298
30.8139
9.38675
18.1833
30.9502
9.19482
17.7131
30.7038
9.43758
17.7662
30.4802
9.40005
18.216
30.8506
9.38232
18.1748
30.9804
9.45504
17.9889
30.8574
8.75844
16.8525
30.2439
8.75567
16.8497
30.2698
8.75461
16.8488
30.2788
8.75225
16.8475
30.3019
8.75132
16.8471
30.31
8.74932
16.8469
30.3309
8.74852
16.8468
30.3384
8.74687
16.8474
30.3575
9.43508
17.9894
30.9652
9.43508
17.9894
30.9652
9.59194
17.9554
31.1781
9.59114
9.59114
17.962
17.962
31.1939
31.1939
9.42978
17.9943
30.9995
9.32536
9.24641
18.0674
17.683
31.0787
30.6753
9.23534
17.6631
30.7695
9.22549
17.6522
30.8426
9.23811
17.6672
30.7477
9.22788
17.6543
30.8255
9.21781
17.4857
30.8446
9.21929
9.21929
17.6483
17.6483
30.8864
30.8864
9.43388
9.43388
17.7664
17.7664
30.5031
30.5031
9.60722
17.9248
31.0527
9.59248
17.9519
31.1696
9.59181
17.9571
31.1821
9.39115
18.1929
30.9186
9.37812
18.1676
31.0092
9.24365
17.6771
30.7008
9.2328
17.6597
30.7891
9.22336
17.6506
30.8578
9.39566
18.2038
30.8854
9.37812
18.1676
31.0092
9.24077
17.6716
30.7255
9.2302
17.6567
30.8083
9.22117
17.6493
30.873
9.43582
17.7664
30.4918
8.75758
16.8515
30.2524
8.75646
16.8504
30.2618
8.75389
16.8484
30.2863
8.75291
16.8478
30.2948
8.75072
16.8471
30.3167
8.74986
16.8468
30.3245
8.74804
16.847
30.3444
8.7473
16.8471
30.3516
9.59248
17.9519
31.1696
9.5923
17.9537
31.1738
9.59149
17.9587
31.1862
9.5914
17.9604
31.19
9.42928
17.9952
31.0034
9.429
17.9961
31.0071
)
;
    }
    procBoundary3to4
    {
        type            processor;
        value           nonuniform List<scalar> 
352
(
2.68453
1.0442
0.679505
0.679505
0.679505
0.556507
0.5245
0.467293
0.524312
0.965831
0.962394
0.390397
0.771862
0.771862
0.771862
0.522997
0.958493
0.522997
0.390297
0.390297
5.02609
5.02609
0.975442
0.779212
0.808443
0.751337
0.735819
0.736776
0.671428
0.669701
0.535121
0.570416
0.531354
0.471082
0.391108
2.7155
0.832811
1.28653
0.796904
1.10114
0.735819
0.735819
5.72805
4.37141
3.76161
1.53335
2.86359
9.25153
12.3396
1.53397
1.53397
1.53397
1.53397
1.19544
1.19544
1.19544
1.19544
1.19544
1.52141
1.52141
1.52141
1.52141
0.97065
1.51101
1.51101
1.51101
1.51101
0.965831
1.50293
1.50293
1.50293
1.50293
0.962394
1.49628
1.49628
1.49628
1.49628
1.49628
0.958493
0.958493
1.87214
1.0888
1.87214
1.87214
1.0888
1.20604
1.95023
1.90243
10.5876
8.0178
7.25471
17.51
13.6137
5.03232
4.36064
2.16192
2.55372
3.20751
3.20578
3.20184
3.20132
1.76629
1.57079
1.77113
1.56817
3.19872
3.20001
3.19859
3.19724
3.19569
3.19667
6.51849
5.70407
6.92016
6.6934
6.30285
6.10991
6.53176
6.53176
6.53176
2.42391
3.33341
2.42391
2.42391
10.8555
4.31674
5.98303
1.79396
0.990116
6.34561
1.9934
4.1876
4.1876
3.21866
1.99989
2.29502
1.53335
1.53335
1.53335
1.53335
0.982092
1.3577
1.3577
1.3577
1.3577
1.3577
0.821812
1.23306
0.832811
0.821812
5.67236
6.43688
2.03936
3.2244
3.19667
3.01518
3.0194
5.10699
5.70407
15.5108
15.5108
3.87212
2.16967
3.63276
2.27823
11.7944
11.6315
14.3287
14.6641
1.13356
0.803304
0.816989
0.803304
3.01518
2.73524
2.73524
1.87474
4.40484
2.45438
4.56595
2.56254
4.61666
2.46327
3.68193
2.46327
2.5309
1.88157
1.69265
0.941506
0.761083
0.705938
0.761083
0.705938
0.796904
0.733656
3.08453
1.95023
1.90243
0.733656
0.967222
6.61409
4.02844
6.54599
4.52391
2.82366
3.29245
1.9934
1.58857
2.29502
1.44573
4.5942
7.26628
7.12965
4.24044
3.39678
1.89864
2.98626
2.08769
4.36343
6.67722
4.37512
3.18193
2.39671
1.75737
2.71145
1.63542
1.67393
2.45438
2.56254
1.74237
1.76629
1.22508
1.56817
1.34818
2.10608
1.29845
1.69934
1.51577
8.89329
8.89329
16.1876
16.1876
28.4903
28.4903
14.686
28.2018
45.387
18.8446
34.7704
58.1617
18.0247
34.8213
58.2336
50.6462
97.0591
15.3846
29.037
48.3912
12.4636
22.9401
38.2859
12.4276
22.7982
38.6908
12.4164
22.7679
38.8077
12.3857
22.7094
39.1092
12.3762
22.697
39.1976
34.5696
15.3424
27.4399
45.0239
15.8799
28.1751
46.9129
14.4623
25.8388
42.9484
9.90599
11.2275
18.7471
20.9537
31.3846
34.8096
9.47368
18.1832
30.5292
8.38247
15.4506
27.6929
9.90599
18.7471
31.3846
8.89792
16.1914
28.4693
48.2038
25.0178
17.9053
33.2775
56.7473
17.5491
33.5395
57.3073
12.4512
22.8825
38.4316
12.4392
22.8356
38.5672
12.4059
22.744
38.9148
12.3954
22.7244
39.0168
12.3673
22.6877
39.2777
25.7911
57.328
15.6359
28.1706
46.5854
22.4987
44.0245
9.51898
18.2313
30.7966
10.0962
18.3549
31.404
12.3673
22.6877
39.2777
8.90315
16.1964
28.4479
23.7957
44.0137
74.3469
8.2277
15.0454
26.5184
8.2277
15.0454
26.5184
)
;
    }
    procBoundary3to5
    {
        type            processor;
        value           nonuniform List<scalar> 
373
(
0.557515
0.420893
0.336164
1.02541
0.557397
0.420804
0.336172
1.02518
0.557255
0.420693
0.336168
1.02496
0.557101
0.420569
0.33615
1.02475
0.556939
0.420428
0.336118
2.68895
0.55677
0.420277
0.336073
2.68241
0.556592
0.420106
0.33601
4.86286
2.67648
0.556388
0.419914
0.335925
4.85411
0.556128
0.419673
0.335804
4.84363
0.555707
0.419425
0.33571
0.555338
0.419292
0.33582
1.69988
1.69988
0.798862
1.70431
1.02548
0.798163
1.7038
1.7038
1.69889
1.69889
1.69937
0.798482
1.7033
1.02524
0.797799
1.70283
1.70283
1.698
1.698
1.69842
0.798136
1.70239
1.02502
0.797473
1.70197
1.70197
1.69722
1.69722
1.69759
0.797827
1.70158
1.0248
0.797179
1.70122
1.70122
1.35274
1.69686
0.797554
1.35274
1.35274
1.35274
1.35274
1.35274
0.796924
1.35235
1.35235
1.35235
0.797312
2.68302
1.35185
1.35185
1.35185
0.796693
1.35146
1.35146
1.35146
0.797092
2.67694
1.35096
1.35096
1.35096
0.79648
1.35056
1.35056
1.35056
0.796879
4.85664
1.35002
1.35002
1.35002
0.796225
1.34957
1.34957
1.34957
0.796615
4.84517
1.34904
1.34904
1.34904
0.795901
1.34861
1.34861
1.34861
0.796162
1.34786
2.91877
2.92042
1.8354
1.83152
0.795143
1.34745
2.92387
2.9449
1.83418
1.83473
0.795127
1.34947
3.27441
3.01559
1.87821
1.84481
0.793681
5.3331
5.33845
5.3331
5.37519
5.54024
7.60349
5.96322
2.68628
2.68628
2.68895
2.68895
2.6799
2.6799
2.68241
4.86286
2.67411
2.67648
4.85062
2.66884
2.6711
4.84152
2.92042
2.66431
1.8354
2.66627
5.00717
5.00655
2.34938
1.70431
2.34777
5.00582
5.00635
2.34721
2.34883
1.69937
5.00574
5.0053
2.34831
1.7033
2.34673
5.00492
5.00529
2.34624
2.34783
1.69842
5.00501
5.00501
3.69025
2.34739
1.70239
2.34584
3.68997
3.69038
2.34544
2.34699
1.69759
3.69016
3.68979
2.34663
1.70158
2.34513
3.68958
5.0049
3.68996
4.55607
2.34481
3.67416
2.34632
1.69686
2.45031
4.55266
4.55607
2.6856
2.6856
2.68302
2.67937
2.67937
2.67694
4.86021
2.67373
2.67144
4.84831
2.66857
2.66641
8.36525
15.4772
27.8532
8.36448
15.486
27.8833
8.84726
8.36436
16.2362
15.4956
28.9489
27.912
8.84831
16.2489
28.9794
8.85073
16.2664
29.0166
10.0349
18.5124
32.5411
10.0917
18.5884
32.643
16.6323
35.5231
23.7555
8.36503
15.4791
27.8618
8.84726
16.2362
28.9489
8.85258
16.2727
29.0237
8.05309
15.2649
28.1318
8.05248
15.2648
28.1281
8.05235
8.05235
15.2651
15.2651
28.1244
28.1244
8.05573
15.1467
27.2151
8.36464
15.4835
27.8769
8.36437
15.4929
27.906
8.84792
16.2447
28.9695
8.84945
16.2614
29.0081
10.3374
18.8931
33.1463
11.1983
20.1226
34.8613
8.05594
15.147
27.217
8.05599
15.1471
27.2152
8.05552
15.1464
27.2136
8.05559
15.1464
27.212
8.36559
15.4749
27.8465
8.36478
15.4815
27.8684
8.36443
15.4881
27.8916
8.36434
15.4907
27.8978
8.84767
16.2406
28.9593
8.84853
16.2528
28.9893
8.84897
16.2569
28.9988
10.0211
18.494
32.5204
10.0211
18.494
32.5204
8.0522
15.2649
28.125
8.05241
15.265
28.1254
8.05535
8.05242
15.146
15.2652
27.2122
28.1264
8.05272
15.2647
28.1305
8.05277
15.265
28.1291
8.05257
15.265
28.1269
8.05228
15.2648
28.1262
8.05579
15.1467
27.2134
8.36591
15.4731
27.8376
8.22223
15.0539
26.5535
8.36591
15.4731
27.8376
)
;
    }
}


// ************************************************************************* //
